# Time-averaged data for fix msd_avg
# TimeStep c_msd_water[1] c_msd_water[2] c_msd_water[3] c_msd_water[4]
601000 0.605713 0.62309 0.637216 1.86602
602000 1.51305 1.38446 1.47602 4.37354
603000 2.35136 2.18828 2.51856 7.05821
604000 3.06198 3.00645 3.48609 9.55453
605000 3.74577 4.07524 4.68404 12.505
606000 4.66038 5.42088 5.72264 15.8039
607000 5.47656 6.37079 6.43332 18.2807
608000 6.23013 7.13493 7.23751 20.6026
609000 7.18962 8.211 7.89732 23.2979
610000 8.1352 8.93733 8.59044 25.663
611000 9.13108 9.71345 9.31998 28.1645
612000 9.98425 10.6551 10.2655 30.9049
613000 10.985 11.3717 11.0716 33.4284
614000 11.9616 12.0692 11.6833 35.7142
615000 12.7848 12.835 12.4201 38.04
616000 13.4732 13.603 13.218 40.2942
617000 14.1102 14.4992 14.4281 43.0375
618000 15.2028 15.4276 15.1493 45.7797
619000 15.6903 15.96 16.315 47.9653
620000 16.8572 16.9935 17.618 51.4688
621000 18.0215 17.6267 18.5949 54.2431
622000 18.9025 19.0121 19.1117 57.0263
623000 19.8322 19.6932 20.275 59.8004
624000 21.6852 20.0556 21.0924 62.8332
625000 23.1972 21.0612 22.5294 66.7878
626000 23.9625 22.3001 23.7856 70.0481
627000 24.9323 23.0867 25.0174 73.0364
628000 25.7516 24.2653 25.3767 75.3937
629000 26.0533 24.7201 26.186 76.9594
630000 26.3685 25.6422 27.7375 79.7482
631000 26.4514 25.8413 28.8708 81.1636
632000 27.2949 26.637 29.9201 83.8521
633000 27.7449 27.6535 30.3744 85.7728
634000 28.6516 28.4245 30.7636 87.8398
635000 29.4067 29.053 32.0496 90.5093
636000 29.8104 30.0188 32.6147 92.4439
637000 30.8027 30.9493 34.0308 95.7828
638000 31.8833 32.1714 35.2735 99.3282
639000 32.0602 33.2286 36.6076 101.896
640000 32.4785 34.1119 38.1753 104.766
641000 33.3291 35.1569 38.8137 107.3
642000 34.0705 36.0888 38.8823 109.042
643000 34.8439 37.1527 40.4098 112.406
644000 35.6533 38.0215 41.8596 115.534
645000 36.1785 38.7437 42.1564 117.079
646000 37.2418 39.4176 43.4493 120.109
647000 37.7117 40.3263 45.2436 123.282
648000 38.0584 41.5436 46.074 125.676
649000 38.536 42.3648 45.8227 126.723
650000 39.555 44.0297 46.6051 130.19
651000 40.3764 45.6264 47.9624 133.965
652000 40.8202 46.1261 48.6981 135.644
653000 41.6159 47.2482 49.9281 138.792
654000 42.7588 47.9001 51.3661 142.025
655000 43.7141 49.1822 52.3574 145.254
656000 44.3664 49.2555 53.3443 146.966
657000 45.2186 49.7657 53.815 148.799
658000 45.5415 50.1596 55.4193 151.12
659000 46.5749 51.2148 56.8291 154.619
660000 47.5499 52.0218 57.2555 156.827
661000 48.1266 53.4322 57.7844 159.343
662000 48.8322 54.205 58.4007 161.438
663000 49.5516 54.7821 59.9806 164.314
664000 51.0081 56.3439 59.5029 166.855
665000 52.1744 58.1368 59.26 169.571
666000 53.3601 58.403 60.0081 171.771
667000 54.4846 59.5233 61.0681 175.076
668000 56.2194 60.6518 62.1356 179.007
669000 57.212 61.1883 63.2745 181.675
670000 57.9994 61.9805 63.8725 183.852
671000 59.478 63.6089 64.9724 188.059
672000 60.5056 64.6645 65.6843 190.854
673000 61.6285 66.0516 66.8709 194.551
674000 63.0627 67.4904 68.3446 198.898
675000 63.634 68.1725 69.4678 201.274
676000 65.1457 68.7935 70.9371 204.876
677000 66.1714 68.608 71.167 205.946
678000 66.9023 69.9012 72.0743 208.878
679000 66.4926 70.1228 73.1655 209.781
680000 67.4895 71.7674 74.1137 213.371
681000 67.8306 73.1679 75.2058 216.204
682000 69.2194 74.0741 76.8689 220.162
683000 69.9095 73.8828 77.4676 221.26
684000 71.2494 74.5319 78.7985 224.58
685000 72.2143 75.1676 79.7669 227.149
686000 73.6294 76.9872 81.3663 231.983
687000 74.9657 78.0115 82.1146 235.092
688000 75.2144 78.5953 83.402 237.212
689000 75.6097 79.7402 84.4401 239.79
690000 76.4118 80.687 85.6392 242.738
691000 77.332 81.4195 87.3299 246.081
692000 77.8931 82.6514 86.7668 247.311
693000 77.847 82.6822 86.6954 247.225
694000 78.7072 83.6663 88.2376 250.611
695000 78.6997 83.9688 88.866 251.535
696000 78.9326 84.8007 89.3215 253.055
697000 79.6737 86.0495 89.8224 255.546
698000 81.0005 87.4618 90.1964 258.659
699000 81.5545 87.98 89.5847 259.119
700000 82.5163 88.7302 90.2238 261.47
701000 84.1149 89.3439 91.3675 264.826
702000 84.9113 90.4434 91.9945 267.349
703000 85.0059 91.6731 92.8132 269.492
704000 84.9914 92.0694 93.326 270.387
705000 85.8859 93.2115 94.3435 273.441
706000 86.6987 93.5938 94.5198 274.812
707000 87.5452 94.6869 96.5182 278.75
708000 88.4834 94.9516 97.9202 281.355
709000 89.9379 95.7524 99.2064 284.897
710000 90.6362 96.1166 100.359 287.112
711000 91.0097 96.6778 101.073 288.761
712000 91.9244 98.2073 101.651 291.782
713000 92.6166 98.9617 102.639 294.217
714000 93.7754 100.256 103.697 297.728
715000 95.1055 100.528 104.196 299.829
716000 96.2229 101.535 104.74 302.498
717000 98.1117 102.813 105.795 306.72
718000 99.0028 103.218 105.924 308.144
719000 99.4848 103.697 105.847 309.029
720000 99.3727 104.42 106.655 310.448
721000 99.6307 104.515 107.223 311.369
722000 99.5969 106.076 108.683 314.355
723000 101.411 107.305 109.713 318.429
724000 101.672 108.335 110.087 320.094
725000 101.882 108.5 110.747 321.129
726000 101.99 109.81 112.017 323.817
727000 102.922 110.982 112.63 326.534
728000 104.823 111.716 113.616 330.156
729000 106.779 112.917 115.536 335.233
730000 106.619 113.272 116.483 336.375
731000 108.441 114.185 116.78 339.406
732000 108.97 114.818 116.608 340.396
733000 109.477 114.972 117.155 341.604
734000 110.274 116.92 119.073 346.267
735000 111.286 119.059 120.133 350.478
736000 111.487 120.103 121.035 352.625
737000 112.835 121.129 121.017 354.981
738000 113.641 122.749 122.357 358.747
739000 114.882 123.758 123.714 362.354
740000 115.649 124.921 123.689 364.259
741000 115.68 125.388 124.63 365.697
742000 116.967 125.931 126.284 369.182
743000 118.121 127.238 127.166 372.524
744000 118.776 128.193 128.405 375.374
745000 119.866 128.341 129.23 377.437
746000 120.685 129.744 129.65 380.08
747000 121.255 130.226 130.58 382.061
748000 122.296 131.473 131.82 385.588
749000 122.695 131.517 132.669 386.881
750000 123.546 132.543 133.617 389.706
751000 124.792 132.406 134.039 391.237
752000 125.654 133.113 134.183 392.95
753000 126.286 133.787 136.197 396.27
754000 126.706 134.145 136.549 397.4
755000 127.176 134.605 137.152 398.933
756000 128.475 134.397 137.38 400.253
757000 128.559 135.47 139.106 403.135
758000 129.536 136.585 139.946 406.067
759000 131.705 138.105 142.103 411.912
760000 132.765 139.163 144.112 416.04
761000 132.028 137.978 144.004 414.01
762000 133.023 139.101 145.166 417.29
763000 133.784 139.787 145.846 419.417
764000 134.379 141.433 146.142 421.955
765000 134.326 142.749 146.95 424.025
766000 136.099 145.178 148.142 429.42
767000 136.521 145.146 149.572 431.239
768000 137.512 145.478 150.576 433.566
769000 138.427 144.997 150.94 434.364
770000 138.724 145.439 150.843 435.006
771000 139.572 146.19 151.605 437.367
772000 142.47 148.499 153.149 444.118
773000 142.648 149.608 153.386 445.642
774000 143.329 149.118 154.389 446.837
775000 144.087 149.713 155.141 448.94
776000 144.827 150.728 155.915 451.47
777000 145.168 151.655 156.216 453.039
778000 145.741 152.671 156.42 454.833
779000 147.48 154.399 157.055 458.934
780000 148.918 154.617 157.757 461.293
781000 149.736 155.384 157.903 463.023
782000 150.42 155.251 159.665 465.335
783000 151.382 156.725 161.267 469.373
784000 152.077 156.436 163.237 471.75
785000 152.451 156.569 163.908 472.928
786000 154.984 158.145 164.301 477.431
787000 155.524 160.234 164.845 480.603
788000 156.041 160.591 164.947 481.579
789000 156.991 161.685 166.274 484.95
790000 157.76 163.396 167.144 488.3
791000 158.929 164.709 169.159 492.797
792000 159.437 164.387 169.98 493.804
793000 160.959 166.336 171.588 498.883
794000 161.761 166.38 171.877 500.019
795000 161.468 166.495 172.848 500.812
796000 161.044 166.945 173.237 501.226
797000 162.257 168.151 174.216 504.625
798000 163.358 168.873 174.617 506.847
799000 165.434 169.89 175.57 510.895
800000 167.731 172.822 177.415 517.968
801000 167.439 173.343 177.362 518.144
802000 167.654 173.579 176.672 517.904
803000 169.577 173.498 177.155 520.231
804000 172.067 174.513 179.505 526.086
805000 172.588 173.75 179.591 525.929
806000 173.968 174.157 178.343 526.468
807000 175.241 176.207 179.828 531.276
808000 177.621 178.294 181.242 537.157
809000 179.718 179.531 183.489 542.738
810000 180.241 180.081 184.09 544.411
811000 179.687 180.924 184.664 545.276
812000 180.202 181.346 185.172 546.72
813000 180.514 181.718 185.315 547.547
814000 181.844 183.958 185.646 551.448
815000 182.747 184.939 185.987 553.673
816000 184.188 184.857 187.516 556.561
817000 185.366 186.635 189.227 561.228
818000 186.156 189.799 190.869 566.824
819000 186.188 191.262 190.342 567.792
820000 186.706 193.491 190.861 571.059
821000 187.552 193.73 191.864 573.146
822000 188.709 193.765 193.325 575.799
823000 189.34 195.649 194.565 579.554
824000 191.062 195.969 194.288 581.318
825000 191.081 196.478 194.323 581.883
826000 189.55 194.975 193.928 578.452
827000 191.113 194.931 195.866 581.909
828000 192.329 195.925 197.66 585.913
829000 192.555 196.857 198.771 588.184
830000 194.114 197.289 199.451 590.853
831000 196.158 198.287 199.937 594.382
832000 197.267 198.761 201.673 597.701
833000 198.179 199.222 202.578 599.978
834000 199.282 200.095 203.543 602.92
835000 199.989 200.004 203.404 603.397
836000 201.23 201.106 203.676 606.012
837000 203.429 203.722 203.915 611.066
838000 204.743 203.486 204.187 612.415
839000 205.69 204.49 204.008 614.187
840000 207.644 206.089 204.545 618.278
841000 207.698 206.616 205.408 619.722
842000 210.035 208.383 208.422 626.84
843000 210.551 208.833 208.404 627.789
844000 210.993 208.471 209.759 629.222
845000 211.088 207.262 209.824 628.174
846000 212.812 209.328 210.715 632.855
847000 212.448 209.524 210.997 632.968
848000 213.394 210.854 210.703 634.951
849000 213.728 212.681 210.603 637.012
850000 215.012 213.352 210.233 638.597
851000 215.654 213.4 210.889 639.943
852000 217.48 215.288 212.551 645.319
853000 219.169 217.561 213.294 650.024
854000 219.892 218.98 214.498 653.37
855000 221.356 220.13 215.71 657.195
856000 222.002 221.536 216.912 660.451
857000 220.963 223.328 217.534 661.826
858000 221.943 224.954 218.258 665.155
859000 222.612 227.544 219.037 669.193
860000 223.276 227.605 218.299 669.18
861000 224.701 227.506 218.434 670.641
862000 226.144 227.334 218.802 672.28
863000 226.961 228.918 219.487 675.365
864000 228.28 231.122 221.634 681.035
865000 229.999 232.425 223.439 685.863
866000 231.518 233.458 224.849 689.826
867000 231.482 232.818 223.845 688.145
868000 234.659 233.787 225.19 693.636
869000 235.674 235.292 226.408 697.373
870000 235.343 235.225 225.6 696.168
871000 235.392 236.256 226.21 697.858
872000 237.379 238.088 227.537 703.005
873000 237.563 239.05 228.973 705.586
874000 236.333 239.25 229.613 705.196
875000 236.309 238.501 228.629 703.439
876000 236.066 239.048 229.73 704.843
877000 237.495 239.606 230.196 707.297
878000 238.951 240.775 231.083 710.809
879000 239.472 241.51 233.234 714.216
880000 239.541 243.228 235 717.77
881000 240.71 244.811 235.396 720.917
882000 242.443 245.442 237.04 724.925
883000 241.774 244.215 234.401 720.391
884000 241.244 244.756 235.187 721.186
885000 243.355 246.886 236.859 727.1
886000 244.621 248.342 237.409 730.372
887000 243.789 249.654 237.137 730.58
888000 244.538 248.714 237.863 731.115
889000 245.653 250.806 238.567 735.025
890000 246.158 251.761 240.265 738.184
891000 246.474 252.416 241.907 740.797
892000 248.144 254.04 242.259 744.444
893000 250.044 255.517 243.471 749.032
894000 249.216 254.777 243.747 747.74
895000 250.229 257.449 246.544 754.223
896000 251.486 258.584 248.869 758.939
897000 251.128 256.974 249.042 757.145
898000 251.11 257.218 249.738 758.066
899000 250.323 257.994 249.349 757.667
900000 251.224 258.593 250.226 760.043
901000 252.446 260.835 252.501 765.782
902000 251.918 259.572 251.514 763.003
903000 251.98 260.395 251.202 763.577
904000 254.364 262.374 252.72 769.458
905000 254.085 261.396 252.184 767.665
906000 254.603 263.066 253.528 771.197
907000 255.341 263.865 253.441 772.647
908000 257.18 264.987 253.521 775.689
909000 257.785 265.71 255.453 778.948
910000 257.692 266.973 257.21 781.875
911000 257.13 267.687 257.38 782.197
912000 258.269 269.688 259.736 787.693
913000 258.538 270.433 261.623 790.594
914000 258.876 271.923 262.125 792.924
915000 259.365 272.197 262.665 794.227
916000 262.244 273.297 265.737 801.279
917000 263.386 275.024 266.384 804.793
918000 263.58 274.565 265.919 804.065
919000 263.689 275.939 266.989 806.617
920000 265.82 278.373 269.999 814.192
921000 267.181 280.697 273.138 821.017
922000 266.346 280.431 272.654 819.431
923000 267.029 282.312 273.207 822.548
924000 268.107 283.561 272.941 824.609
925000 270.444 284.535 276.083 831.062
926000 271.572 284.616 276.806 832.994
927000 271.349 284.956 276.33 832.635
928000 272.061 286.134 276.88 835.076
929000 273.803 288.888 278.879 841.57
930000 272.813 289.869 278.767 841.449
931000 272.853 290.455 280.61 843.918
932000 273.452 293.123 281.491 848.066
933000 272.701 294.671 281.65 849.021
934000 273.278 293.832 282.458 849.568
935000 276.271 295.497 284.151 855.919
936000 277.635 297.013 286.279 860.928
937000 279.824 299.103 288.839 867.765
938000 279.836 297.401 288.211 865.448
939000 281.868 298.673 289.201 869.742
940000 282.198 298.886 289.14 870.223
941000 282.879 298.359 289.858 871.097
942000 284.627 298.801 292.441 875.869
943000 285.741 299.291 291.413 876.444
944000 286.612 302.766 293.586 882.965
945000 288.988 304.639 295.427 889.053
946000 289.472 303.936 296.452 889.86
947000 288.506 304.055 296.75 889.312
948000 287.965 302.875 295.861 886.701
949000 291.542 308.181 300.791 900.514
950000 289.336 307.706 302.298 899.34
951000 290.693 309.439 306.297 906.429
952000 290.06 308.545 306.933 905.539
953000 291.515 309.551 310.208 911.274
954000 290.736 308.553 310.171 909.461
955000 291.475 310.27 312.017 913.762
956000 292.803 312.464 313.562 918.829
957000 294.186 313.209 313.716 921.111
958000 291.879 310.624 312.191 914.695
959000 294.317 311.556 315.073 920.945
960000 295.713 312.642 317.321 925.676
961000 295.742 311.728 317.587 925.057
962000 296.371 311.823 317.639 925.833
963000 298.768 312.525 317.745 929.038
964000 300.687 313.942 317.912 932.54
965000 301.387 314.131 318.618 934.136
966000 303.158 315.868 320.547 939.574
967000 303.189 316.714 321.653 941.556
968000 304.162 317.8 323.612 945.574
969000 305.983 319.016 324.742 949.741
970000 309.844 321.871 327.364 959.079
971000 308.477 321.314 325.525 955.316
972000 309.933 322.467 326.512 958.911
973000 312.188 323.116 326.488 961.792
974000 314.196 323.336 326.929 964.461
975000 316.128 325.523 328.631 970.283
976000 317.929 327.704 330.591 976.224
977000 318.51 329.781 332.967 981.258
978000 317.229 328.087 332.048 977.364
979000 316.394 328.675 331.342 976.411
980000 317.895 330 333.913 981.808
981000 317.065 329.643 333.402 980.11
982000 316.197 328.912 332.395 977.504
983000 317.022 331.272 333.929 982.224
984000 316.613 332.791 335.453 984.857
985000 317.672 334.029 337.369 989.069
986000 320.828 337.307 339.918 998.053
987000 320.467 338.004 341.311 999.783
988000 318.668 337.793 342.473 998.934
989000 318.752 338.145 344.046 1000.94
990000 318.864 338.728 343.973 1001.56
991000 319.34 340.213 346.092 1005.65
992000 320.25 340.78 348.266 1009.3
993000 321.256 340.462 349.998 1011.72
994000 323.212 341.836 351.317 1016.36
995000 324.313 343.936 352.54 1020.79
996000 325.255 345.503 352.084 1022.84
997000 325.23 346.65 352.644 1024.52
998000 326.969 347.79 355.038 1029.8
999000 324.749 347.129 352.684 1024.56
1000000 326.422 348.983 354.15 1029.56
1001000 327.87 350.666 356.593 1035.13
1002000 329.876 350.342 356.811 1037.03
1003000 330.138 350.063 357.585 1037.79
1004000 331.134 350.228 358.706 1040.07
1005000 332.34 352.532 359.432 1044.3
1006000 333.036 354.303 359.393 1046.73
1007000 334.272 354.758 358.537 1047.57
1008000 334.042 355.021 357.247 1046.31
1009000 335.816 356.928 358.061 1050.81
1010000 337.803 357.044 360.033 1054.88
1011000 336.87 356.197 361.51 1054.58
1012000 336.114 356.707 362.183 1055
1013000 337.82 357.477 362.203 1057.5
1014000 339.535 358.36 363.71 1061.61
1015000 342.279 359.892 366.342 1068.51
1016000 343.274 360.647 367.726 1071.65
1017000 345.483 360.632 368.265 1074.38
1018000 345.66 359.908 368.094 1073.66
1019000 345.511 360.746 368.749 1075.01
1020000 346.911 362.774 372.083 1081.77
1021000 346.556 364.16 374.536 1085.25
1022000 346.351 364.857 373.013 1084.22
1023000 346.21 367.022 374.347 1087.58
1024000 346.25 368.729 377.099 1092.08
1025000 346.6 370.57 378.521 1095.69
1026000 347.682 372.473 380.261 1100.42
1027000 347.311 373.6 378.709 1099.62
1028000 347.313 374.128 377.211 1098.65
1029000 348.249 373.797 378.048 1100.09
1030000 348.593 374.41 378.634 1101.64
1031000 347.098 372.982 378.068 1098.15
1032000 348.774 373.51 380.459 1102.74
1033000 349.507 373.9 381.067 1104.47
1034000 351.829 375.738 383.878 1111.44
1035000 352.347 376.428 384.659 1113.43
1036000 354.085 379.375 386.086 1119.55
1037000 353.823 379.135 386.255 1119.21
1038000 356.135 381.388 387.359 1124.88
1039000 356.873 381.264 388.813 1126.95
1040000 357.292 379.996 390.443 1127.73
1041000 356.209 379.155 390.745 1126.11
1042000 357.468 379.276 391.78 1128.52
1043000 357.507 379.079 390.44 1127.03
1044000 357.353 380.633 392.212 1130.2
1045000 359.939 382.663 393.921 1136.52
1046000 361.113 382.211 393.856 1137.18
1047000 360.534 383.327 395.512 1139.37
1048000 362.023 384.953 398.722 1145.7
1049000 361.615 386.451 399.229 1147.3
1050000 361.84 386.095 399.987 1147.92
1051000 362.553 385.657 400.401 1148.61
1052000 363.886 387.07 401.663 1152.62
1053000 364.506 386.584 400.597 1151.69
1054000 362.49 385.263 399.483 1147.24
1055000 362.905 385.211 401.908 1150.02
1056000 362.634 386.441 403.826 1152.9
1057000 366.354 389.037 406.672 1162.06
1058000 366.227 389.224 405.437 1160.89
1059000 369.318 393.155 408.354 1170.83
1060000 366.681 390.423 406.814 1163.92
1061000 367.991 391.35 409.029 1168.37
1062000 370.839 392.453 410.856 1174.15
1063000 370.655 391.234 409.81 1171.7
1064000 371.887 392.848 410.645 1175.38
1065000 373.079 392.504 411.678 1177.26
1066000 375.333 394.234 413.597 1183.16
1067000 375.568 392.351 414.809 1182.73
1068000 375.052 392.935 416.023 1184.01
1069000 376.117 394.918 418.201 1189.24
1070000 378.878 396.55 418.35 1193.78
1071000 380.026 397.055 419.295 1196.38
1072000 379.461 398.654 418.324 1196.44
1073000 381.544 399.164 420.672 1201.38
1074000 384.016 399.474 420.186 1203.68
1075000 387.76 402.541 424.56 1214.86
1076000 387.175 401.804 422.344 1211.32
1077000 389.437 404.381 422.517 1216.34
1078000 389.411 405.839 423.931 1219.18
1079000 391.647 407.032 425.753 1224.43
1080000 392.916 403.296 424.772 1220.98
1081000 393.28 403.812 424.655 1221.75
1082000 393.823 404.937 424.593 1223.35
1083000 394.406 407.087 425.533 1227.03
1084000 396.907 410.17 427.468 1234.55
1085000 398.876 413.051 429.582 1241.51
1086000 399.13 414.669 429.802 1243.6
1087000 397.887 415.824 429.329 1243.04
1088000 399.05 417.41 431.219 1247.68
1089000 399.25 417.877 430.845 1247.97
1090000 400.34 420.173 430.867 1251.38
1091000 403.926 420.806 432.929 1257.66
1092000 402.95 419.433 432.09 1254.47
1093000 404.096 420.992 433.137 1258.23
1094000 403.405 421.954 433.524 1258.88
1095000 405.815 423.201 435.05 1264.07
1096000 406.621 424.038 436.766 1267.42
1097000 406.705 425.926 436.826 1269.46
1098000 407.308 425.386 436.913 1269.61
1099000 408.169 426.522 438.49 1273.18
1100000 408.185 428.3 439.645 1276.13
1101000 409.867 429.105 438.935 1277.91
1102000 410.557 429.338 439.335 1279.23
1103000 409.708 429.809 440.34 1279.86
1104000 409.809 430.273 440.203 1280.29
1105000 411.535 432.427 441.396 1285.36
1106000 411.702 432.76 441.382 1285.84
1107000 413.319 436.593 444.552 1294.46
1108000 414.044 437.807 445.743 1297.59
1109000 414.591 438.75 447.91 1301.25
1110000 414.691 441.01 449.526 1305.23
1111000 414.676 441.346 449.243 1305.27
1112000 415.255 439.56 449.736 1304.55
1113000 418.655 443.354 454.137 1316.14
1114000 419.519 443.439 452.976 1315.93
1115000 420.509 443.055 454.952 1318.52
1116000 419.922 442.393 453.505 1315.82
1117000 422.112 444.708 454.37 1321.19
1118000 422.75 445.031 454.873 1322.65
1119000 424.408 446.332 457.052 1327.79
1120000 423.605 442.579 456.17 1322.35
1121000 426.372 444.902 459.019 1330.29
1122000 426.137 443.865 457.699 1327.7
1123000 425.261 443.649 458.165 1327.07
1124000 427.811 445.48 462.139 1335.43
1125000 432.114 449.097 465.609 1346.82
1126000 428.988 446.778 463.245 1339.01
1127000 429.282 448.444 464.559 1342.28
1128000 430.892 448.977 465.818 1345.69
1129000 431.434 450.52 468.502 1350.46
1130000 432.52 450.563 468.954 1352.04
1131000 434.04 449.411 469.074 1352.52
1132000 434.638 449.049 470.55 1354.24
1133000 438.125 452.212 475.724 1366.06
1134000 437.782 450.379 475.719 1363.88
1135000 437.434 448.532 476.619 1362.59
1136000 437.017 449.5 476.834 1363.35
1137000 438.059 451.417 479.011 1368.49
1138000 440.703 452.031 481.933 1374.67
1139000 440.568 453.55 481.431 1375.55
1140000 439.053 453.655 479.386 1372.09
1141000 440.519 453.146 481.101 1374.77
1142000 442.138 453.66 483.632 1379.43
1143000 441.836 453.051 481.768 1376.65
1144000 440.836 452.311 480.003 1373.15
1145000 441.888 453.847 480.393 1376.13
1146000 442.086 455.788 482.96 1380.83
1147000 441.057 453.359 480.387 1374.8
1148000 444.207 454.713 481.032 1379.95
1149000 447.479 455.69 484.278 1387.45
1150000 448.042 455.938 484.634 1388.61
1151000 448.891 456.528 484.657 1390.08
1152000 450.829 457.591 485.817 1394.24
1153000 451.883 458.003 486.134 1396.02
1154000 451.7 457.208 483.833 1392.74
1155000 452.481 457.432 483.943 1393.85
1156000 454.203 458.685 487.261 1400.15
1157000 454.306 457.856 485.687 1397.85
1158000 458.209 460.24 487.049 1405.5
1159000 461.281 462.468 490.372 1414.12
1160000 462.813 465 491.14 1418.95
1161000 462.455 465.347 493.552 1421.35
1162000 462.485 466.949 494.11 1423.54
1163000 462.473 468.004 493.041 1423.52
1164000 463.353 468.55 494.273 1426.18
1165000 464.875 468.514 493.711 1427.1
1166000 465.739 468.072 491.118 1424.93
1167000 467.974 469.038 493.928 1430.94
1168000 470.258 470.882 496.729 1437.87
1169000 469.33 470.922 496.481 1436.73
1170000 469.109 472.325 497.811 1439.25
1171000 470.844 473.086 498.93 1442.86
1172000 472.524 472.968 500.292 1445.78
1173000 471.041 471.783 498.778 1441.6
1174000 473.852 473.611 500.128 1447.59
1175000 474.993 475.559 502.194 1452.75
1176000 474.84 475.384 500.711 1450.94
1177000 478.917 478.554 503.155 1460.63
1178000 477.954 476.608 502.073 1456.64
1179000 479.753 478.782 505.447 1463.98
1180000 481 480.843 509.523 1471.37
1181000 479.521 481.028 509.143 1469.69
1182000 481.84 483.931 512.236 1478.01
1183000 481.481 481.878 511.359 1474.72
1184000 481.666 481.453 512.885 1476
1185000 483.703 482.585 515.798 1482.09
1186000 484.271 482.444 515.313 1482.03
1187000 483.304 484.838 517.445 1485.59
1188000 483.515 485.367 515.933 1484.81
1189000 485.796 487.905 515.566 1489.27
1190000 485.747 487.827 515.534 1489.11
1191000 486.377 488.883 516.553 1491.81
1192000 486.283 488.88 517.071 1492.23
1193000 488.566 491.931 519.12 1499.62
1194000 487.754 491.627 520.444 1499.83
1195000 488.945 492.211 522.812 1503.97
1196000 490.405 494.377 523.965 1508.75
1197000 492.861 496.418 525.289 1514.57
1198000 494.357 497.294 527.43 1519.08
1199000 494.617 497.083 526.44 1518.14
1200000 495.977 495.651 525.678 1517.31
1201000 499.194 499.487 528.75 1527.43
1202000 499.007 498.866 529.261 1527.13
1203000 498.605 498.432 529.255 1526.29
1204000 503.492 501.344 531.44 1536.28
1205000 503.943 503.18 533.371 1540.49
1206000 502.716 501.386 530.832 1534.93
1207000 503.655 503.258 530.065 1536.98
1208000 503.143 503.328 528.87 1535.34
1209000 502.115 503.371 529.513 1535
1210000 503.112 504.949 529.969 1538.03
1211000 505.768 504.478 532.361 1542.61
1212000 508.737 507.409 535.762 1551.91
1213000 507.476 506.464 533.774 1547.71
1214000 508.306 506.132 532.197 1546.63
1215000 509.145 508.343 535.106 1552.6
1216000 508.887 507.064 535.326 1551.28
1217000 509.053 506.842 537.498 1553.39
1218000 509.343 506.52 537.672 1553.53
1219000 510.996 509.51 540.752 1561.26
1220000 509.892 509.57 541.861 1561.32
1221000 511.139 510.948 543.671 1565.76
1222000 510.172 510.597 542.888 1563.66
1223000 513.25 514.573 545.401 1573.22
1224000 512.993 514.252 544.307 1571.55
1225000 516.43 516.02 546.231 1578.68
1226000 517.866 517.248 547.009 1582.12
1227000 524.016 523.117 553.172 1600.31
1228000 523.801 521.211 553.334 1598.35
1229000 521.837 519.223 552.457 1593.52
1230000 522.314 519.629 552.229 1594.17
1231000 521.239 518.657 550.981 1590.88
1232000 524.094 523.225 555.388 1602.71
1233000 522.547 519.962 552.637 1595.15
1234000 522.328 521.245 551.79 1595.36
1235000 522.862 521.471 550.978 1595.31
1236000 524.591 524.098 553.465 1602.15
1237000 524.585 524.27 555.349 1604.2
1238000 525.749 523.467 555.325 1604.54
1239000 524.659 523.779 555.8 1604.24
1240000 527.782 524.734 557.714 1610.23
1241000 529.036 525.62 560.332 1614.99
1242000 526.932 524.647 559.766 1611.34
1243000 528.35 526.349 562.132 1616.83
1244000 531.317 529.143 566.816 1627.28
1245000 531.884 529.134 567.355 1628.37
1246000 530.846 530.502 567.967 1629.31
1247000 531.88 531.472 569.407 1632.76
1248000 531.961 532.739 568.898 1633.6
1249000 534.247 533.958 570.033 1638.24
1250000 534.133 535.075 571.93 1641.14
1251000 532.875 535.328 571.381 1639.58
1252000 532.591 535.522 570.68 1638.79
1253000 535.031 538.684 572.882 1646.6
1254000 532.599 538.99 572.365 1643.95
1255000 534.766 543.631 578.068 1656.46
1256000 534.412 543.271 578.624 1656.31
1257000 535.708 543.272 579.225 1658.2
1258000 537.973 545.481 582.293 1665.75
1259000 537.863 544.812 583.42 1666.1
1260000 537.675 546.078 582.802 1666.56
1261000 539.421 548.871 583.989 1672.28
1262000 540.352 550.058 583.898 1674.31
1263000 537.218 545.685 581.426 1664.33
1264000 542.414 550.003 585.67 1678.09
1265000 540.796 548.068 582.831 1671.69
1266000 540.44 546.799 583.967 1671.21
1267000 542.524 547.636 584.303 1674.46
1268000 544.403 550.265 584.317 1678.98
1269000 544.753 549.644 584.259 1678.65
1270000 542.664 549.2 584.917 1676.78
1271000 542.178 551.576 588.096 1681.85
1272000 546.235 555.123 594.044 1695.4
1273000 545.676 555.632 595.79 1697.1
1274000 542.546 552.755 591.776 1687.08
1275000 544.718 553.634 593.87 1692.22
1276000 549.388 557.064 597.206 1703.66
1277000 549.326 555.359 598.048 1702.73
1278000 549.167 557.262 598.011 1704.44
1279000 551.241 557.09 599.039 1707.37
1280000 549.283 553.524 596.912 1699.72
1281000 552.541 557.276 599.302 1709.12
1282000 552.77 557.592 598.106 1708.47
1283000 554.302 561.854 599.818 1715.97
1284000 551.623 558.981 598.48 1709.08
1285000 554.131 562.481 601.601 1718.21
1286000 553.903 560.685 601.634 1716.22
1287000 555.206 562.858 606.689 1724.75
1288000 557.223 564.981 607.506 1729.71
1289000 557.614 565.684 608.605 1731.9
1290000 558.021 568.105 610.159 1736.29
1291000 560.532 569.756 613.214 1743.5
1292000 560.973 569.767 613.042 1743.78
1293000 559.113 571.562 614.085 1744.76
1294000 558.516 573.315 616.072 1747.9
1295000 560.013 574.507 616.292 1750.81
1296000 560.196 573.933 614.832 1748.96
1297000 562.019 575.314 617.337 1754.67
1298000 561.973 575.89 618.546 1756.41
1299000 561.96 577.902 617.978 1757.84
1300000 562.025 580.425 618.971 1761.42
1301000 560.542 581.203 618.719 1760.46
1302000 563.536 582.312 621.881 1767.73
1303000 567.085 584.752 624.539 1776.38
1304000 566.993 585.655 625.357 1778
1305000 566.479 584.348 623.122 1773.95
1306000 568.192 584.514 622.848 1775.55
1307000 569.407 586.797 624.277 1780.48
1308000 569.266 587.722 624.067 1781.06
1309000 569.528 590.306 626.814 1786.65
1310000 570.164 591.475 629.072 1790.71
1311000 568.163 591.094 631.403 1790.66
1312000 570.862 594.204 635.503 1800.57
1313000 569.553 593.673 636.078 1799.3
1314000 573.059 594.881 639.004 1806.94
1315000 575.756 598.188 640.997 1814.94
1316000 573.831 595.274 637.322 1806.43
1317000 575.801 596.615 642.103 1814.52
1318000 575.824 599.247 643.323 1818.39
1319000 576.618 600.755 644.419 1821.79
1320000 576.446 603.068 646.372 1825.89
1321000 577.848 604.421 649.56 1831.83
1322000 576.854 604.616 649.789 1831.26
1323000 574.553 602.644 647.011 1824.21
1324000 576.619 603.431 648.516 1828.57
1325000 578.377 604.092 649.155 1831.62
1326000 580.832 606.91 651.59 1839.33
1327000 581.773 609.572 652.466 1843.81
1328000 582.008 609.126 651.537 1842.67
1329000 577.913 604.543 648.302 1830.76
1330000 579.492 605.512 648.944 1833.95
1331000 582.077 607.101 653.562 1842.74
1332000 582.459 607.322 654.871 1844.65
1333000 583.658 608.352 657.086 1849.1
1334000 587.33 612.358 661.521 1861.21
1335000 585.905 610.271 660.237 1856.41
1336000 586.55 611.209 660.863 1858.62
1337000 587.044 611.735 659.454 1858.23
1338000 585.864 610.279 659.641 1855.78
1339000 591.921 611.928 666.818 1870.67
1340000 590.49 609.789 666.719 1867
1341000 589.988 608.284 664.325 1862.6
1342000 592.327 610.271 667.479 1870.08
1343000 592.515 610.318 668.583 1871.42
1344000 594.722 612.629 670.81 1878.16
1345000 596.854 613.338 672.851 1883.04
1346000 596.114 613.654 672.398 1882.17
1347000 596.018 614.388 673.85 1884.26
1348000 594.318 612.673 673.418 1880.41
1349000 595.298 613.5 675.307 1884.11
1350000 595.674 613.452 674.204 1883.33
1351000 597.333 614.994 675.618 1887.95
1352000 594.849 611.645 672.73 1879.22
1353000 597.292 613.445 675.57 1886.31
1354000 600.237 615.547 680.101 1895.88
1355000 603.857 617.782 683.373 1905.01
1356000 603.99 615.721 681.257 1900.97
1357000 604.927 618.541 682.277 1905.75
1358000 608.517 621.491 683.975 1913.98
1359000 607.933 621.326 681.515 1910.77
1360000 609.873 624.277 683.603 1917.75
1361000 608.706 623.278 684.321 1916.31
1362000 607.761 623.108 687.18 1918.05
1363000 607.539 621.647 685.935 1915.12
1364000 607.726 621.685 686.238 1915.65
1365000 610.139 621.714 687.067 1918.92
1366000 612.508 625.441 689.461 1927.41
1367000 613.162 626.249 691.881 1931.29
1368000 615.55 628.1 695.476 1939.13
1369000 616.88 629.308 697.873 1944.06
1370000 614.903 630.493 696.689 1942.08
1371000 611.432 628.77 693.586 1933.79
1372000 613.216 629.602 694.496 1937.31
1373000 614.628 629.522 696.021 1940.17
1374000 618.304 631.89 699.412 1949.61
1375000 620.138 634.21 701.407 1955.76
1376000 620.603 636.038 703.557 1960.2
1377000 619.666 635.32 702.278 1957.26
1378000 618.629 635.724 702.693 1957.05
1379000 619.299 636.316 702.26 1957.88
1380000 618.382 635.767 701.489 1955.64
1381000 619.08 636.513 704.651 1960.24
1382000 622.078 638.091 707.586 1967.76
1383000 620.714 637.873 706.406 1964.99
1384000 623.907 641.533 710.887 1976.33
1385000 626.049 644.417 714.873 1985.34
1386000 626.946 644.669 715.395 1987.01
1387000 625.855 644.068 714.338 1984.26
1388000 629.837 647.313 717.422 1994.57
1389000 629.558 646.596 715.562 1991.72
1390000 634.544 650.872 719.638 2005.05
1391000 631.071 649.347 715.468 1995.89
1392000 632.6 649.283 716.77 1998.65
1393000 633.618 650.46 718.32 2002.4
1394000 634.777 650.739 719.316 2004.83
1395000 633.821 650.935 718.15 2002.91
1396000 635.71 652.547 721.433 2009.69
1397000 636.55 653.751 722.775 2013.07
1398000 633.61 654.693 720.067 2008.37
1399000 634.75 656.197 720.764 2011.71
1400000 636.014 655.405 721.792 2013.21
1401000 636.645 656.51 722.739 2015.89
1402000 640.096 660.558 726.647 2027.3
1403000 641.364 660.609 730.885 2032.86
1404000 639.628 659.838 729.354 2028.82
1405000 640.288 661.425 729.574 2031.29
1406000 641.933 662.387 730.836 2035.16
1407000 645.882 664.835 731.597 2042.31
1408000 648.113 666.481 734.682 2049.28
1409000 643.647 664.586 732.535 2040.77
1410000 644.805 666.309 735.019 2046.13
1411000 649.044 669.532 738.184 2056.76
1412000 651.282 670.687 739.841 2061.81
1413000 649.426 668.895 736.841 2055.16
1414000 649.947 669.605 734.662 2054.21
1415000 655.345 673.793 739.447 2068.59
1416000 656.17 673.335 738.971 2068.48
1417000 654.862 672.617 734.674 2062.15
1418000 656.225 673.045 732.528 2061.8
1419000 658.456 672.746 731.067 2062.27
1420000 662.154 674.837 733.915 2070.91
1421000 661.715 674.537 732.65 2068.9
1422000 661.282 673.68 731.99 2066.95
1423000 666.321 680.618 738.962 2085.9
1424000 666.992 680.625 735.771 2083.39
1425000 668.088 681.694 736.076 2085.86
1426000 666.932 681.889 736.296 2085.12
1427000 665.315 682.263 734.731 2082.31
1428000 670.884 685.456 737.174 2093.51
1429000 674.459 687.802 738.486 2100.75
1430000 677.516 687.179 739.025 2103.72
1431000 679.211 689.148 738.187 2106.55
1432000 683.286 691.348 741.623 2116.26
1433000 681.389 688.76 738.72 2108.87
1434000 683.219 688.718 736.977 2108.91
1435000 684.517 689.721 737.117 2111.36
1436000 685.492 691.671 738.878 2116.04
1437000 687.474 693.663 741.093 2122.23
1438000 688.136 696.104 742.177 2126.42
1439000 691.428 697.767 745.21 2134.41
1440000 690.155 697.054 744.431 2131.64
1441000 689.975 698.211 745.413 2133.6
1442000 688.015 699.471 744.872 2132.36
1443000 686.609 698.742 744.956 2130.31
1444000 688.255 700.805 749.041 2138.1
1445000 688.138 702.038 750.742 2140.92
1446000 689.64 703.129 751.854 2144.62
1447000 686.897 700.203 747.243 2134.34
1448000 691.067 703.435 750.635 2145.14
1449000 691.727 702.96 750.862 2145.55
1450000 691.015 701.894 750.205 2143.11
1451000 691.976 703.239 753.905 2149.12
1452000 694.943 705.436 756.387 2156.77
1453000 696.151 706.418 756.043 2158.61
1454000 696.093 707.224 754.074 2157.39
1455000 698.065 709.907 755.852 2163.83
1456000 696.931 708.378 753.707 2159.02
1457000 696.587 708.19 754.903 2159.68
1458000 697.303 709.993 755.727 2163.02
1459000 701.371 715.919 760.852 2178.14
1460000 702.014 717.929 761.135 2181.08
1461000 701.96 719.924 762.985 2184.87
1462000 699.711 716.894 760.722 2177.33
1463000 699.366 716.32 761.334 2177.02
1464000 701.044 716.345 761.322 2178.71
1465000 703.115 717.142 762.804 2183.06
1466000 706.227 718.871 764.815 2189.91
1467000 709.308 722.473 768.753 2200.53
1468000 709.045 722.089 768.952 2200.09
1469000 711.526 726.294 770.149 2207.97
1470000 710.179 724.719 767.919 2202.82
1471000 709 727.047 768.138 2204.19
1472000 712.007 730.747 768.315 2211.07
1473000 712.944 731.309 768.26 2212.51
1474000 714.455 731.112 767.728 2213.29
1475000 710.538 726.625 763.878 2201.04
1476000 712.709 726.977 762.806 2202.49
1477000 715.489 730 765.463 2210.95
1478000 715.564 730.133 764.855 2210.55
1479000 718.546 730.987 767.534 2217.07
1480000 721.721 731.686 768.676 2222.08
1481000 722.384 733.04 770.123 2225.55
1482000 720.468 730.952 766.172 2217.59
1483000 723.5 736.049 767.812 2227.36
1484000 720.531 734.582 764.42 2219.53
1485000 721.061 734.469 763.944 2219.47
1486000 722.725 733.924 763.819 2220.47
1487000 724.586 734.957 764.097 2223.64
1488000 726.016 737.299 765.803 2229.12
1489000 728.893 738.312 768.489 2235.69
1490000 732.921 741.855 772.81 2247.59
1491000 733.241 738.173 771.43 2242.84
1492000 734.285 740.148 770.332 2244.77
1493000 733.547 738.502 768.659 2240.71
1494000 735.528 739.347 769.554 2244.43
1495000 735.019 740.055 770.133 2245.21
1496000 736.697 743.677 770.399 2250.77
1497000 736.112 745.464 774.053 2255.63
1498000 736.298 746.035 775.511 2257.84
1499000 739.934 746.091 776.481 2262.51
1500000 740.029 743.756 774.708 2258.49
1501000 743.626 746.381 775.73 2265.74
1502000 742.846 746.229 774.248 2263.32
1503000 742.267 746.652 773.851 2262.77
1504000 743.27 748.947 773.319 2265.54
1505000 745.956 751.107 774.733 2271.8
1506000 742.202 744.96 771.345 2258.51
1507000 744.562 747.715 772.471 2264.75
1508000 748.192 750.798 775.23 2274.22
1509000 750.095 751.648 779.438 2281.18
1510000 750.223 751.751 781.223 2283.2
1511000 746.836 752.164 780.549 2279.55
1512000 747.532 755.445 785.394 2288.37
1513000 747.038 754.568 787.225 2288.83
1514000 746.889 753.477 786.18 2286.54
1515000 749.745 756.542 789.298 2295.59
1516000 751.633 754.561 791.433 2297.63
1517000 754.991 755.826 793.199 2304.02
1518000 756.337 755.938 792.87 2305.15
1519000 755.258 754.426 793.568 2303.25
1520000 757.838 758.465 797.003 2313.31
1521000 759.204 760.486 800.185 2319.87
1522000 760.553 760.199 802.109 2322.86
1523000 761.028 761.628 804.466 2327.12
1524000 758.861 759.813 805.04 2323.71
1525000 759.79 764.97 809.345 2334.11
1526000 762.282 765.902 812.27 2340.45
1527000 764.703 764.633 810.669 2340.01
1528000 768.443 767.214 809.374 2345.03
1529000 770.577 769.622 809.024 2349.22
1530000 770.819 772.387 810.357 2353.56
1531000 773.516 773.888 813.462 2360.87
1532000 772.633 772.14 813.26 2358.03
1533000 776.856 777.414 819.469 2373.74
1534000 775.673 775.801 817.516 2368.99
1535000 773.46 775.779 814.456 2363.7
1536000 777.073 779.138 818.353 2374.57
1537000 774.989 777.428 817.641 2370.06
1538000 774.295 776.373 819.257 2369.92
1539000 778.185 781.313 824.296 2383.79
1540000 778.61 782.649 824.368 2385.63
1541000 783.355 788.811 828.762 2400.93
1542000 785.337 791.874 831.631 2408.84
1543000 783.747 791.859 830.85 2406.46
1544000 780.46 790.091 825.475 2396.03
1545000 783.381 795.553 830.588 2409.52
1546000 785.626 797.413 832.263 2415.3
1547000 783.369 795.741 830.749 2409.86
1548000 785.104 797.269 832.824 2415.2
1549000 786.454 796.995 832.42 2415.87
1550000 789.053 799.31 836.419 2424.78
1551000 788.524 796.524 834.923 2419.97
1552000 788.884 798.555 840.714 2428.15
1553000 789.861 798.744 843.037 2431.64
1554000 792.653 802.153 842.911 2437.72
1555000 788.394 800.212 838.582 2427.19
1556000 784.918 801.673 838.762 2425.35
1557000 786.616 805.261 843.019 2434.9
1558000 790.17 809.696 847.456 2447.32
1559000 790.206 808.634 848.258 2447.1
1560000 790.284 809.976 848.127 2448.39
1561000 788.18 808.813 846.817 2443.81
1562000 789.135 806.48 845.859 2441.47
1563000 791.367 808.444 846.179 2445.99
1564000 789.789 805.901 844.899 2440.59
1565000 795.323 811.891 852.643 2459.86
1566000 796.92 813.486 852.073 2462.48
1567000 794.688 810.711 848.498 2453.9
1568000 796.038 810.659 850.059 2456.76
1569000 795.805 809.832 850.984 2456.62
1570000 799.178 811.065 851.507 2461.75
1571000 804.291 818.651 857.012 2479.95
1572000 802.783 818.771 855.526 2477.08
1573000 803.024 819.171 854.828 2477.02
1574000 804.327 818.405 852.59 2475.32
1575000 804.236 819.717 848.679 2472.63
1576000 803.901 819.262 846.465 2469.63
1577000 806.106 821.765 851.812 2479.68
1578000 811.712 825.051 853.309 2490.07
1579000 813.078 824.893 855.97 2493.94
1580000 814.934 825.869 857.793 2498.6
1581000 815.994 827.203 859.216 2502.41
1582000 813.995 822.742 855.089 2491.83
1583000 818.24 825.944 858.781 2502.97
1584000 819.952 826.726 860.079 2506.76
1585000 821.214 829.179 861.887 2512.28
1586000 826.194 834.266 867.318 2527.78
1587000 820.91 829.143 860.477 2510.53
1588000 819.387 830.083 861.596 2511.07
1589000 823.893 837.068 868.534 2529.5
1590000 826.575 841.327 873.704 2541.61
1591000 824.379 837.384 873.803 2535.57
1592000 823.23 838.144 872.947 2534.32
1593000 823.902 837.679 874.63 2536.21
1594000 826.364 837.002 874.786 2538.15
1595000 826.229 835.415 870.432 2532.08
1596000 828.426 833.963 872.846 2535.24
1597000 831.441 833.701 875.94 2541.08
1598000 827.942 830.566 871.046 2529.55
1599000 826.608 829.655 867.573 2523.84
1600000 830.481 833.646 871.487 2535.61
