# Time-averaged data for fix thermo_avg
# TimeStep v_epsilon_co v_temp v_press v_pe v_ke v_etotal v_vol v_dens
601000 0.65 297.746 -107.608 -21351.2 3330.87 -18020.3 53733.7 1.06169
602000 0.65 299.842 -237.236 -21400.8 3354.33 -18046.5 53998.3 1.0565
603000 0.65 298.473 89.1635 -21316 3339.02 -17977 53988.1 1.05668
604000 0.65 299.067 -27.2821 -21359.4 3345.66 -18013.7 54075.9 1.05498
605000 0.65 300.245 269.991 -21327.9 3358.83 -17969 53882.2 1.05875
606000 0.65 301.44 -148.516 -21319.4 3372.2 -17947.2 53926.3 1.05791
607000 0.65 298.03 17.0022 -21290.5 3334.06 -17956.5 54243.8 1.0517
608000 0.65 299.85 142.18 -21328.7 3354.41 -17974.3 54100.3 1.05449
609000 0.65 299.465 25.3517 -21359.8 3350.11 -18009.7 54136.7 1.05378
610000 0.65 300.885 32.3634 -21398.6 3366 -18032.6 54193.5 1.05268
611000 0.65 300.984 -121.195 -21327.6 3367.11 -17960.5 54465.1 1.04742
612000 0.65 300.997 -202.133 -21387.9 3367.25 -18020.7 54574.1 1.04534
613000 0.65 301.771 -80.9853 -21364 3375.91 -17988 54261.8 1.05137
614000 0.65 300.764 19.9984 -21322.3 3364.64 -17957.7 54056.5 1.05536
615000 0.65 299.422 -151.583 -21333.3 3349.63 -17983.7 54124.6 1.05402
616000 0.65 300.081 60.6953 -21332.9 3357 -17975.9 54390.2 1.04887
617000 0.65 299.319 -127.664 -21353 3348.47 -18004.5 54137.4 1.05378
618000 0.65 298.932 7.73851 -21358.5 3344.15 -18014.3 54053.8 1.0554
619000 0.65 300.192 53.466 -21362.1 3358.24 -18003.8 53782.6 1.06072
620000 0.65 298.972 -17.6614 -21352.9 3344.59 -18008.3 53815.8 1.06006
621000 0.65 301.937 -169.042 -21352.5 3377.77 -17974.7 54275.1 1.0511
622000 0.65 299.451 -215.962 -21294.9 3349.95 -17944.9 54213.1 1.05232
623000 0.65 298.291 147.942 -21381.4 3336.98 -18044.5 54228.5 1.05198
624000 0.65 300.53 87.016 -21403.4 3362.02 -18041.4 54183.4 1.05289
625000 0.65 301.152 -42.954 -21331.8 3368.98 -17962.8 54335.5 1.04994
626000 0.65 299.134 -80.1227 -21364.8 3346.41 -18018.4 53730 1.06176
627000 0.65 301.623 -190.705 -21358.7 3374.25 -17984.5 53950.5 1.05742
628000 0.65 299.293 90.7984 -21384.3 3348.19 -18036.1 54178 1.05302
629000 0.65 300.683 63.5941 -21429.2 3363.73 -18065.4 54048.9 1.05549
630000 0.65 299.397 -78.3934 -21359.4 3349.35 -18010.1 53991.3 1.05663
631000 0.65 299.158 -214.534 -21394.8 3346.67 -18048.1 54237.1 1.05186
632000 0.65 299.959 69.3421 -21368.4 3355.63 -18012.7 54139.4 1.05373
633000 0.65 300.822 -116.024 -21371.2 3365.29 -18005.9 53829.2 1.05981
634000 0.65 300.937 118.998 -21364.3 3366.57 -17997.8 53867.4 1.05904
635000 0.65 299.788 -108.996 -21298.3 3353.73 -17944.6 54126.4 1.05399
636000 0.65 299.368 373.449 -21270 3349.02 -17920.9 54029.1 1.05589
637000 0.65 300.59 97.4081 -21301.1 3362.69 -17938.5 54081.3 1.05486
638000 0.65 300.249 -77.4599 -21319.8 3358.87 -17960.9 54123.3 1.05404
639000 0.65 300.924 -61.8085 -21325.7 3366.43 -17959.2 53992.2 1.0566
640000 0.65 299.621 -120.365 -21415.8 3351.85 -18063.9 53800.4 1.06036
641000 0.65 298.896 -31.8126 -21396 3343.74 -18052.2 54134.9 1.05385
642000 0.65 300.424 -73.9241 -21386.7 3360.84 -18025.8 53985.5 1.05673
643000 0.65 298.475 138.738 -21364.1 3339.03 -18025 53954.2 1.05735
644000 0.65 297.946 137.979 -21400.4 3333.11 -18067.2 54016 1.05615
645000 0.65 300.847 22.0094 -21423.1 3365.57 -18057.5 53969 1.05706
646000 0.65 298.546 22.2529 -21428.8 3339.83 -18088.9 53967.5 1.0571
647000 0.65 298.426 76.7246 -21397.9 3338.49 -18059.4 54303.5 1.05056
648000 0.65 300.715 -11.1331 -21326.4 3364.09 -17962.3 54384.2 1.04898
649000 0.65 300.901 -81.0678 -21372.4 3366.17 -18006.2 54175 1.05304
650000 0.65 299.151 58.1937 -21334.7 3346.6 -17988.1 53969.8 1.05705
651000 0.65 300.758 -42.8509 -21304.7 3364.57 -17940.1 54429.5 1.04815
652000 0.65 299.759 -20.3238 -21357.6 3353.4 -18004.2 54392.6 1.04882
653000 0.65 300.362 40.9514 -21383.8 3360.14 -18023.7 54089.7 1.0547
654000 0.65 300.515 41.1691 -21370 3361.86 -18008.2 53963.8 1.05715
655000 0.65 298.58 17.2286 -21364.1 3340.21 -18023.8 54330.5 1.05002
656000 0.65 299.235 3.62493 -21298.2 3347.53 -17950.6 54090.2 1.0547
657000 0.65 298.913 -26.1157 -21366.5 3343.93 -18022.6 53975.5 1.05693
658000 0.65 300.046 -110.199 -21342.1 3356.61 -17985.5 53970.2 1.05703
659000 0.65 300.297 -73.054 -21301.9 3359.42 -17942.5 54018.9 1.05609
660000 0.65 299.065 -28.5973 -21398 3345.64 -18052.4 53960.9 1.05722
661000 0.65 300.612 38.4509 -21447.8 3362.94 -18084.8 54085.9 1.05478
662000 0.65 300.013 -95.7644 -21319 3356.24 -17962.7 54357.5 1.04949
663000 0.65 299.401 95.5986 -21319.5 3349.39 -17970.1 54140.5 1.05371
664000 0.65 299.629 -43.056 -21316.3 3351.94 -17964.3 54167.3 1.05319
665000 0.65 300.665 143.234 -21318.4 3363.53 -17954.9 54068.7 1.05513
666000 0.65 299.553 172.046 -21333.5 3351.09 -17982.4 53973.8 1.05696
667000 0.65 299.221 -95.9395 -21310 3347.38 -17962.6 54154.8 1.05342
668000 0.65 299.753 -22.6474 -21294.3 3353.34 -17940.9 54143.8 1.05364
669000 0.65 298.723 -26.0588 -21315.6 3341.81 -17973.8 53884.4 1.05871
670000 0.65 300.094 -198.23 -21382.7 3357.15 -18025.6 53786.5 1.06064
671000 0.65 299.554 -104.09 -21356 3351.1 -18004.9 54385.1 1.04896
672000 0.65 298.616 116.593 -21329.5 3340.61 -17988.9 54119.6 1.05411
673000 0.65 300.697 23.1625 -21333.2 3363.9 -17969.3 54158.4 1.05337
674000 0.65 301.665 69.8793 -21244.2 3374.72 -17869.5 54260.5 1.05137
675000 0.65 301.667 229.059 -21327.9 3374.74 -17953.2 54109.7 1.05432
676000 0.65 297.855 45.0636 -21367.6 3332.1 -18035.6 54307.7 1.05047
677000 0.65 301.484 -106.763 -21324.5 3372.69 -17951.8 54002.7 1.05639
678000 0.65 301.281 50.2471 -21299.3 3370.43 -17928.8 54234 1.0519
679000 0.65 298.67 -110.53 -21365.4 3341.21 -18024.2 54016.1 1.05613
680000 0.65 301.433 -196.656 -21383.9 3372.12 -18011.8 54181.2 1.05291
681000 0.65 299.758 146.854 -21354.7 3353.39 -18001.3 54223.1 1.0521
682000 0.65 301.751 -77.0542 -21312.7 3375.69 -17937 54236.4 1.05188
683000 0.65 300.159 -71.6282 -21388.1 3357.87 -18030.2 54011.2 1.05622
684000 0.65 300.452 24.5067 -21363.3 3361.15 -18002.1 54134.3 1.05384
685000 0.65 299.471 164.966 -21314.5 3350.18 -17964.3 53798.2 1.06043
686000 0.65 299.4 -8.17285 -21319.3 3349.38 -17969.9 54176.3 1.05303
687000 0.65 300.414 172.126 -21377.5 3360.72 -18016.8 54502.5 1.0467
688000 0.65 301.049 -52.1545 -21406.4 3367.83 -18038.6 54238.7 1.05182
689000 0.65 299.768 107.604 -21322.9 3353.5 -17969.4 53989.8 1.05665
690000 0.65 301.339 29.5409 -21373.2 3371.08 -18002.2 53971 1.05701
691000 0.65 298.341 185.087 -21368.7 3337.53 -18031.1 54071.9 1.05504
692000 0.65 299.944 102.629 -21332.6 3355.47 -17977.2 54384.1 1.04898
693000 0.65 300.905 116.083 -21370.8 3366.22 -18004.6 54030.7 1.05584
694000 0.65 300.702 -155.193 -21332.3 3363.94 -17968.4 54237.7 1.05181
695000 0.65 301.291 -67.0614 -21354 3370.53 -17983.5 54152 1.05348
696000 0.65 300.78 63.6395 -21291.8 3364.81 -17927 53975.5 1.05693
697000 0.65 298.409 -27.1301 -21305.1 3338.3 -17966.8 53911.6 1.05818
698000 0.65 299.061 -78.0564 -21373.3 3345.58 -18027.7 54006.2 1.05632
699000 0.65 298.5 -41.8645 -21343.2 3339.32 -18003.9 53789.7 1.0606
700000 0.65 300.321 17.8836 -21336.9 3359.69 -17977.2 53911.9 1.0582
701000 0.65 298.079 -55.357 -21341.4 3334.6 -18006.8 53832 1.05976
702000 0.65 299.862 -28.5501 -21377.8 3354.55 -18023.3 54017.2 1.0561
703000 0.65 299.317 11.6513 -21359.6 3348.45 -18011.1 54144.5 1.05363
704000 0.65 300.035 -30.1932 -21360.2 3356.48 -18003.7 54039.9 1.05566
705000 0.65 301.411 -161.941 -21328.4 3371.88 -17956.5 54278.6 1.05103
706000 0.65 301.44 -80.8834 -21337.5 3372.21 -17965.3 54010.9 1.05625
707000 0.65 300.562 -89.7584 -21303.6 3362.39 -17941.2 54143.1 1.05365
708000 0.65 298.436 29.0256 -21282.5 3338.6 -17943.9 53909.6 1.05822
709000 0.65 299.93 275.713 -21338.1 3355.31 -17982.8 54105.9 1.05438
710000 0.65 301.527 26.5681 -21400.2 3373.17 -18027 54285.1 1.05089
711000 0.65 300.04 -163.087 -21329 3356.54 -17972.5 54294.4 1.05071
712000 0.65 302.482 -242.675 -21295.8 3383.86 -17912 54426.7 1.04817
713000 0.65 301.341 28.2059 -21317.7 3371.1 -17946.6 54106.4 1.05439
714000 0.65 300.878 18.5656 -21333.2 3365.92 -17967.3 54239.9 1.05177
715000 0.65 300.697 44.3094 -21381.7 3363.9 -18017.8 54002 1.05641
716000 0.65 299.933 167.556 -21288.3 3355.34 -17933 53818.4 1.06006
717000 0.65 300.689 38.7444 -21353.7 3363.8 -17989.9 54287.8 1.05086
718000 0.65 300.3 -81.0585 -21395.4 3359.45 -18035.9 53899.4 1.05843
719000 0.65 301.197 135.199 -21473.1 3369.48 -18103.6 53988 1.05669
720000 0.65 297.31 110.962 -21397.6 3326 -18071.6 54136.2 1.05379
721000 0.65 298.967 -128.873 -21376.7 3344.53 -18032.2 53822.4 1.05995
722000 0.65 297.085 320.63 -21323.8 3323.48 -18000.3 53863.6 1.05913
723000 0.65 299.842 -196.159 -21315.5 3354.32 -17961.2 54328.5 1.05007
724000 0.65 298.965 88.647 -21420.9 3344.52 -18076.4 54294.8 1.05072
725000 0.65 298.17 132.709 -21342.3 3335.63 -18006.7 53987.7 1.0567
726000 0.65 300.189 85.8015 -21323.2 3358.21 -17965 53816.1 1.06007
727000 0.65 298.827 176.576 -21334.5 3342.97 -17991.5 53853 1.05933
728000 0.65 300.701 78.7405 -21322.6 3363.94 -17958.7 53892.4 1.05856
729000 0.65 300.635 -39.5858 -21335.3 3363.2 -17972.1 54345.3 1.04975
730000 0.65 300.671 333.658 -21421.3 3363.6 -18057.7 53939.6 1.05764
731000 0.65 298.723 108.945 -21353.4 3341.81 -18011.6 54294.5 1.05073
732000 0.65 298.939 2.80478 -21342.1 3344.23 -17997.9 53940.9 1.0576
733000 0.65 300.267 -82.7942 -21343.8 3359.09 -17984.7 53784.3 1.06068
734000 0.65 301.824 194.596 -21314.6 3376.5 -17938.1 54143.6 1.0537
735000 0.65 302.349 72.64 -21383.3 3382.37 -18000.9 54553.7 1.04575
736000 0.65 298.727 -72.2535 -21412.7 3341.85 -18070.9 54215.7 1.05226
737000 0.65 299.653 -72.8805 -21373.1 3352.21 -18020.9 54215.4 1.05225
738000 0.65 299.388 -159.352 -21394.7 3349.25 -18045.5 54502.9 1.04671
739000 0.65 299.666 83.9355 -21411.6 3352.36 -18059.2 54449.7 1.04772
740000 0.65 299.543 71.6348 -21379.8 3350.98 -18028.9 54098.3 1.05453
741000 0.65 300.57 5.50965 -21399.5 3362.47 -18037.1 53926.9 1.05787
742000 0.65 297.221 15.8459 -21391.1 3325.01 -18066.1 54502.9 1.04671
743000 0.65 298.668 35.264 -21340.6 3341.19 -17999.4 54342.1 1.04979
744000 0.65 300.26 252.447 -21374.1 3359.01 -18015.1 54408.4 1.04852
745000 0.65 301.272 -35.7536 -21405.5 3370.33 -18035.2 54262.3 1.05134
746000 0.65 300.931 229.513 -21358.1 3366.51 -17991.6 54223.3 1.05212
747000 0.65 299.979 -173.458 -21373.2 3355.86 -18017.4 54172.4 1.05309
748000 0.65 298.617 41.5159 -21411.5 3340.62 -18070.9 54341 1.04982
749000 0.65 297.648 69.3333 -21383.2 3329.78 -18053.4 54126.1 1.05398
750000 0.65 301.409 93.4921 -21325.3 3371.86 -17953.4 54140.2 1.05371
751000 0.65 301.102 -90.1016 -21343.2 3368.42 -17974.8 54067.1 1.05514
752000 0.65 298.207 -50.1139 -21324 3336.03 -17988 54046.3 1.05557
753000 0.65 299.4 -108.267 -21345.5 3349.39 -17996.1 54467.9 1.04737
754000 0.65 298.418 -151.35 -21353.8 3338.39 -18015.4 54388.6 1.04891
755000 0.65 301.408 12.5921 -21366 3371.84 -17994.2 54279.2 1.05102
756000 0.65 299.551 -101.205 -21320.3 3351.07 -17969.3 54064.4 1.05521
757000 0.65 300.744 -68.5617 -21254.1 3364.42 -17889.7 53868.5 1.05903
758000 0.65 298.214 -63.6252 -21313.6 3336.12 -17977.5 53928.7 1.05785
759000 0.65 298.488 58.8777 -21335.3 3339.18 -17996.1 54319.7 1.05026
760000 0.65 299.569 -9.02305 -21370.1 3351.27 -18018.8 54512.4 1.04651
761000 0.65 299.456 26.8732 -21406.2 3350.01 -18056.2 53898.5 1.05845
762000 0.65 300.648 124.265 -21334.7 3363.35 -17971.4 54169.8 1.05313
763000 0.65 302.736 67.3155 -21372.6 3386.7 -17985.9 54061.9 1.05524
764000 0.65 301.418 53.6638 -21355.6 3371.96 -17983.7 54147.6 1.05357
765000 0.65 298.857 213.234 -21384.9 3343.31 -18041.6 53883.1 1.05875
766000 0.65 299.64 86.5477 -21389.5 3352.07 -18037.5 54404.9 1.04859
767000 0.65 300.486 -51.6838 -21341 3361.53 -17979.4 54213.9 1.05228
768000 0.65 298.053 107.201 -21331.1 3334.31 -17996.8 54255.9 1.05147
769000 0.65 300.012 -27.6701 -21339.7 3356.23 -17983.5 54265.1 1.0513
770000 0.65 298.782 125.306 -21365.3 3342.47 -18022.9 53884.4 1.05872
771000 0.65 300.824 -87.1229 -21368.8 3365.31 -18003.5 53874.6 1.05892
772000 0.65 301.726 60.5983 -21394.4 3375.41 -18019 54438.3 1.04793
773000 0.65 298.7 166.318 -21353 3341.55 -18011.5 54387.2 1.04894
774000 0.65 300.867 -20.2473 -21358.4 3365.79 -17992.6 54243.1 1.05172
775000 0.65 301.59 26.9735 -21280.7 3373.88 -17906.8 54335.2 1.04992
776000 0.65 298.295 22.9369 -21329.1 3337.02 -17992.1 54238.4 1.05182
777000 0.65 298.354 -59.0726 -21367.8 3337.69 -18030.1 54083.9 1.05482
778000 0.65 300.125 50.3796 -21337 3357.49 -17979.5 54033.2 1.05581
779000 0.65 299.105 -154.359 -21339.4 3346.08 -17993.3 54300.8 1.0506
780000 0.65 302.553 79.2574 -21342.9 3384.65 -17958.2 54091.6 1.05466
781000 0.65 298.766 -19.5606 -21414.3 3342.28 -18072 54154.6 1.05345
782000 0.65 299.41 -7.98816 -21407.1 3349.49 -18057.6 54202.5 1.0525
783000 0.65 299.921 129.888 -21413.1 3355.21 -18057.9 54097.1 1.05457
784000 0.65 298.762 168.444 -21353.5 3342.24 -18011.3 53934.2 1.05775
785000 0.65 303.079 96.8483 -21326.6 3390.54 -17936 53845.6 1.05949
786000 0.65 297.744 84.4624 -21320.9 3330.86 -17990 53973.6 1.05696
787000 0.65 299.19 189.728 -21366.5 3347.03 -18019.5 54168.1 1.05316
788000 0.65 299.751 174.106 -21430.1 3353.31 -18076.8 54176.2 1.05302
789000 0.65 300.431 211.165 -21400.9 3360.91 -18040 54353.4 1.0496
790000 0.65 300.786 -79.0014 -21382 3364.88 -18017.1 54157.4 1.05339
791000 0.65 300.549 159.992 -21345.6 3362.24 -17983.3 54201.1 1.05252
792000 0.65 298.005 70.483 -21339.1 3333.77 -18005.3 53709.3 1.06218
793000 0.65 297.298 69.384 -21345.7 3325.87 -18019.8 54195.1 1.05264
794000 0.65 300.161 135.244 -21354.2 3357.89 -17996.4 54185.3 1.05283
795000 0.65 299.771 281.132 -21277.4 3353.54 -17923.9 54215.9 1.05226
796000 0.65 299.95 38.9312 -21369 3355.53 -18013.5 54027.3 1.05591
797000 0.65 300.477 83.7845 -21323.4 3361.43 -17961.9 54063.1 1.05522
798000 0.65 299.873 -320.822 -21387.3 3354.67 -18032.6 54126.7 1.05397
799000 0.65 301.424 86.0123 -21381.6 3372.02 -18009.6 54265.7 1.05128
800000 0.65 300.944 -181.997 -21371.8 3366.66 -18005.1 54695.3 1.04303
801000 0.65 300.671 129.774 -21387.8 3363.6 -18024.2 54204.4 1.05247
802000 0.65 298.139 -174.751 -21370.6 3335.28 -18035.3 54025.4 1.05595
803000 0.65 300.584 -234.818 -21383.2 3362.62 -18020.6 53980.1 1.05684
804000 0.65 301.511 123.805 -21399.9 3373 -18026.9 54255.8 1.05148
805000 0.65 299.351 39.2142 -21335.5 3348.83 -17986.7 54179.3 1.05296
806000 0.65 298.217 -133.473 -21285.6 3336.14 -17949.5 53817.8 1.06003
807000 0.65 300.031 -115.174 -21344.6 3356.44 -17988.2 54164.1 1.05325
808000 0.65 298.49 11.4672 -21396.3 3339.21 -18057.1 54328.4 1.05006
809000 0.65 299.998 10.2846 -21420.2 3356.07 -18064.1 54499.9 1.04676
810000 0.65 300.771 -10.6945 -21413.9 3364.72 -18049.2 54375.8 1.04914
811000 0.65 299.937 -78.1544 -21390.9 3355.39 -18035.5 54250.5 1.05158
812000 0.65 299.348 -79.0249 -21347 3348.8 -17998.2 54432.1 1.04805
813000 0.65 300.156 -218.977 -21308.6 3357.84 -17950.8 54147.4 1.05359
814000 0.65 301.454 53.9329 -21306.8 3372.36 -17934.4 54263.3 1.05131
815000 0.65 299.267 134.558 -21338.8 3347.9 -17990.9 54270 1.05121
816000 0.65 299.106 99.6949 -21337.3 3346.09 -17991.3 54132.3 1.05386
817000 0.65 300.724 -26.503 -21382.1 3364.19 -18017.9 54311.2 1.05038
818000 0.65 301.231 -108.488 -21371.9 3369.87 -18002 54642.5 1.04403
819000 0.65 298.796 38.9444 -21395 3342.63 -18052.4 54242.1 1.05173
820000 0.65 302.002 -164.277 -21358.7 3378.49 -17980.2 54426.4 1.04821
821000 0.65 300.142 -91.2992 -21369.8 3357.68 -18012.2 54390.1 1.04886
822000 0.65 301.061 -41.6822 -21385.1 3367.96 -18017.1 54304.2 1.05054
823000 0.65 298.14 127.876 -21385.5 3335.29 -18050.2 54216.2 1.05223
824000 0.65 300.208 -125.837 -21359.4 3358.42 -18000.9 54138.1 1.05377
825000 0.65 298.984 148.039 -21399.5 3344.73 -18054.7 54326.3 1.05009
826000 0.65 299.406 -53.7361 -21390.7 3349.45 -18041.3 53803.1 1.06032
827000 0.65 299.348 54.2046 -21378.2 3348.8 -18029.4 53928.6 1.05784
828000 0.65 300.355 -410.879 -21380.4 3360.06 -18020.4 54146 1.05362
829000 0.65 300.802 66.0481 -21378.8 3365.06 -18013.8 54066.1 1.05515
830000 0.65 299.228 15.7468 -21449.6 3347.46 -18102.2 53952.2 1.05739
831000 0.65 301.306 -26.3394 -21347.7 3370.7 -17977 54022.1 1.05602
832000 0.65 301.686 -36.3209 -21362.9 3374.96 -17988 54199.2 1.05261
833000 0.65 297.807 103.195 -21423 3331.56 -18091.4 54218.1 1.05221
834000 0.65 300.911 -100.105 -21402 3366.29 -18035.7 54230.8 1.05197
835000 0.65 299.751 74.9165 -21420 3353.31 -18066.7 54151.9 1.05348
836000 0.65 300.604 -98.6511 -21362.3 3362.85 -17999.5 53900.6 1.05843
837000 0.65 299.526 -92.7415 -21355.7 3350.79 -18004.9 53810.8 1.06017
838000 0.65 301.425 140.743 -21363.8 3372.04 -17991.8 53864.7 1.05911
839000 0.65 301.411 -312.982 -21355 3371.88 -17983.1 53960.4 1.05723
840000 0.65 300.183 -57.7737 -21347.9 3358.15 -17989.7 54089.3 1.05472
841000 0.65 297.706 62.8043 -21405.7 3330.44 -18075.3 53759 1.06118
842000 0.65 298.858 87.8084 -21326.6 3343.31 -17983.2 54270.9 1.05119
843000 0.65 299.675 100.651 -21341.3 3352.45 -17988.8 54244.2 1.0517
844000 0.65 299.201 156.995 -21363.3 3347.15 -18016.2 54138.6 1.05374
845000 0.65 301.138 110.233 -21399.5 3368.83 -18030.7 53795.7 1.06046
846000 0.65 300.226 -130.248 -21407.4 3358.62 -18048.8 54127.7 1.05399
847000 0.65 300.154 19.6483 -21372.4 3357.82 -18014.6 53957 1.05729
848000 0.65 300.05 -23.1634 -21357.8 3356.65 -18001.1 54132.5 1.05386
849000 0.65 301.2 13.2742 -21380.8 3369.52 -18011.3 54010.1 1.05624
850000 0.65 298.295 39.1491 -21402.8 3337.02 -18065.7 53857.5 1.05925
851000 0.65 298.284 104.451 -21419.8 3336.9 -18082.9 53895.2 1.0585
852000 0.65 300.931 -3.55063 -21391.8 3366.5 -18025.3 54073.5 1.05502
853000 0.65 300.564 14.6082 -21356.1 3362.41 -17993.7 54138.3 1.05377
854000 0.65 299.266 -110.2 -21388.5 3347.88 -18040.6 53965.8 1.05713
855000 0.65 300.337 115.391 -21404.6 3359.86 -18044.7 53986.5 1.05671
856000 0.65 299.812 145.293 -21404 3353.99 -18050 53921.8 1.05798
857000 0.65 301.866 -49.1546 -21414.1 3376.96 -18037.1 54050.5 1.05545
858000 0.65 300.406 59.2135 -21457.3 3360.64 -18096.7 54375.7 1.04917
859000 0.65 300.785 -49.9589 -21433.4 3364.88 -18068.5 54401.1 1.04867
860000 0.65 298.095 -71.4874 -21395.2 3334.79 -18060.5 54118.9 1.05412
861000 0.65 299.843 -28.4494 -21313.3 3354.33 -17959 54048.8 1.05549
862000 0.65 300.103 -92.5608 -21363.8 3357.24 -18006.6 53928.3 1.05785
863000 0.65 301.239 -37.1869 -21389.1 3369.95 -18019.2 53831.9 1.05974
864000 0.65 299.64 -89.2957 -21321.2 3352.06 -17969.2 54095.5 1.05458
865000 0.65 298.867 76.9414 -21390.3 3343.42 -18046.9 54285.4 1.05093
866000 0.65 298.116 71.9869 -21352 3335.01 -18017 54219.4 1.05218
867000 0.65 299.878 -32.2762 -21371.7 3354.73 -18016.9 53754 1.06128
868000 0.65 299.875 108.307 -21443.3 3354.7 -18088.6 54155.2 1.05345
869000 0.65 298.631 -73.5786 -21405.1 3340.78 -18064.3 54411.9 1.04845
870000 0.65 299.044 -45.3462 -21423.2 3345.4 -18077.8 53973.6 1.05698
871000 0.65 299.968 197.139 -21381.4 3355.74 -18025.7 53984.6 1.05675
872000 0.65 299.651 39.4959 -21424.8 3352.19 -18072.6 54344.1 1.04975
873000 0.65 299.866 18.7834 -21376.4 3354.59 -18021.8 54411.8 1.04845
874000 0.65 302.194 -51.0295 -21369 3380.64 -17988.3 54228.3 1.052
875000 0.65 299.663 -125.791 -21352.5 3352.33 -18000.1 53768.5 1.061
876000 0.65 301.977 -183.705 -21354.7 3378.21 -17976.5 53656.2 1.06322
877000 0.65 299.901 -164.649 -21346.8 3354.98 -17991.8 53782.3 1.06073
878000 0.65 300.296 75.1108 -21338.2 3359.41 -17978.8 53857.2 1.05924
879000 0.65 299.55 -3.44809 -21379.1 3351.06 -18028 53964.1 1.05714
880000 0.65 298.476 -116.898 -21386.3 3339.04 -18047.3 54056 1.05536
881000 0.65 299.394 -27.0451 -21343.2 3349.32 -17993.9 54156.6 1.05341
882000 0.65 301.586 -272.597 -21331.2 3373.83 -17957.4 54329.9 1.05003
883000 0.65 300.331 218.588 -21379 3359.8 -18019.2 53839.4 1.0596
884000 0.65 298.254 -66.902 -21376.3 3336.56 -18039.7 53795.6 1.06045
885000 0.65 298.225 -184.76 -21302.7 3336.23 -17966.5 54115.4 1.0542
886000 0.65 300.501 42.0182 -21290.2 3361.7 -17928.5 54183.3 1.05289
887000 0.65 298.384 -18.6316 -21352.4 3338.02 -18014.4 54066.8 1.05514
888000 0.65 297.647 26.6415 -21387 3329.77 -18057.2 53931.8 1.0578
889000 0.65 299.201 -9.7419 -21383.2 3347.15 -18036.1 54156.5 1.05341
890000 0.65 299.27 -188.24 -21356.4 3347.93 -18008.5 54187.3 1.05279
891000 0.65 299.684 11.4198 -21358 3352.55 -18005.5 54044.4 1.05558
892000 0.65 301.991 -284.926 -21414.7 3378.37 -18036.3 54043.6 1.05559
893000 0.65 302.043 63.0009 -21312.4 3378.94 -17933.4 54137.5 1.05376
894000 0.65 299.699 6.98703 -21378.9 3352.73 -18026.2 53800 1.06037
895000 0.65 300.436 -10.1418 -21320.3 3360.97 -17959.3 54220.5 1.05215
896000 0.65 299.221 -79.4373 -21332 3347.38 -17984.6 54384.7 1.04898
897000 0.65 301.211 191.34 -21428.2 3369.64 -18058.6 54219.8 1.05218
898000 0.65 300.181 137.24 -21414.3 3358.12 -18056.2 54365.2 1.04935
899000 0.65 300.296 -164.598 -21371.5 3359.4 -18012.1 54290.3 1.05079
900000 0.65 298.378 -115.408 -21343.8 3337.95 -18005.8 54323.9 1.05014
901000 0.65 300.297 17.3376 -21411.1 3359.41 -18051.7 54444.5 1.04784
902000 0.65 298.935 105.308 -21410.7 3344.18 -18066.5 53891 1.05858
903000 0.65 301.285 -77.1616 -21410.1 3370.47 -18039.6 53886 1.05869
904000 0.65 298.873 171.479 -21415.2 3343.49 -18071.7 54431.8 1.04807
905000 0.65 299.177 13.9021 -21472.2 3346.88 -18125.3 53951.9 1.05739
906000 0.65 300.218 -148.71 -21380.7 3358.53 -18022.2 53980.5 1.05684
907000 0.65 300.657 307.171 -21318.9 3363.45 -17955.4 53923.9 1.05794
908000 0.65 299.256 86.4825 -21367.8 3347.77 -18020 54033.7 1.05578
909000 0.65 301.101 -70.5724 -21367.6 3368.41 -17999.1 54141.6 1.05368
910000 0.65 300.371 -213.139 -21347.9 3360.24 -17987.7 54187 1.0528
911000 0.65 300.494 18.0421 -21404.3 3361.62 -18042.7 53813.3 1.0601
912000 0.65 299.122 44.978 -21335.4 3346.27 -17989.1 53949.8 1.05743
913000 0.65 299.853 -122.098 -21313.1 3354.45 -17958.7 53943.7 1.05757
914000 0.65 299.927 181.692 -21323.8 3355.28 -17968.5 53881.6 1.05878
915000 0.65 298.734 -189.203 -21345 3341.93 -18003 53867.1 1.05907
916000 0.65 300.438 -45.5415 -21352.5 3360.99 -17991.5 54137.2 1.05377
917000 0.65 300.814 -4.69317 -21384 3365.2 -18018.8 54107.5 1.05435
918000 0.65 300.047 -60.5591 -21427 3356.62 -18070.4 53944.7 1.05752
919000 0.65 299.991 12.4169 -21356.6 3355.99 -18000.6 53650.6 1.06332
920000 0.65 298.251 49.0228 -21320.1 3336.53 -17983.6 54034 1.0558
921000 0.65 299.74 108.342 -21344.3 3353.19 -17991.1 54391.9 1.04883
922000 0.65 299.86 -18.2499 -21358 3354.53 -18003.5 54156.5 1.05339
923000 0.65 299.767 -67.5764 -21449.8 3353.48 -18096.3 54182.1 1.0529
924000 0.65 301.04 -65.072 -21432.8 3367.73 -18065.1 54223.9 1.05208
925000 0.65 300.89 -62.34 -21412.6 3366.05 -18046.6 54573.4 1.04535
926000 0.65 298.618 -87.4706 -21415 3340.63 -18074.4 54489.9 1.04696
927000 0.65 301.577 13.7999 -21365.5 3373.74 -17991.7 54363.1 1.04939
928000 0.65 299.533 -117.738 -21353.2 3350.87 -18002.4 54370.5 1.04924
929000 0.65 299.569 178.384 -21375.2 3351.27 -18023.9 54434 1.04802
930000 0.65 300.088 -85.8638 -21268.9 3357.08 -17911.9 54288 1.05091
931000 0.65 300.105 -68.5743 -21330.2 3357.26 -17972.9 54178.3 1.05297
932000 0.65 297.531 135.93 -21339 3328.48 -18010.6 54246.5 1.05164
933000 0.65 299.695 -161.235 -21341.3 3352.68 -17988.6 54218.2 1.0522
934000 0.65 299.64 88.8853 -21374.4 3352.06 -18022.3 53913.5 1.05814
935000 0.65 298.745 -149.717 -21336.4 3342.05 -17994.3 54160.9 1.05331
936000 0.65 299.943 49.5919 -21399.3 3355.46 -18043.8 54070.7 1.05507
937000 0.65 299.772 -56.3077 -21343.7 3353.54 -17990.1 54376.6 1.04912
938000 0.65 301.87 -62.2815 -21335.1 3377.02 -17958.1 54043.7 1.05561
939000 0.65 299.916 -45.2834 -21327.6 3355.15 -17972.5 54136 1.05378
940000 0.65 300.152 175.316 -21341 3357.8 -17983.2 54112.4 1.05425
941000 0.65 301.979 205.892 -21351.4 3378.24 -17973.2 54129.4 1.05392
942000 0.65 299.253 -214.743 -21358.3 3347.74 -18010.6 54245.7 1.05167
943000 0.65 298.56 7.74902 -21377.4 3339.98 -18037.4 53977.4 1.05689
944000 0.65 300.711 -61.4005 -21379.8 3364.05 -18015.8 54292 1.05084
945000 0.65 300.536 -44.1087 -21336.5 3362.1 -17974.4 54486.3 1.04702
946000 0.65 300.143 -203.858 -21341.5 3357.69 -17983.8 54214.6 1.05226
947000 0.65 299.725 101.107 -21383.9 3353.02 -18030.9 53857.5 1.05925
948000 0.65 299.341 82.8196 -21308.6 3348.73 -17959.8 53716.2 1.06206
949000 0.65 300.856 103.828 -21351.4 3365.67 -17985.7 54706.6 1.0428
950000 0.65 301.394 112.309 -21339.9 3371.69 -17968.2 54159.4 1.05334
951000 0.65 299.657 -4.8423 -21380.4 3352.26 -18028.1 54528 1.04622
952000 0.65 298.437 -147.891 -21322.7 3338.61 -17984.1 54315.6 1.05031
953000 0.65 297.889 10.5092 -21343.9 3332.48 -18011.4 54557.8 1.04565
954000 0.65 299.148 85.4284 -21377.9 3346.57 -18031.3 54184.7 1.05285
955000 0.65 299.841 0.165405 -21372.2 3354.32 -18017.9 54402.2 1.04865
956000 0.65 301.248 74.9046 -21460.6 3370.05 -18090.5 54696.4 1.04299
957000 0.65 300.132 137.662 -21428 3357.57 -18070.4 54566.6 1.04555
958000 0.65 301.682 45.6416 -21412.3 3374.91 -18037.4 53918.9 1.05803
959000 0.65 300.179 -110.584 -21391.6 3358.1 -18033.5 54287.1 1.05086
960000 0.65 300.83 -143.012 -21440 3365.38 -18074.7 54375.7 1.04915
961000 0.65 299.213 139.466 -21363.8 3347.29 -18016.5 54098.3 1.05454
962000 0.65 301.228 135.822 -21326.7 3369.83 -17956.9 54118 1.05415
963000 0.65 299.883 14.6527 -21332.4 3354.79 -17977.6 54048.8 1.05549
964000 0.65 299.147 -107.706 -21321.8 3346.55 -17975.3 54030.9 1.05587
965000 0.65 299.359 92.6183 -21376.9 3348.92 -18028 53908.4 1.05824
966000 0.65 300.865 -172.718 -21370.4 3365.77 -18004.6 54014.4 1.05616
967000 0.65 302.385 -33.9392 -21340 3382.78 -17957.2 53934.4 1.05774
968000 0.65 299.797 -33.5274 -21330.5 3353.82 -17976.7 54003 1.05639
969000 0.65 300.983 -16.8882 -21300 3367.09 -17933 54118.4 1.05417
970000 0.65 299.683 44.0562 -21293.4 3352.54 -17940.9 54474.8 1.04723
971000 0.65 299.739 42.9367 -21310.7 3353.17 -17957.5 53909.7 1.05821
972000 0.65 299.551 70.6174 -21303 3351.08 -17951.9 53975.5 1.05692
973000 0.65 299.804 -28.0894 -21376.6 3353.9 -18022.7 53972.1 1.05699
974000 0.65 301.051 -38.3257 -21413.2 3367.86 -18045.4 53912.9 1.05815
975000 0.65 299.588 -17.6357 -21392 3351.48 -18040.5 54127.1 1.05397
976000 0.65 301.036 37.9676 -21429.4 3367.69 -18061.7 54248.6 1.05161
977000 0.65 298.547 -59.3158 -21323.6 3339.84 -17983.8 54577.4 1.0453
978000 0.65 298.779 167.793 -21367 3342.44 -18024.6 54070.5 1.05507
979000 0.65 298.76 -129.358 -21342.1 3342.22 -17999.9 53957.3 1.05728
980000 0.65 300.568 116.743 -21363.2 3362.45 -18000.7 54238.3 1.0518
981000 0.65 300.238 27.7743 -21273.7 3358.76 -17914.9 54074.2 1.055
982000 0.65 298.037 -52.5819 -21321.2 3334.14 -17987.1 53587.5 1.06458
983000 0.65 300.832 -143.496 -21292 3365.4 -17926.6 53864.4 1.05912
984000 0.65 299.469 -156.928 -21322.6 3350.16 -17972.5 53961.4 1.0572
985000 0.65 298.408 310.287 -21288.9 3338.28 -17950.6 53942.3 1.05759
986000 0.65 301.157 14.4631 -21346.5 3369.04 -17977.4 54496.2 1.04683
987000 0.65 298.106 156.93 -21336.7 3334.91 -18001.8 54378.9 1.04908
988000 0.65 299.355 35.2249 -21351.1 3348.88 -18002.2 54146.7 1.05358
989000 0.65 298.919 -68.667 -21382.5 3344 -18038.5 54184.1 1.05287
990000 0.65 298.329 167.814 -21376.2 3337.4 -18038.8 54008.4 1.05628
991000 0.65 298.914 32.3549 -21267.3 3343.94 -17923.4 54145.4 1.05362
992000 0.65 300.219 -278.159 -21331.7 3358.54 -17973.2 54083.7 1.05481
993000 0.65 300.964 -53.8683 -21350.9 3366.88 -17984 53917.1 1.0581
994000 0.65 299.362 14.3422 -21367.3 3348.96 -18018.3 53989.2 1.05666
995000 0.65 299.81 -42.434 -21371.9 3353.97 -18017.9 54190.2 1.05275
996000 0.65 300.061 -136.773 -21312.3 3356.78 -17955.5 54099.1 1.05452
997000 0.65 299.829 36.4485 -21349.1 3354.18 -17994.9 54265.2 1.05128
998000 0.65 300.289 94.2872 -21363 3359.32 -18003.7 54441.8 1.04789
999000 0.65 299.666 -3.93104 -21347.4 3352.36 -17995 53884.9 1.05872
1000000 0.65 299.549 118.528 -21391.3 3351.05 -18040.3 54038.6 1.05569
1001000 0.65 299.462 12.9467 -21369.1 3350.08 -18019 54287.2 1.05085
1002000 0.65 300.969 73.0695 -21442.9 3366.94 -18075.9 54254.4 1.05149
1003000 0.65 300.178 -81.8819 -21384.5 3358.09 -18026.4 54184.7 1.05285
1004000 0.65 299.589 -55.6722 -21371 3351.5 -18019.5 54054.5 1.05538
1005000 0.65 298.27 15.6299 -21370.8 3336.74 -18034 54101.3 1.05449
1006000 0.65 300.941 -52.0727 -21366.9 3366.62 -18000.2 54182.1 1.05292
1007000 0.65 300.662 -42.1732 -21379.1 3363.5 -18015.6 54070.1 1.05509
1008000 0.65 299.146 -73.9606 -21321.3 3346.55 -17974.8 54020.9 1.05603
1009000 0.65 300.07 87.2838 -21403 3356.87 -18046.1 54229.3 1.05201
1010000 0.65 299.098 -45.2797 -21291.2 3346.01 -17945.2 54263.8 1.05132
1011000 0.65 299.162 -124.457 -21345.3 3346.72 -17998.6 54066.1 1.05516
1012000 0.65 299.521 -164.13 -21343 3350.73 -17992.3 53990.4 1.05664
1013000 0.65 299.61 -202.001 -21314.1 3351.73 -17962.4 53945.7 1.0575
1014000 0.65 300.28 -89.1288 -21326.3 3359.22 -17967.1 53920.8 1.05801
1015000 0.65 299.615 30.4184 -21331 3351.79 -17979.2 54125.5 1.05399
1016000 0.65 298.432 27.197 -21357.7 3338.55 -18019.1 54223.2 1.05211
1017000 0.65 298.811 -99.1715 -21357.1 3342.79 -18014.3 54165.2 1.05324
1018000 0.65 300.216 3.89143 -21380.6 3358.51 -18022 53881.5 1.05877
1019000 0.65 299.886 -64.8924 -21398.4 3354.82 -18043.5 53838.8 1.0596
1020000 0.65 300.764 -104.02 -21313.5 3364.64 -17948.9 54179.2 1.05296
1021000 0.65 299.737 -105.012 -21337.1 3353.15 -17983.9 54285.8 1.0509
1022000 0.65 299.795 35.1686 -21396.9 3353.8 -18043.1 54009.9 1.05625
1023000 0.65 302.051 178.89 -21336.9 3379.03 -17957.8 54023.4 1.05599
1024000 0.65 301.848 45.2499 -21332.8 3376.77 -17956.1 54243.4 1.0517
1025000 0.65 300.499 -74.9773 -21335.5 3361.68 -17973.8 54311.1 1.0504
1026000 0.65 299.94 0.874321 -21365.4 3355.43 -18010 54326.8 1.05009
1027000 0.65 298.029 191.087 -21392.8 3334.04 -18058.8 54088.3 1.05472
1028000 0.65 299.726 -95.1049 -21374.9 3353.03 -18021.9 53981.6 1.05681
1029000 0.65 300.736 163.23 -21387.6 3364.33 -18023.3 54217.6 1.05221
1030000 0.65 300.63 61.0741 -21262.5 3363.14 -17899.4 54261.3 1.05136
1031000 0.65 300.413 111.016 -21409.1 3360.71 -18048.4 53832.5 1.05973
1032000 0.65 299.521 -1.70634 -21422.5 3350.73 -18071.8 54004.1 1.05637
1033000 0.65 299.867 -241.407 -21390.6 3354.6 -18035.9 53925.6 1.0579
1034000 0.65 299.505 109.479 -21377.2 3350.56 -18026.7 54266.7 1.05126
1035000 0.65 299.376 -91.8698 -21274 3349.11 -17924.8 54336.9 1.04992
1036000 0.65 299.962 311.72 -21377.9 3355.67 -18022.2 54427.5 1.04814
1037000 0.65 300.17 -298.44 -21391.9 3357.99 -18033.9 54162.2 1.0533
1038000 0.65 302.44 -111.215 -21400.9 3383.39 -18017.5 54328.5 1.05007
1039000 0.65 300.239 150.117 -21358.7 3358.76 -17999.9 54283 1.05093
1040000 0.65 298.602 -104.824 -21389 3340.45 -18048.5 54058.6 1.05532
1041000 0.65 301.3 112.338 -21374.5 3370.63 -18003.8 53833.6 1.05972
1042000 0.65 299.791 158.217 -21290.2 3353.75 -17936.5 54031.4 1.05583
1043000 0.65 299.762 40.8219 -21378.8 3353.43 -18025.3 53866.1 1.05908
1044000 0.65 302.347 -41.9827 -21330.1 3382.35 -17947.8 54059.5 1.05532
1045000 0.65 300.275 -33.2589 -21336.7 3359.17 -17977.6 54231.2 1.05194
1046000 0.65 300.801 183.319 -21349 3365.06 -17984 54150.9 1.05351
1047000 0.65 299.012 166.029 -21376.2 3345.04 -18031.2 54032.7 1.0558
1048000 0.65 300.388 186.063 -21382.1 3360.43 -18021.7 54283.2 1.05095
1049000 0.65 300.448 -0.973641 -21447.4 3361.1 -18086.3 54344.7 1.04974
1050000 0.65 300.314 144.104 -21389.9 3359.6 -18030.3 54315.3 1.05033
1051000 0.65 301.107 13.9284 -21385.8 3368.48 -18017.3 54170.2 1.05312
1052000 0.65 299.738 169.638 -21376 3353.17 -18022.9 54215.2 1.05227
1053000 0.65 300.228 -85.4233 -21343.8 3358.65 -17985.2 54016.4 1.05613
1054000 0.65 300.163 -85.218 -21346.5 3357.92 -17988.6 53872.5 1.05895
1055000 0.65 299.276 29.7821 -21373.5 3347.99 -18025.5 53979.1 1.05686
1056000 0.65 299.072 162.116 -21393.8 3345.71 -18048.1 54015.8 1.05614
1057000 0.65 301.055 -158.071 -21411.5 3367.9 -18043.6 54336.4 1.04991
1058000 0.65 301.092 87.5472 -21372.2 3368.3 -18003.9 53951.8 1.05738
1059000 0.65 299.776 -28.0494 -21355.7 3353.59 -18002.1 54321 1.0502
1060000 0.65 298.292 167.142 -21390.5 3336.98 -18053.5 53688.4 1.06258
1061000 0.65 301.128 111.239 -21368.2 3368.72 -17999.5 53861.7 1.05917
1062000 0.65 299.178 -34.7321 -21385.9 3346.9 -18039 54189.4 1.05277
1063000 0.65 299.616 148.492 -21361.1 3351.8 -18009.3 53803.1 1.06031
1064000 0.65 299.888 -146.67 -21408 3354.84 -18053.1 53854.6 1.0593
1065000 0.65 300.52 204.376 -21307.5 3361.92 -17945.5 53890.7 1.05858
1066000 0.65 300.81 45.3661 -21323 3365.15 -17957.9 54007.3 1.05631
1067000 0.65 300.604 -111.315 -21374.6 3362.85 -18011.8 53853.7 1.05931
1068000 0.65 300.383 68.7418 -21283.6 3360.38 -17923.3 53801.2 1.06035
1069000 0.65 300.86 175.742 -21375.5 3365.72 -18009.8 53903.9 1.05835
1070000 0.65 298.66 148.363 -21370.9 3341.1 -18029.8 53993.1 1.05659
1071000 0.65 300.099 53.9561 -21351.4 3357.2 -17994.2 54078.8 1.05493
1072000 0.65 300.131 -27.6434 -21332.1 3357.56 -17974.5 53866 1.05909
1073000 0.65 301.056 -144.281 -21379.5 3367.9 -18011.6 53987.8 1.05672
1074000 0.65 300.453 251.187 -21421.5 3361.16 -18060.3 53928.5 1.05786
1075000 0.65 296.859 -46.5595 -21388.5 3320.95 -18067.5 54569 1.04544
1076000 0.65 300.94 -46.1309 -21435.2 3366.61 -18068.6 54032.3 1.05581
1077000 0.65 298.771 27.4139 -21415.2 3342.35 -18072.9 54102 1.05446
1078000 0.65 300.267 196.613 -21366.9 3359.08 -18007.8 54097.9 1.05454
1079000 0.65 298.993 -116.126 -21370.9 3344.83 -18026.1 54339.8 1.04986
1080000 0.65 299.167 127.283 -21377.1 3346.77 -18030.3 54044.3 1.05559
1081000 0.65 299.921 -132.796 -21385.9 3355.21 -18030.6 53930.2 1.05782
1082000 0.65 301.414 29.0677 -21327.9 3371.92 -17955.9 53821.8 1.05995
1083000 0.65 299.629 20.6244 -21340.9 3351.94 -17988.9 53849.4 1.05941
1084000 0.65 300.162 68.8774 -21369.6 3357.91 -18011.7 54056.7 1.05535
1085000 0.65 299.567 8.28728 -21305.7 3351.25 -17954.4 54313.6 1.05035
1086000 0.65 300.749 -3.69519 -21368.9 3364.47 -18004.5 54221.5 1.05213
1087000 0.65 299.564 125.168 -21368.1 3351.22 -18016.8 53961.2 1.05723
1088000 0.65 301.007 98.8253 -21362.3 3367.36 -17995 53963.8 1.05716
1089000 0.65 299.845 26.6691 -21397.3 3354.36 -18043 53837.5 1.05966
1090000 0.65 300.948 -64.0025 -21408.5 3366.7 -18041.8 53907.4 1.05826
1091000 0.65 296.806 19.0662 -21391.1 3320.36 -18070.7 54238.5 1.0518
1092000 0.65 300.714 -28.6153 -21405.1 3364.08 -18041 53992.9 1.05658
1093000 0.65 300.316 179.89 -21366.5 3359.63 -18006.9 54221.1 1.05214
1094000 0.65 300.553 124.812 -21371.3 3362.28 -18009 53999 1.05647
1095000 0.65 300.319 38.0954 -21342.7 3359.66 -17983 54119.7 1.05413
1096000 0.65 300.083 -143.522 -21350.2 3357.02 -17993.2 54147.8 1.05357
1097000 0.65 299.689 7.46599 -21399.7 3352.61 -18047.1 54229.1 1.052
1098000 0.65 300.678 48.8252 -21383.9 3363.68 -18020.2 54106.8 1.05436
1099000 0.65 301.469 -189.382 -21338.8 3372.53 -17966.3 54132.5 1.05386
1100000 0.65 299.563 24.3795 -21378.5 3351.2 -18027.3 54215.8 1.05226
1101000 0.65 302.169 169.855 -21316.4 3380.35 -17936.1 54153.9 1.05346
1102000 0.65 301.595 -21.6066 -21317 3373.93 -17943.1 54032.6 1.0558
1103000 0.65 299.737 -0.0674254 -21328.9 3353.15 -17975.7 53903.9 1.05834
1104000 0.65 300.615 -14.9304 -21350.7 3362.98 -17987.8 53834.5 1.0597
1105000 0.65 300.758 -167.417 -21327.5 3364.57 -17962.9 54027 1.05593
1106000 0.65 299.925 -118.458 -21421.4 3355.26 -18066.2 53947.9 1.05747
1107000 0.65 299.224 82.8563 -21310 3347.41 -17962.5 54262.4 1.05135
1108000 0.65 301.268 -156.338 -21390.1 3370.28 -18019.8 54192.2 1.05271
1109000 0.65 302.537 -276.1 -21431.3 3384.47 -18046.9 54208 1.05244
1110000 0.65 300.009 -47.6811 -21407 3356.2 -18050.8 54320.4 1.05025
1111000 0.65 300.934 -103.76 -21372.3 3366.54 -18005.7 54235.7 1.05186
1112000 0.65 300.18 165.494 -21368.9 3358.1 -18010.8 53979.6 1.05684
1113000 0.65 300.686 137.148 -21329.9 3363.77 -17966.1 54455 1.04763
1114000 0.65 297.62 121.13 -21408.7 3329.47 -18079.3 54379 1.04909
1115000 0.65 300.39 81.6413 -21401.5 3360.46 -18041 54277.3 1.05106
1116000 0.65 299.531 218.841 -21429.6 3350.84 -18078.8 54069.2 1.05511
1117000 0.65 300.336 70.3775 -21332 3359.86 -17972.1 54283.3 1.05094
1118000 0.65 299.943 62.3721 -21388.5 3355.45 -18033 54144.6 1.05363
1119000 0.65 299.989 -3.61399 -21331.1 3355.97 -17975.1 54154.3 1.05346
1120000 0.65 300.033 -82.7982 -21390.5 3356.46 -18034 53662.8 1.06308
1121000 0.65 300.862 -55.2864 -21362.9 3365.74 -17997.2 53968.7 1.05706
1122000 0.65 299.585 318.322 -21425.1 3351.45 -18073.6 53832 1.05975
1123000 0.65 297.387 92.4306 -21411.3 3326.87 -18084.4 53684.5 1.06266
1124000 0.65 302.072 -100.134 -21391.9 3379.27 -18012.6 53982.7 1.0568
1125000 0.65 301.355 -45.6063 -21349.3 3371.26 -17978 54474.9 1.04724
1126000 0.65 298.528 77.7173 -21360.7 3339.63 -18021.1 53860.1 1.05919
1127000 0.65 301.414 252.755 -21348.1 3371.91 -17976.2 53977.6 1.0569
1128000 0.65 301.096 195.912 -21324.8 3368.36 -17956.5 54178.6 1.05297
1129000 0.65 301.135 102.986 -21268.3 3368.79 -17899.5 54209.7 1.05236
1130000 0.65 299.829 198.485 -21394.6 3354.18 -18040.4 54088.6 1.05473
1131000 0.65 298.882 -171.402 -21340.6 3343.59 -17997 53997.4 1.05649
1132000 0.65 300.213 152.973 -21363.4 3358.48 -18005 53917.1 1.05811
1133000 0.65 300.151 107.569 -21335.6 3357.79 -17977.9 54436 1.048
1134000 0.65 301.326 -170.938 -21377.4 3370.92 -18006.5 54360.4 1.04945
1135000 0.65 301.319 109.832 -21390 3370.85 -18019.2 54150 1.05353
1136000 0.65 301.184 -75.2194 -21343 3369.34 -17973.6 53978 1.05687
1137000 0.65 299.241 -165.609 -21366.1 3347.6 -18018.5 54043.4 1.05559
1138000 0.65 300.669 143.3 -21378.2 3363.58 -18014.6 54183.7 1.05288
1139000 0.65 298.571 -5.92064 -21355.9 3340.11 -18015.8 54162.4 1.05329
1140000 0.65 301.03 127.102 -21400.8 3367.62 -18033.2 53956.9 1.05731
1141000 0.65 298.048 93.732 -21377.4 3334.26 -18043.1 54233.7 1.05191
1142000 0.65 300.612 97.9216 -21322 3362.93 -17959.1 54540.1 1.04599
1143000 0.65 299.356 -61.8828 -21425.7 3348.89 -18076.9 54228.3 1.052
1144000 0.65 299.534 51.697 -21376.1 3350.88 -18025.2 54038.6 1.05571
1145000 0.65 300.662 41.0029 -21379.2 3363.5 -18015.7 54043.7 1.05561
1146000 0.65 298.756 164.387 -21321.4 3342.17 -17979.3 54258.1 1.05141
1147000 0.65 300.795 27.4236 -21356.9 3364.99 -17991.9 53730.5 1.06174
1148000 0.65 298.946 252.172 -21293.9 3344.3 -17949.6 53888.2 1.05864
1149000 0.65 299.927 -133.1 -21254.5 3355.28 -17899.2 54282.9 1.05096
1150000 0.65 298.535 12.2227 -21320 3339.7 -17980.3 54145.5 1.05363
1151000 0.65 300.165 99.7755 -21318.8 3357.94 -17960.9 54125.4 1.05399
1152000 0.65 299.919 -1.62587 -21329.5 3355.19 -17974.3 54270 1.05119
1153000 0.65 300.459 67.0765 -21317.5 3361.23 -17956.3 54224 1.05212
1154000 0.65 301.131 -0.362155 -21302.2 3368.74 -17933.5 53845.8 1.05947
1155000 0.65 300.972 35.8717 -21337.2 3366.96 -17970.2 53792.4 1.06052
1156000 0.65 298.654 -28.9626 -21337.3 3341.04 -17996.2 54116.2 1.05418
1157000 0.65 301.818 102.798 -21319.2 3376.43 -17942.8 53772.8 1.06094
1158000 0.65 299.89 -43.7207 -21302.2 3354.87 -17947.3 53936.9 1.05771
1159000 0.65 299.03 42.1188 -21370.5 3345.25 -18025.2 54252.6 1.05155
1160000 0.65 300.65 2.55511 -21360.1 3363.37 -17996.8 54318.4 1.05025
1161000 0.65 300.501 -17.5612 -21413 3361.7 -18051.3 54253.7 1.05151
1162000 0.65 299.476 184.423 -21371.7 3350.23 -18021.5 54262.2 1.05135
1163000 0.65 298.351 217.078 -21327.2 3337.64 -17989.6 54197.7 1.0526
1164000 0.65 300.745 -72.6475 -21342.3 3364.42 -17977.9 54102.2 1.05447
1165000 0.65 298.85 -28.5975 -21378.8 3343.23 -18035.6 54001.2 1.05643
1166000 0.65 298.118 71.76 -21337.8 3335.04 -18002.8 53774.5 1.06088
1167000 0.65 302.999 51.675 -21367.8 3389.64 -17978.2 53972.1 1.05702
1168000 0.65 301.355 -193.111 -21333 3371.26 -17961.8 54376.2 1.0492
1169000 0.65 301.425 60.4972 -21346.3 3372.03 -17974.2 54190.7 1.05274
1170000 0.65 299.016 -71.7119 -21404.2 3345.09 -18059.1 54077.7 1.05495
1171000 0.65 298.681 135.275 -21390.6 3341.34 -18049.3 54225.6 1.05207
1172000 0.65 301.499 -119.767 -21413.5 3372.86 -18040.6 54296.8 1.05068
1173000 0.65 300.644 -26.4311 -21346.6 3363.29 -17983.3 54046.8 1.05554
1174000 0.65 299.513 161.239 -21326.2 3350.65 -17975.6 54312.6 1.05036
1175000 0.65 298.598 253.471 -21312.8 3340.41 -17972.4 54328.2 1.05007
1176000 0.65 298.955 -112.134 -21286.3 3344.4 -17941.9 53964.2 1.05716
1177000 0.65 300.817 -6.96133 -21350.2 3365.24 -17984.9 54320.1 1.05024
1178000 0.65 299.15 -138.897 -21308.1 3346.59 -17961.5 54031.1 1.05583
1179000 0.65 300.622 -70.0385 -21397.1 3363.05 -18034.1 54168.6 1.05318
1180000 0.65 300.61 38.0293 -21333.8 3362.92 -17970.9 54350.5 1.04963
1181000 0.65 299.705 -103.718 -21330.3 3352.79 -17977.5 54060 1.05528
1182000 0.65 299.508 -135.391 -21419.9 3350.59 -18069.3 54256 1.05148
1183000 0.65 301.618 -100.102 -21307.6 3374.2 -17933.4 53964 1.05719
1184000 0.65 298.287 36.9376 -21311.3 3336.93 -17974.4 53911.6 1.05822
1185000 0.65 301.236 226.372 -21416.7 3369.92 -18046.8 54062.6 1.05523
1186000 0.65 299.063 -104.741 -21395.7 3345.61 -18050.1 54015.8 1.05613
1187000 0.65 300.018 2.3802 -21369.6 3356.3 -18013.3 54043.9 1.0556
1188000 0.65 299.761 81.7658 -21397.6 3353.42 -18044.1 53995.5 1.05653
1189000 0.65 301.12 -177.583 -21382.9 3368.63 -18014.3 54247.8 1.05165
1190000 0.65 298.861 1.60076 -21429.2 3343.35 -18085.9 54198.3 1.05259
1191000 0.65 298.687 -71.4702 -21295.1 3341.4 -17953.7 54181.3 1.0529
1192000 0.65 298.013 2.43786 -21335.9 3333.87 -18002 53934.5 1.05774
1193000 0.65 297.909 -7.41714 -21413.3 3332.7 -18080.6 54224.4 1.05207
1194000 0.65 301.017 238.044 -21329.7 3367.47 -17962.3 54048.1 1.05554
1195000 0.65 299.084 -127.407 -21393.1 3345.84 -18047.3 53999.5 1.05646
1196000 0.65 300.382 23.0932 -21354.7 3360.37 -17994.4 54057.8 1.05531
1197000 0.65 300.128 28.232 -21345.3 3357.53 -17987.8 54259.1 1.0514
1198000 0.65 299.875 -31.2659 -21433.7 3354.69 -18079 54259 1.05141
1199000 0.65 302.742 59.9772 -21351.5 3386.77 -17964.7 54149 1.05354
1200000 0.65 298.296 26.3099 -21351.3 3337.03 -18014.2 54043.5 1.05559
1201000 0.65 299.802 -119.151 -21379.9 3353.87 -18026.1 54430.8 1.04809
1202000 0.65 297.72 -3.04008 -21356 3330.58 -18025.4 54256.8 1.05144
1203000 0.65 302.393 88.9043 -21347.7 3382.86 -17964.8 54044.6 1.05557
1204000 0.65 299.307 -72.4999 -21384.8 3348.34 -18036.4 54346.2 1.04972
1205000 0.65 300.675 -77.0878 -21422.3 3363.64 -18058.6 54418.8 1.04832
1206000 0.65 299.501 115.698 -21373.3 3350.51 -18022.8 54125.7 1.054
1207000 0.65 300.367 -4.42324 -21274 3360.19 -17913.8 54033.9 1.0558
1208000 0.65 300.762 -96.7084 -21300.7 3364.62 -17936.1 53868 1.05903
1209000 0.65 299.541 -105.247 -21385.6 3350.96 -18034.6 53926.2 1.05789
1210000 0.65 300.465 -179.528 -21403.7 3361.29 -18042.4 53993.1 1.05658
1211000 0.65 302.369 113.235 -21406.3 3382.59 -18023.7 54195.4 1.05264
1212000 0.65 300.273 6.98635 -21363.9 3359.15 -18004.7 54580 1.04527
1213000 0.65 299.763 24.3528 -21379.3 3353.45 -18025.9 54152.3 1.05352
1214000 0.65 299.879 -195.468 -21449.1 3354.74 -18094.4 53971.5 1.057
1215000 0.65 301.057 -6.40009 -21412.4 3367.92 -18044.5 54109.9 1.0543
1216000 0.65 298.063 -20.4775 -21301.1 3334.43 -17966.6 54103.2 1.05443
1217000 0.65 300.151 -28.697 -21326.6 3357.78 -17968.8 54069.6 1.05509
1218000 0.65 297.983 -122.793 -21364.9 3333.54 -18031.4 54004.7 1.05635
1219000 0.65 301.046 -135.821 -21398 3367.79 -18030.2 54334.9 1.04996
1220000 0.65 301.164 208.844 -21410.2 3369.12 -18041.1 54288.2 1.05089
1221000 0.65 299.808 -80.9976 -21369.7 3353.95 -18015.8 54480.7 1.04715
1222000 0.65 301.585 83.5692 -21374.6 3373.82 -18000.7 54237.9 1.0518
1223000 0.65 300.221 -67.4072 -21322.1 3358.56 -17963.6 54424.7 1.0482
1224000 0.65 300.731 -32.8512 -21377.4 3364.28 -18013.1 54014.8 1.05615
1225000 0.65 300.575 130.409 -21399.6 3362.53 -18037 54164.3 1.05326
1226000 0.65 301.31 184.138 -21378.8 3370.75 -18008 54126.9 1.05397
1227000 0.65 300.512 -123.976 -21340 3361.82 -17978.2 54804.2 1.04095
1228000 0.65 298.072 -104.638 -21335.8 3334.53 -18001.3 54499.9 1.04676
1229000 0.65 300.515 70.6892 -21393.5 3361.86 -18031.7 54275.9 1.05108
1230000 0.65 300.581 55.5504 -21350.8 3362.59 -17988.2 54152.3 1.05347
1231000 0.65 300.63 -126.852 -21365.4 3363.15 -18002.3 53899.7 1.05841
1232000 0.65 300.238 131.649 -21362 3358.75 -18003.3 54572.6 1.04536
1233000 0.65 299.576 121.66 -21365 3351.35 -18013.7 53973.1 1.05703
1234000 0.65 299.439 -328.159 -21364.6 3349.81 -18014.7 54087.2 1.05475
1235000 0.65 301.138 -64.9479 -21412.3 3368.82 -18043.5 53899.5 1.05842
1236000 0.65 298.522 -25.0063 -21357.4 3339.56 -18017.8 53966.6 1.05713
1237000 0.65 300.269 -179.91 -21315.8 3359.1 -17956.7 54078.4 1.05496
1238000 0.65 301.226 100.37 -21282 3369.81 -17912.2 53985.6 1.05676
1239000 0.65 301.462 279.836 -21365.1 3372.45 -17992.6 53823.3 1.05993
1240000 0.65 300.015 49.7882 -21351.9 3356.26 -17995.6 53930.8 1.05784
1241000 0.65 300.087 -152.289 -21342.4 3357.06 -17985.4 54265.7 1.05127
1242000 0.65 299.967 291.167 -21310.2 3355.72 -17954.5 54020.6 1.05606
1243000 0.65 300.263 57.1182 -21420.5 3359.03 -18061.5 54177.9 1.053
1244000 0.65 301.453 -211.982 -21417.4 3372.35 -18045 54429 1.04811
1245000 0.65 300.4 -101.697 -21412.4 3360.57 -18051.8 54195.7 1.05263
1246000 0.65 299.96 -154.447 -21389.7 3355.65 -18034 54180.8 1.05293
1247000 0.65 300.732 -143.133 -21366.7 3364.28 -18002.4 54322 1.05018
1248000 0.65 299.814 6.3982 -21330 3354.01 -17976 54136.5 1.05378
1249000 0.65 298.93 167.317 -21368.7 3344.13 -18024.6 54161.3 1.05329
1250000 0.65 298.302 112.635 -21386.4 3337.1 -18049.3 54193.1 1.05269
1251000 0.65 300.745 119.221 -21352.2 3364.42 -17987.7 54079 1.0549
1252000 0.65 301.51 -80.5247 -21351 3372.98 -17978 53795.6 1.06046
1253000 0.65 299.39 283.317 -21388 3349.27 -18038.7 54185.4 1.05289
1254000 0.65 299.551 -89.3759 -21342.5 3351.08 -17991.4 53954 1.05736
1255000 0.65 298.688 -67.0973 -21368.9 3341.42 -18027.4 54479.2 1.04715
1256000 0.65 299.898 -23.319 -21419.3 3354.95 -18064.3 54247.7 1.05162
1257000 0.65 299.772 -10.9981 -21399.8 3353.54 -18046.2 54148.6 1.05354
1258000 0.65 299.431 -3.89461 -21369.8 3349.72 -18020.1 54326.5 1.0501
1259000 0.65 299.298 84.9471 -21343.5 3348.24 -17995.3 54182.7 1.0529
1260000 0.65 301.023 -50.7312 -21363.4 3367.54 -17995.9 54074.6 1.05499
1261000 0.65 300.78 3.20508 -21335.2 3364.83 -17970.4 54293.4 1.05075
1262000 0.65 299.666 291.614 -21447.3 3352.36 -18094.9 54410.9 1.04848
1263000 0.65 300.434 148.422 -21411.4 3360.95 -18050.4 53814.7 1.06009
1264000 0.65 300.578 44.708 -21349.4 3362.56 -17986.8 54393.1 1.04881
1265000 0.65 300.505 125.99 -21343.5 3361.74 -17981.7 54006.9 1.05636
1266000 0.65 301.132 -42.6253 -21339.7 3368.76 -17971 53843.7 1.05951
1267000 0.65 299.176 324.189 -21340.5 3346.88 -17993.6 53893.8 1.05855
1268000 0.65 301.369 156.119 -21289.3 3371.41 -17917.9 54005.9 1.05633
1269000 0.65 301.175 -44.3527 -21378.3 3369.24 -18009.1 54008.1 1.05631
1270000 0.65 300.21 -94.0218 -21386.5 3358.45 -18028 53825.1 1.05991
1271000 0.65 300.695 -114.753 -21360.8 3363.87 -17996.9 53882.8 1.05875
1272000 0.65 300.006 -35.6347 -21336.8 3356.17 -17980.7 54296.6 1.0507
1273000 0.65 299.782 -212.518 -21387.8 3353.65 -18034.1 54411.2 1.04847
1274000 0.65 300.457 122.056 -21328.6 3361.21 -17967.4 53755.6 1.06126
1275000 0.65 301.973 -56.7991 -21331.1 3378.17 -17953 53948.2 1.05746
1276000 0.65 298.617 30.4601 -21340.1 3340.62 -17999.5 54272 1.05118
1277000 0.65 300.074 171.483 -21396.8 3356.93 -18039.9 54191 1.05273
1278000 0.65 300.244 58.7752 -21375.3 3358.82 -18016.5 54244 1.0517
1279000 0.65 298.861 -52.1688 -21322.6 3343.35 -17979.3 54308.5 1.05044
1280000 0.65 301.219 -78.1106 -21350.1 3369.73 -17980.4 53895 1.05851
1281000 0.65 299.075 -47.1697 -21381.9 3345.75 -18036.2 54236.2 1.05185
1282000 0.65 300.89 54.9828 -21380.8 3366.05 -18014.7 54062.2 1.05522
1283000 0.65 300.354 -17.5625 -21295.7 3360.06 -17935.6 54181 1.05292
1284000 0.65 300.314 -74.8701 -21307.7 3359.61 -17948.1 53660.6 1.06313
1285000 0.65 298.282 -146.386 -21354.8 3336.87 -18017.9 54016.2 1.05613
1286000 0.65 299.173 42.5241 -21372.1 3346.84 -18025.3 53789 1.06061
1287000 0.65 299.685 -116.484 -21404.3 3352.57 -18051.7 54107.8 1.05435
1288000 0.65 300.507 -178.826 -21363.8 3361.77 -18002 54142.2 1.05368
1289000 0.65 301.444 -63.0643 -21379.6 3372.25 -18007.3 54054.5 1.05537
1290000 0.65 301.42 132.928 -21299 3371.98 -17927 54010.6 1.05623
1291000 0.65 299.956 6.51198 -21381.9 3355.61 -18026.3 54192.7 1.05269
1292000 0.65 301.263 -25.4757 -21375.8 3370.22 -18005.6 54074.2 1.05501
1293000 0.65 300.164 -62.0701 -21365.4 3357.92 -18007.5 54048.9 1.05549
1294000 0.65 300.465 54.2167 -21317.8 3361.3 -17956.5 54082.7 1.05484
1295000 0.65 299.886 59.8421 -21361.8 3354.82 -18006.9 53942 1.05758
1296000 0.65 300.771 -0.0801226 -21385 3364.71 -18020.3 53870.9 1.05898
1297000 0.65 300.494 -5.99348 -21363.6 3361.62 -18002 54058.9 1.05532
1298000 0.65 300.364 86.6441 -21340.9 3360.17 -17980.7 54019.8 1.05606
1299000 0.65 299.208 308.6 -21345.8 3347.23 -17998.5 53981.6 1.05681
1300000 0.65 301.639 -122.842 -21345.9 3374.43 -17971.4 54049.3 1.05548
1301000 0.65 298.796 -102.844 -21369.7 3342.63 -18027.1 54055.1 1.05537
1302000 0.65 299.7 145.702 -21426.2 3352.74 -18073.5 54148.8 1.05354
1303000 0.65 301.691 -101.891 -21348.7 3375.02 -17973.7 54358.3 1.04948
1304000 0.65 298.986 154.478 -21425.6 3344.75 -18080.8 54314 1.05034
1305000 0.65 301.885 82.4506 -21469.1 3377.19 -18092 54172.6 1.05309
1306000 0.65 298.698 -137.659 -21373.2 3341.53 -18031.6 54117.3 1.05417
1307000 0.65 300.423 181.407 -21353.4 3360.83 -17992.6 54096.7 1.05457
1308000 0.65 298.446 281.278 -21360.9 3338.71 -18022.2 53961.8 1.05719
1309000 0.65 300.814 -111.45 -21356.3 3365.2 -17991.1 54059.3 1.05529
1310000 0.65 299.518 66.3624 -21388.5 3350.7 -18037.8 54095.1 1.0546
1311000 0.65 299.691 -68.4456 -21400 3352.64 -18047.3 53981.1 1.05683
1312000 0.65 301.547 -17.1117 -21413 3373.4 -18039.6 54312.5 1.05036
1313000 0.65 301.213 -85.8207 -21351.5 3369.66 -17981.8 54158.2 1.05336
1314000 0.65 298.909 -115.034 -21334 3343.89 -17990.1 54369.5 1.04927
1315000 0.65 299.736 -147.252 -21305.8 3353.14 -17952.6 54658.3 1.04372
1316000 0.65 299.324 13.0601 -21342.9 3348.53 -17994.3 53958.8 1.05726
1317000 0.65 299.982 -48.4617 -21306 3355.89 -17950.1 54141.2 1.05369
1318000 0.65 297.81 178.771 -21357.7 3331.59 -18026.1 54240.1 1.05178
1319000 0.65 299.18 94.9627 -21319.7 3346.92 -17972.7 54185.5 1.05285
1320000 0.65 297.714 -146.787 -21264.7 3330.52 -17934.1 54215.7 1.05226
1321000 0.65 298.659 11.8471 -21355.5 3341.1 -18014.4 54442 1.04786
1322000 0.65 301.198 -172.707 -21366.2 3369.5 -17996.7 54265.2 1.05128
1323000 0.65 299.86 162.625 -21394.2 3354.53 -18039.7 53833.2 1.05972
1324000 0.65 299.712 47.5075 -21402.7 3352.87 -18049.8 53950.9 1.0574
1325000 0.65 300.863 294.505 -21359.9 3365.75 -17994.2 53995.1 1.05654
1326000 0.65 297.648 -127.326 -21324.6 3329.78 -17994.8 54249.8 1.05161
1327000 0.65 301.04 -195.714 -21356.9 3367.73 -17989.2 54269 1.05123
1328000 0.65 301.352 64.254 -21385.5 3371.22 -18014.3 54090.7 1.05469
1329000 0.65 300.972 -46.102 -21349.3 3366.97 -17982.3 53583.2 1.06471
1330000 0.65 298.473 -29.2802 -21368.3 3339.02 -18029.2 53762.6 1.06111
1331000 0.65 300.052 70.557 -21371.5 3356.67 -18014.8 53998.9 1.05649
1332000 0.65 299.922 98.2799 -21339.6 3355.22 -17984.4 53934 1.05774
1333000 0.65 300.465 -43.2442 -21407.8 3361.3 -18046.5 53902.3 1.05836
1334000 0.65 300.426 -81.6137 -21364.8 3360.86 -18003.9 54318.1 1.05027
1335000 0.65 299.836 86.7342 -21362.1 3354.26 -18007.9 54079.8 1.05489
1336000 0.65 299.15 101.576 -21435.9 3346.58 -18089.3 54162.3 1.0533
1337000 0.65 298.137 -34.2061 -21401.5 3335.26 -18066.2 54131.1 1.0539
1338000 0.65 298.736 170.558 -21390.5 3341.95 -18048.6 53935.3 1.05772
1339000 0.65 299.919 -110.49 -21390.1 3355.19 -18034.9 54489.5 1.04697
1340000 0.65 298.833 199.413 -21381 3343.04 -18037.9 54263.6 1.05131
1341000 0.65 300.008 -166.248 -21447.7 3356.19 -18091.5 54050 1.05546
1342000 0.65 298.367 21.4407 -21417.9 3337.82 -18080.1 54284.4 1.05091
1343000 0.65 300.895 -278.35 -21388.5 3366.11 -18022.3 54175.9 1.05302
1344000 0.65 301.12 24.8181 -21401.8 3368.63 -18033.2 54284.2 1.05092
1345000 0.65 301.153 98.6342 -21400.2 3368.99 -18031.2 54513.4 1.0465
1346000 0.65 301.433 -74.9131 -21403 3372.13 -18030.9 54440.5 1.0479
1347000 0.65 298.223 134.192 -21401.2 3336.22 -18065 54439.8 1.04791
1348000 0.65 299.47 -5.80579 -21417.5 3350.17 -18067.3 54188.1 1.05279
1349000 0.65 300.936 -180.964 -21399.1 3366.56 -18032.5 54116.1 1.05418
1350000 0.65 297.96 -160.893 -21365.3 3333.27 -18032 53910.4 1.05821
1351000 0.65 298.876 -54.3703 -21286.8 3343.52 -17943.3 54046.4 1.05554
1352000 0.65 301.378 -126.045 -21417.2 3371.51 -18045.7 53731.7 1.06173
1353000 0.65 300.842 -187.483 -21346.7 3365.52 -17981.2 54030.6 1.05585
1354000 0.65 300.43 69.4207 -21320.9 3360.9 -17960 54254.4 1.05149
1355000 0.65 299.453 -24.0448 -21391.3 3349.97 -18041.4 54378.8 1.0491
1356000 0.65 301.842 -112.355 -21375 3376.7 -17998.3 54132.4 1.05386
1357000 0.65 299.883 -106.572 -21381.2 3354.79 -18026.4 54265.1 1.05128
1358000 0.65 297.71 -60.7664 -21375.3 3330.47 -18044.9 54392.3 1.04884
1359000 0.65 301.111 103.764 -21340.8 3368.53 -17972.2 54133.1 1.05385
1360000 0.65 299.178 -97.5999 -21399.1 3346.9 -18052.2 54413.6 1.04842
1361000 0.65 300.686 40.4799 -21381.2 3363.77 -18017.4 54140.8 1.05371
1362000 0.65 298.447 -206.142 -21392.1 3338.73 -18053.4 54120.6 1.0541
1363000 0.65 301.024 51.4708 -21412 3367.55 -18044.4 53907.6 1.05825
1364000 0.65 299.107 119.591 -21354 3346.11 -18007.9 53896.6 1.05847
1365000 0.65 299.727 -6.60208 -21320.9 3353.04 -17967.9 53968.2 1.05708
1366000 0.65 299.454 63.7292 -21372.7 3349.99 -18022.7 54148.9 1.05355
1367000 0.65 298.592 166.09 -21430.8 3340.35 -18090.5 54270.7 1.05118
1368000 0.65 298.679 -134.082 -21311.8 3341.31 -17970.5 54435.5 1.04799
1369000 0.65 301.454 171.751 -21313.8 3372.36 -17941.5 54456.8 1.04759
1370000 0.65 302.868 -255.84 -21331.1 3388.17 -17942.9 54152.1 1.05348
1371000 0.65 300.813 -12.5194 -21371.2 3365.19 -18006 53690.7 1.06253
1372000 0.65 299.812 -9.23146 -21280.2 3353.99 -17926.3 53873.2 1.05893
1373000 0.65 299.285 78.0145 -21312.7 3348.1 -17964.6 53915.4 1.0581
1374000 0.65 300.577 63.3584 -21329.4 3362.55 -17966.9 54161.5 1.05329
1375000 0.65 298.542 59.4792 -21310.8 3339.78 -17971.1 54358.6 1.04948
1376000 0.65 298.013 -39.6044 -21335.4 3333.86 -18001.5 54377.3 1.04912
1377000 0.65 301.165 101.293 -21352.1 3369.12 -17983 54180.7 1.05291
1378000 0.65 299.348 117.738 -21285.4 3348.8 -17936.6 54120.2 1.05409
1379000 0.65 300.508 -88.5966 -21362 3361.78 -18000.2 54009.8 1.05628
1380000 0.65 299.647 38.2323 -21344.4 3352.14 -17992.2 53762.1 1.06114
1381000 0.65 297.431 25.9654 -21294.3 3327.35 -17966.9 53893.8 1.05857
1382000 0.65 300 -63.9142 -21384 3356.09 -18027.9 53924.5 1.05793
1383000 0.65 300.143 -264.967 -21342.5 3357.69 -17984.8 53719.5 1.06196
1384000 0.65 299.305 53.8958 -21366 3348.32 -18017.7 54180.9 1.05297
1385000 0.65 301.191 -110.591 -21365.8 3369.42 -17996.4 54370.4 1.04925
1386000 0.65 300.396 -66.6494 -21364.7 3360.53 -18004.2 54409.7 1.0485
1387000 0.65 299.151 -122.802 -21377.1 3346.6 -18030.5 54069.1 1.05513
1388000 0.65 300.865 -63.6182 -21331.3 3365.77 -17965.6 54412.8 1.04844
1389000 0.65 300.232 123.531 -21310.3 3358.69 -17951.6 54235.7 1.05185
1390000 0.65 300.512 268.19 -21353.7 3361.82 -17991.9 54662.4 1.04365
1391000 0.65 298.688 -48.4014 -21394.4 3341.41 -18053 54090.2 1.0547
1392000 0.65 300.873 -23.9968 -21388.8 3365.86 -18023 54161.3 1.0533
1393000 0.65 300.475 -117.949 -21390.1 3361.41 -18028.7 54347.2 1.04972
1394000 0.65 300.565 -34.944 -21327.2 3362.41 -17964.8 54462.6 1.04748
1395000 0.65 300.812 -73.8138 -21269.5 3365.18 -17904.3 54312.1 1.0504
1396000 0.65 301.312 -2.87388 -21301.8 3370.77 -17931 54398.7 1.0487
1397000 0.65 298.869 -153.334 -21307.2 3343.44 -17963.7 54374.9 1.04916
1398000 0.65 300.447 -116.146 -21429.6 3361.09 -18068.5 54142.9 1.05366
1399000 0.65 299.683 288.519 -21348.6 3352.55 -17996 54094 1.05461
1400000 0.65 299.273 196.306 -21378.9 3347.96 -18030.9 53959.1 1.05724
1401000 0.65 299.761 19.3115 -21403 3353.42 -18049.6 53916.4 1.05812
1402000 0.65 298.904 227.264 -21389.6 3343.84 -18045.7 54186.9 1.05283
1403000 0.65 299.333 31.8157 -21341.8 3348.63 -17993.2 54261.9 1.05135
1404000 0.65 298.81 152.079 -21350.6 3342.78 -18007.9 54060.7 1.05525
1405000 0.65 298.188 32.3413 -21352.1 3335.82 -18016.3 54069.6 1.05509
1406000 0.65 301.297 -124.608 -21387.7 3370.6 -18017.1 54075.4 1.05498
1407000 0.65 300.5 300.286 -21373.1 3361.69 -18011.4 54251 1.05156
1408000 0.65 299.054 176.22 -21340.9 3345.52 -17995.3 54466.8 1.04741
1409000 0.65 298.493 -44.7136 -21263.8 3339.24 -17924.6 54071.5 1.05506
1410000 0.65 299.383 -41.1452 -21274.2 3349.19 -17925 54165.9 1.05322
1411000 0.65 300.821 -221.008 -21338.9 3365.28 -17973.7 54390.5 1.04887
1412000 0.65 298.71 -72.7902 -21424.4 3341.66 -18082.7 54453.9 1.04766
1413000 0.65 299.535 48.196 -21445.9 3350.89 -18095 54217.5 1.05221
1414000 0.65 300.246 132.547 -21359.6 3358.85 -18000.7 54057.2 1.05532
1415000 0.65 300.094 -0.0155172 -21343.9 3357.15 -17986.7 54490.7 1.04694
1416000 0.65 299.198 69.731 -21347.7 3347.13 -18000.6 54346.6 1.04971
1417000 0.65 300.568 80.0334 -21425.3 3362.45 -18062.8 54080.1 1.0549
1418000 0.65 299.378 152.11 -21386.2 3349.14 -18037.1 54012.7 1.05621
1419000 0.65 298.766 -53.1454 -21419 3342.29 -18076.7 53878.5 1.05884
1420000 0.65 300.292 30.9929 -21428.7 3359.36 -18069.4 54255.5 1.05149
1421000 0.65 300.339 -205.525 -21321.1 3359.88 -17961.3 54076.2 1.05497
1422000 0.65 298.662 -45.2017 -21356.2 3341.13 -18015.1 53891.2 1.05859
1423000 0.65 300.736 201.032 -21345.1 3364.33 -17980.8 54451.9 1.04769
1424000 0.65 300.324 -157.826 -21385 3359.72 -18025.3 54255.2 1.05148
1425000 0.65 299.92 109.723 -21363.8 3355.19 -18008.6 54232.5 1.05195
1426000 0.65 299.284 -19.4736 -21368.8 3348.08 -18020.7 54039.5 1.05568
1427000 0.65 298.793 338.685 -21349.5 3342.59 -18006.9 53837 1.05965
1428000 0.65 299.571 -40.376 -21372.9 3351.3 -18021.6 54132.1 1.05386
1429000 0.65 300.069 14.6845 -21341.9 3356.87 -17985 54273.1 1.05112
1430000 0.65 298.742 25.5904 -21398.5 3342.02 -18056.5 54221.3 1.05213
1431000 0.65 300.165 101.25 -21422 3357.94 -18064 54300.4 1.05062
1432000 0.65 301.817 -155.477 -21404.2 3376.42 -18027.8 54566.8 1.04548
1433000 0.65 298.9 156.283 -21405.9 3343.79 -18062.1 54241.5 1.05174
1434000 0.65 300.508 -45.3866 -21320.7 3361.78 -17958.9 54229 1.05199
1435000 0.65 300.742 -182.081 -21359.5 3364.39 -17995.1 54190.4 1.05274
1436000 0.65 302.196 76.1565 -21363.1 3380.66 -17982.4 54189.1 1.05277
1437000 0.65 299.725 115.954 -21376.6 3353.02 -18023.5 54218 1.0522
1438000 0.65 300.106 -239.042 -21331.2 3357.28 -17973.9 54352.9 1.04959
1439000 0.65 299.39 -132.366 -21332.5 3349.27 -17983.2 54518.4 1.04641
1440000 0.65 301.35 -28.5144 -21315.5 3371.2 -17944.3 54344.1 1.04978
1441000 0.65 301.061 -36.6323 -21307.4 3367.97 -17939.5 54323.1 1.05018
1442000 0.65 301.259 71.322 -21306.6 3370.18 -17936.4 54172.5 1.0531
1443000 0.65 299.691 198.257 -21342.9 3352.64 -17990.3 54009.4 1.05628
1444000 0.65 300.06 -9.60202 -21365.6 3356.77 -18008.9 54176.2 1.05302
1445000 0.65 302.393 -33.2791 -21419.5 3382.86 -18036.6 54327.8 1.05008
1446000 0.65 298.672 -17.8403 -21385.4 3341.23 -18044.2 54498 1.04679
1447000 0.65 298.819 105.555 -21397.8 3342.88 -18054.9 54082.1 1.05483
1448000 0.65 300.733 52.6354 -21407.7 3364.3 -18043.4 54325.2 1.05012
1449000 0.65 301.225 88.1473 -21380.3 3369.8 -18010.5 54161.8 1.05329
1450000 0.65 298.461 43.763 -21385.2 3338.88 -18046.4 54050.8 1.05546
1451000 0.65 300.812 53.8578 -21351.8 3365.18 -17986.7 54211.3 1.05236
1452000 0.65 299.327 14.6301 -21370.9 3348.57 -18022.3 54349.8 1.04965
1453000 0.65 300.846 41.6072 -21363 3365.56 -17997.4 54315.5 1.05033
1454000 0.65 298.447 59.2456 -21330.8 3338.72 -17992.1 54154.4 1.05343
1455000 0.65 299.829 82.0376 -21312.5 3354.18 -17958.3 54262.1 1.05135
1456000 0.65 301.512 -77.28 -21380.8 3373.01 -18007.8 54008.2 1.0563
1457000 0.65 299.941 -105.251 -21372.8 3355.43 -18017.3 53954.5 1.05734
1458000 0.65 298.429 33.9811 -21377.1 3338.52 -18038.6 54076.4 1.05495
1459000 0.65 299.297 -50.9442 -21410 3348.23 -18061.8 54547.8 1.04583
1460000 0.65 300.046 -128.767 -21403.7 3356.61 -18047.1 54525 1.04628
1461000 0.65 300.389 33.0229 -21424.1 3360.44 -18063.7 54574.8 1.04532
1462000 0.65 299.982 163.954 -21352.9 3355.9 -17997 54201.5 1.05251
1463000 0.65 298.435 108.282 -21291.9 3338.59 -17953.3 54109.7 1.05432
1464000 0.65 298.246 17.2709 -21272 3336.47 -17935.6 54077.7 1.05493
1465000 0.65 301.82 -26.0868 -21284.1 3376.46 -17907.6 54132.8 1.05386
1466000 0.65 300.83 98.2978 -21280.5 3365.38 -17915.1 54058.4 1.05531
1467000 0.65 299.535 -6.93457 -21321.2 3350.89 -17970.4 54218.4 1.05218
1468000 0.65 299.184 -155.112 -21371 3346.97 -18024 54140.9 1.0537
1469000 0.65 298.267 5.67871 -21382.9 3336.7 -18046.2 54373.9 1.0492
1470000 0.65 298.684 -256.363 -21394.2 3341.37 -18052.9 54114 1.05422
1471000 0.65 299.52 155.773 -21388.7 3350.72 -18038 54034 1.05578
1472000 0.65 299.39 -179.416 -21328.2 3349.27 -17979 54260 1.05138
1473000 0.65 299.34 -27.5086 -21431 3348.71 -18082.3 54370.9 1.04928
1474000 0.65 299.695 -3.16093 -21404.4 3352.68 -18051.7 54180.1 1.05295
1475000 0.65 299.779 16.8606 -21457.3 3353.62 -18103.7 53698.1 1.06238
1476000 0.65 297.385 90.2158 -21411.3 3326.84 -18084.4 53786.9 1.06063
1477000 0.65 299.98 157.6 -21419.8 3355.87 -18064 53998.3 1.05648
1478000 0.65 300.226 77.0762 -21445.6 3358.63 -18087 53990.6 1.05664
1479000 0.65 297.577 -347.475 -21414.8 3328.99 -18085.8 54109.3 1.05432
1480000 0.65 301.94 -34.1908 -21371.6 3377.79 -17993.8 54122.8 1.05405
1481000 0.65 298.124 23.1319 -21343.6 3335.11 -18008.5 54132.3 1.05387
1482000 0.65 299.694 300.942 -21328.6 3352.67 -17975.9 53826.1 1.05989
1483000 0.65 301.201 98.8149 -21354.1 3369.53 -17984.5 54277.3 1.05105
1484000 0.65 299.096 236.971 -21366.8 3345.99 -18020.8 54090.6 1.05467
1485000 0.65 301.829 -334.752 -21379.7 3376.55 -18003.1 54125.3 1.05401
1486000 0.65 298.936 -145.889 -21362.3 3344.2 -18018.1 54020.9 1.05606
1487000 0.65 302.54 -83.5072 -21354.6 3384.51 -17970.1 54010 1.05625
1488000 0.65 300.783 -45.9437 -21312.1 3364.85 -17947.2 54066.3 1.05518
1489000 0.65 300.321 131.049 -21254.5 3359.68 -17894.9 54172.3 1.05309
1490000 0.65 299.723 -62.8147 -21400.4 3352.99 -18047.4 54491.4 1.04692
1491000 0.65 299.822 13.3908 -21347.5 3354.1 -17993.4 54244.6 1.05168
1492000 0.65 298.438 -80.1792 -21396.5 3338.62 -18057.9 54105 1.05443
1493000 0.65 299.454 -54.1699 -21325.2 3349.99 -17975.3 53860.9 1.05918
1494000 0.65 299.383 -180.689 -21339.5 3349.19 -17990.3 53985.7 1.05674
1495000 0.65 299.568 -136.474 -21406 3351.26 -18054.8 53905.4 1.0583
1496000 0.65 299.652 -125.178 -21387.7 3352.2 -18035.5 54201.7 1.05253
1497000 0.65 300.409 153.165 -21409.6 3360.67 -18048.9 54269.8 1.0512
1498000 0.65 302.649 82.4172 -21357.9 3385.73 -17972.2 54329.1 1.05004
1499000 0.65 300.009 -50.3869 -21308.7 3356.2 -17952.5 54412.6 1.04844
1500000 0.65 299.365 218.085 -21336.2 3348.99 -17987.2 54104.9 1.0544
1501000 0.65 299.931 69.9162 -21311.9 3355.32 -17956.6 54283.7 1.05095
1502000 0.65 300.803 3.82978 -21321.6 3365.07 -17956.6 54056.7 1.05534
1503000 0.65 300.556 -90.2562 -21330.8 3362.32 -17968.5 54044.3 1.05562
1504000 0.65 298.893 -168.645 -21351.9 3343.71 -18008.2 54140.8 1.05371
1505000 0.65 298.883 11.1828 -21331 3343.59 -17987.4 54392 1.04884
1506000 0.65 301.859 -22.979 -21315.8 3376.89 -17938.9 53840.1 1.05958
1507000 0.65 300.366 -85.1916 -21329.9 3360.19 -17969.7 54070.8 1.05506
1508000 0.65 300.904 -109.162 -21322.5 3366.2 -17956.3 54308.2 1.05046
1509000 0.65 301.718 -120.123 -21363 3375.32 -17987.6 54526.7 1.04625
1510000 0.65 300.361 -226.709 -21348.9 3360.13 -17988.7 54411.6 1.04845
1511000 0.65 299.38 126.482 -21395.9 3349.15 -18046.8 54119.1 1.05413
1512000 0.65 301.151 12.2465 -21433.7 3368.97 -18064.7 54307.5 1.05047
1513000 0.65 299.126 -47.129 -21329 3346.31 -17982.7 54119.1 1.05413
1514000 0.65 299.22 35.2189 -21315.8 3347.37 -17968.5 54022.4 1.05602
1515000 0.65 300.512 -118.509 -21393.5 3361.82 -18031.7 54232.3 1.05192
1516000 0.65 298.193 25.8979 -21335 3335.88 -17999.1 54237.6 1.05184
1517000 0.65 300.083 22.9862 -21308.7 3357.03 -17951.7 54370 1.04927
1518000 0.65 299.113 268.373 -21379.1 3346.17 -18033 54216.9 1.05222
1519000 0.65 299.42 17.5606 -21419.2 3349.6 -18069.6 53885.7 1.0587
1520000 0.65 300.558 -12.9479 -21445.5 3362.34 -18083.1 54058.6 1.05532
1521000 0.65 301.706 -91.528 -21397.1 3375.18 -18021.9 54212.5 1.05232
1522000 0.65 298.531 109.294 -21371.7 3339.66 -18032 54287.2 1.05086
1523000 0.65 300.294 35.3304 -21384.2 3359.39 -18024.8 54199.8 1.05255
1524000 0.65 299.233 -21.2494 -21313.8 3347.51 -17966.3 53971.4 1.05702
1525000 0.65 299.784 54.286 -21331.6 3353.68 -17977.9 54200.8 1.05254
1526000 0.65 298.732 -161.405 -21355.7 3341.9 -18013.8 54321.4 1.05019
1527000 0.65 299.094 226.406 -21347.5 3345.96 -18001.6 54111.6 1.05428
1528000 0.65 299.974 -177.333 -21319.4 3355.8 -17963.6 54076.6 1.05496
1529000 0.65 299.874 14.4936 -21357.8 3354.69 -18003.1 54170.3 1.05313
1530000 0.65 300.736 95.5156 -21366.5 3364.33 -18002.2 54148.1 1.05356
1531000 0.65 300.336 246.626 -21335.2 3359.85 -17975.4 54171.8 1.0531
1532000 0.65 300.604 224.86 -21291.9 3362.85 -17929.1 54066.4 1.05516
1533000 0.65 298.159 152.076 -21340.4 3335.5 -18004.9 54450.9 1.04772
1534000 0.65 300.728 15.1823 -21391.2 3364.24 -18027 54026.5 1.05594
1535000 0.65 300.295 39.0399 -21364.9 3359.4 -18005.5 53823.1 1.05993
1536000 0.65 299.199 87.0895 -21328 3347.14 -17980.9 54018.2 1.0561
1537000 0.65 299.42 38.2802 -21278.8 3349.6 -17929.2 53813 1.06012
1538000 0.65 300.098 145.83 -21310.5 3357.19 -17953.3 53625.1 1.06384
1539000 0.65 301.222 -126.008 -21391 3369.76 -18021.3 53868.7 1.05903
1540000 0.65 300.126 -16.3148 -21402.2 3357.5 -18044.7 53898.4 1.05846
1541000 0.65 299.704 6.88258 -21312.7 3352.79 -17959.9 54284.6 1.05091
1542000 0.65 298.855 69.8585 -21335.9 3343.29 -17992.6 54394.5 1.04884
1543000 0.65 299.378 40.8632 -21315.8 3349.13 -17966.6 54210.5 1.05235
1544000 0.65 298.035 257.714 -21326.8 3334.11 -17992.7 53776.2 1.06084
1545000 0.65 299.944 19.3714 -21345.7 3355.46 -17990.2 54226.9 1.05205
1546000 0.65 299.667 195.13 -21396.2 3352.37 -18043.8 54265.6 1.0513
1547000 0.65 300.236 -54.6811 -21370.9 3358.74 -18012.2 53901 1.05838
1548000 0.65 300.955 -267.257 -21446.5 3366.77 -18079.8 54034.7 1.05579
1549000 0.65 297.494 -182.987 -21410.8 3328.06 -18082.7 54077 1.05496
1550000 0.65 299.874 79.8201 -21308.4 3354.68 -17953.7 54352.6 1.04959
1551000 0.65 297.032 -36.9595 -21361.8 3322.89 -18038.9 54028.5 1.05592
1552000 0.65 298.818 -67.0459 -21294.8 3342.88 -17951.9 54147.3 1.05358
1553000 0.65 300.093 21.4165 -21334.8 3357.13 -17977.6 54228.8 1.05199
1554000 0.65 300.588 -100.137 -21375.6 3362.67 -18013 54354.2 1.04958
1555000 0.65 301.465 -269.489 -21362.8 3372.48 -17990.3 53998 1.05649
1556000 0.65 299.645 70.8884 -21393.4 3352.12 -18041.2 53930.3 1.05781
1557000 0.65 300.461 -38.485 -21406.2 3361.25 -18044.9 54159.2 1.05333
1558000 0.65 301.075 -90.2828 -21351.9 3368.12 -17983.8 54456.7 1.04759
1559000 0.65 300.034 -27.5111 -21406.2 3356.47 -18049.7 54320.2 1.05023
1560000 0.65 302.035 131.998 -21345.1 3378.86 -17966.3 54336.6 1.04991
1561000 0.65 301.448 131.708 -21380.7 3372.29 -18008.4 54050.5 1.05547
1562000 0.65 300.246 74.7056 -21370.7 3358.84 -18011.9 53943.7 1.05755
1563000 0.65 300.217 -143.438 -21321.6 3358.52 -17963.1 54150.2 1.05354
1564000 0.65 298.506 19.111 -21385.2 3339.38 -18045.8 53953.8 1.05738
1565000 0.65 299.587 129.439 -21390.5 3351.48 -18039 54497.3 1.0468
1566000 0.65 301.164 -26.718 -21336.8 3369.11 -17967.7 54504.4 1.04667
1567000 0.65 300.556 96.4348 -21372.8 3362.31 -18010.5 54254.8 1.05148
1568000 0.65 299.905 -122.074 -21344 3355.03 -17989 54149 1.05355
1569000 0.65 301.854 255.963 -21385.8 3376.83 -18009 54023.3 1.05599
1570000 0.65 298.979 -116.924 -21356.7 3344.67 -18012.1 54003.6 1.05637
1571000 0.65 300.385 121.539 -21369.9 3360.4 -18009.5 54449.7 1.04772
1572000 0.65 301.104 91.7625 -21327.1 3368.44 -17958.7 54298.5 1.05066
1573000 0.65 300.418 -146.28 -21325.6 3360.77 -17964.9 54159.8 1.05332
1574000 0.65 300.203 169.18 -21351.4 3358.37 -17993.1 53935.8 1.0577
1575000 0.65 300.36 -132.105 -21348.2 3360.12 -17988.1 53748.5 1.0614
1576000 0.65 297.628 73.9656 -21357.9 3329.56 -18028.4 53644.9 1.06344
1577000 0.65 300.101 27.4553 -21384.9 3357.23 -18027.7 53852.7 1.05936
1578000 0.65 298.738 79.0065 -21367.3 3341.98 -18025.4 54006.6 1.05633
1579000 0.65 299.003 -269.894 -21382 3344.95 -18037.1 54052.2 1.05542
1580000 0.65 297.136 130.355 -21341.9 3324.05 -18017.8 54068.1 1.05514
1581000 0.65 301.9 -129.323 -21391.2 3377.35 -18013.8 54054.3 1.05538
1582000 0.65 299.489 -107.63 -21359.1 3350.37 -18008.8 53692 1.06251
1583000 0.65 298.919 -88.9831 -21369.6 3344 -18025.6 53851.5 1.05938
1584000 0.65 299.455 63.3621 -21421.6 3350 -18071.6 53996.8 1.05651
1585000 0.65 299.702 250.251 -21317.4 3352.76 -17964.6 54161.2 1.05329
1586000 0.65 300.007 75.252 -21304.2 3356.18 -17948 54583.8 1.04515
1587000 0.65 300.355 -62.0898 -21394.2 3360.06 -18034.1 53904 1.05833
1588000 0.65 299.105 -35.2359 -21321.3 3346.08 -17975.2 53764.1 1.06112
1589000 0.65 300.657 -106.132 -21386.7 3363.45 -18023.3 54281.3 1.05101
1590000 0.65 301.041 131.176 -21408.9 3367.73 -18041.1 54555.7 1.04571
1591000 0.65 299.51 48.2853 -21404.5 3350.61 -18053.9 54370.8 1.04924
1592000 0.65 301.745 -172.871 -21288 3375.61 -17912.4 54253.8 1.05151
1593000 0.65 300.529 66.1769 -21334.9 3362.02 -17972.9 54187.4 1.05279
1594000 0.65 298.778 158.557 -21276.9 3342.43 -17934.5 54182.6 1.05289
1595000 0.65 301.206 -17.2364 -21316.2 3369.58 -17946.6 53966.9 1.05711
1596000 0.65 300.62 34.6495 -21275.3 3363.03 -17912.3 54121.7 1.05408
1597000 0.65 300.684 29.1279 -21341.9 3363.75 -17978.1 54298.3 1.05067
1598000 0.65 302.498 -30.389 -21304.1 3384.04 -17920.1 53770.1 1.06099
1599000 0.65 299.724 111.81 -21261.5 3353.01 -17908.5 53585.7 1.06461
1600000 0.65 300.128 28.5317 -21345.3 3357.52 -17987.7 53835.4 1.05969
