# Time-averaged data for fix msd_avg
# TimeStep c_msd_water[1] c_msd_water[2] c_msd_water[3] c_msd_water[4]
601000 0.740896 0.76645 0.663839 2.17119
602000 1.70598 1.76719 1.63869 5.11186
603000 2.64416 2.5678 2.57741 7.78938
604000 3.74123 3.51123 3.79706 11.0495
605000 4.68122 4.43977 4.81556 13.9365
606000 5.52996 5.37975 5.59921 16.5089
607000 6.54799 6.16065 6.65372 19.3624
608000 7.81615 7.17889 7.35797 22.353
609000 8.83064 7.81305 8.19549 24.8392
610000 9.65481 8.81225 8.78736 27.2544
611000 10.2612 9.5111 9.69133 29.4636
612000 10.8174 10.508 10.9502 32.2756
613000 11.824 11.6506 12.094 35.5686
614000 12.3655 12.4849 13.4313 38.2817
615000 12.9248 13.3757 14.4884 40.7888
616000 14.2408 14.3346 15.1118 43.6872
617000 15.1523 14.94 15.8408 45.9331
618000 15.9028 15.4916 16.7598 48.1542
619000 16.7797 16.0664 17.6163 50.4624
620000 17.6082 17.1356 18.6799 53.4237
621000 18.0004 17.8494 19.3612 55.211
622000 18.8995 18.5331 20.1039 57.5365
623000 19.7479 19.2162 20.916 59.8801
624000 21.1396 20.2297 22.3449 63.7142
625000 21.603 21.3095 23.3001 66.2126
626000 22.2213 22.8338 23.7997 68.8548
627000 23.3456 23.9294 24.162 71.437
628000 23.601 25.131 25.3241 74.0561
629000 24.0283 25.9692 26.8622 76.8597
630000 25.0425 25.9921 27.6132 78.6478
631000 26.2803 26.6332 28.7169 81.6304
632000 27.3617 27.2582 29.8722 84.4921
633000 28.6993 28.1561 30.4268 87.2822
634000 29.2016 28.7157 30.9942 88.9115
635000 29.9039 29.2478 31.9688 91.1205
636000 30.3347 30.2512 33.5281 94.114
637000 31.3924 31.2496 34.6705 97.3125
638000 31.7362 31.8295 35.5966 99.1623
639000 32.985 32.7481 36.5916 102.325
640000 34.4574 34.3838 37.8407 106.682
641000 35.5517 35.5939 38.2718 109.417
642000 36.2206 36.5043 39.2902 112.015
643000 37.0334 36.8287 39.9973 113.859
644000 37.7995 37.6485 40.3662 115.814
645000 38.9266 38.6658 40.8689 118.461
646000 40.1416 39.6674 41.6411 121.45
647000 41.1204 41.1038 42.9136 125.138
648000 41.8614 42.1831 43.9291 127.974
649000 43.0612 43.2586 44.5258 130.846
650000 44.2571 43.7752 44.8509 132.883
651000 45.0284 44.3091 45.3819 134.719
652000 45.5369 45.8164 46.3172 137.671
653000 46.3767 47.197 47.4989 141.073
654000 47.5576 48.6605 48.6873 144.905
655000 47.6437 49.4412 49.8697 146.955
656000 48.1544 50.5838 51.0218 149.76
657000 49.1748 52.5095 52.6057 154.29
658000 49.6162 53.2365 54.1282 156.981
659000 50.5961 54.4693 54.9135 159.979
660000 51.2976 55.7967 56.1892 163.283
661000 52.6398 56.7199 57.5071 166.867
662000 53.8627 57.5253 57.8737 169.262
663000 54.8295 58.4067 58.0804 171.317
664000 55.7911 59.7509 59.5446 175.087
665000 56.6683 60.4885 60.4065 177.563
666000 57.3897 61.7507 61.1538 180.294
667000 58.2018 62.4434 62.4244 183.07
668000 58.9811 63.7166 63.1418 185.839
669000 59.9039 64.636 64.3984 188.938
670000 60.1431 65.1576 65.8867 191.187
671000 60.5005 65.8911 66.7299 193.122
672000 61.379 67.06 67.6735 196.113
673000 62.7643 67.359 68.5187 198.642
674000 63.995 68.0286 68.104 200.128
675000 65.0052 68.436 68.9652 202.406
676000 66.0566 70.1349 70.4169 206.608
677000 67.47 71.716 71.9224 211.108
678000 69.0931 72.9053 72.9401 214.938
679000 70.5126 73.362 74.031 217.906
680000 72.1516 74.4544 75.1463 221.752
681000 72.4137 75.2841 76.1569 223.855
682000 73.7348 76.3562 76.8212 226.912
683000 73.6923 77.3116 77.6194 228.623
684000 73.8217 78.372 78.5452 230.739
685000 75.8797 78.9048 79.3274 234.112
686000 76.9788 79.9274 80.8313 237.737
687000 78.2706 80.9913 81.5838 240.846
688000 80.5233 81.741 82.2011 244.466
689000 81.774 82.0625 81.9787 245.815
690000 82.6271 83.1036 83.0155 248.746
691000 83.198 84.5112 83.8717 251.581
692000 83.9504 85.3547 83.9632 253.268
693000 85.0185 86.047 85.0504 256.116
694000 86.2046 86.9072 85.1501 258.262
695000 86.6053 87.1992 86.3548 260.159
696000 88.5318 88.8192 87.3011 264.652
697000 89.208 90.1127 87.274 266.595
698000 89.636 90.9502 88.719 269.305
699000 88.7874 90.7293 89.4814 268.998
700000 89.1915 91.8287 90.4496 271.47
701000 90.3205 93.52 91.4008 275.241
702000 91.192 94.128 92.2517 277.572
703000 92.5488 95.5304 93.19 281.269
704000 93.8052 96.4605 94.0849 284.351
705000 95.8378 97.9675 94.5124 288.318
706000 99.1662 99.1391 96.019 294.324
707000 99.7659 99.8567 97.3611 296.984
708000 100.863 100.878 98.2506 299.991
709000 101.831 101.666 98.8053 302.302
710000 102.181 102.328 99.8967 304.406
711000 103.232 103.847 100.796 307.875
712000 103.441 104.466 101.377 309.284
713000 104.889 104.816 102.278 311.983
714000 106.453 106.043 103.545 316.041
715000 108.074 107.029 103.997 319.1
716000 110.276 108.308 104.782 323.366
717000 112.27 110.372 107.114 329.755
718000 113.902 111.091 108.91 333.903
719000 115.282 112.334 109.816 337.432
720000 115.389 113.394 111.032 339.814
721000 116.245 113.639 111.118 341.002
722000 118.951 114.97 113.048 346.969
723000 118.686 116.002 114.827 349.515
724000 119.476 116.553 115.109 351.138
725000 121.563 117.637 115.941 355.142
726000 123.26 119.33 117.212 359.803
727000 124.301 119.62 117.944 361.865
728000 125.458 120.637 118.538 364.633
729000 127.029 121.133 119.617 367.779
730000 127.019 121.765 119.908 368.692
731000 127.893 122.528 120.57 370.99
732000 129.233 123.517 121.082 373.831
733000 129.33 125.314 122.054 376.698
734000 129.659 126.449 122.142 378.25
735000 130.733 127.753 122.201 380.687
736000 131.602 128.296 122.46 382.359
737000 132.966 129.68 123.198 385.844
738000 134.858 131.792 124.601 391.252
739000 135.754 132.487 125.744 393.985
740000 136.736 133.383 126.269 396.388
741000 137.673 134.935 127.559 400.166
742000 137.783 136.346 129.008 403.138
743000 137.974 137.301 130.822 406.096
744000 138.499 138.377 131.6 408.476
745000 140.294 139.258 133.052 412.605
746000 142.218 140.051 133.726 415.995
747000 143.485 139.97 134.515 417.97
748000 143.621 140.908 134.538 419.068
749000 143.164 141.326 135.639 420.129
750000 143.987 141.828 137.16 422.975
751000 146.117 143.561 138.617 428.295
752000 146.773 144.556 139.197 430.526
753000 147.671 144.979 140.15 432.8
754000 147.362 144.763 140.199 432.323
755000 147.508 145.219 140.57 433.297
756000 148.68 146.754 141.326 436.76
757000 150.108 149.419 142.93 442.457
758000 149.724 149.261 142.772 441.757
759000 150.822 150.772 144.529 446.124
760000 151.477 152.127 145.854 449.458
761000 153.483 153.943 147.56 454.986
762000 153.884 153.361 147.817 455.061
763000 155.758 154.355 148.553 458.666
764000 157.32 155.394 148.72 461.434
765000 158.129 155.899 149.751 463.779
766000 158.813 155.605 150.28 464.698
767000 159.425 158.264 151.195 468.883
768000 161.619 159.253 151.153 472.025
769000 162.601 158.985 151.453 473.039
770000 163.629 160.494 151.787 475.91
771000 164.7 160.849 152.173 477.722
772000 165.324 160.689 153.03 479.043
773000 166.244 161.434 154.052 481.731
774000 167.554 162.583 155.393 485.53
775000 168.688 163.866 156.435 488.989
776000 167.447 165.553 156.579 489.579
777000 167.409 166.062 156.903 490.375
778000 168.598 168.204 157.974 494.776
779000 168.353 168.127 157.683 494.163
780000 169.02 168.088 158.492 495.6
781000 172.569 169.75 160.603 502.922
782000 174.657 171.375 161.555 507.586
783000 174.482 171.456 161.766 507.704
784000 173.866 172.049 161.827 507.741
785000 174.437 173.372 162.248 510.057
786000 175.169 175.781 163.175 514.125
787000 177.477 176.589 164.347 518.413
788000 179.467 178.37 164.529 522.366
789000 180.768 179.843 165.842 526.453
790000 181.024 179.344 166.292 526.659
791000 181.098 180.663 166.869 528.629
792000 181.771 180.718 167.081 529.57
793000 183.207 182.232 167.914 533.352
794000 184.287 184.376 169.107 537.77
795000 186.229 185.974 169.796 541.998
796000 185.642 186.052 169.623 541.317
797000 186.449 187.436 170.774 544.658
798000 187.762 188.424 172.36 548.547
799000 189.258 189.304 172.468 551.03
800000 189.498 190.538 173.557 553.593
801000 191.369 192.444 175.769 559.582
802000 192.667 194.109 177.939 564.715
803000 193.966 195.131 179.473 568.57
804000 193.971 195.024 178.833 567.828
805000 194.847 195.778 178.87 569.494
806000 195.47 197.164 181.028 573.662
807000 195.058 197.022 180.998 573.077
808000 195.684 197.272 181.985 574.941
809000 198.271 200.858 184.471 583.599
810000 198.827 202.781 184.219 585.827
811000 199.795 203.213 185.636 588.643
812000 199.933 202.907 187.351 590.191
813000 200.975 203.426 189.667 594.068
814000 202.806 204.619 190.415 597.84
815000 202.477 203.733 189.939 596.149
816000 204.349 203.324 190.585 598.259
817000 206.836 204.978 193.645 605.458
818000 208.029 205.146 195.323 608.498
819000 209.311 206.64 195.865 611.816
820000 210.153 207.785 196.171 614.11
821000 210.036 207.17 196.278 613.485
822000 211.126 207.671 197.312 616.108
823000 212.461 208.776 197.737 618.975
824000 214.662 210.462 198.43 623.554
825000 215.14 210.189 199.144 624.474
826000 215.554 209.834 199.563 624.951
827000 217.904 211.011 200.388 629.304
828000 219.153 212.799 202.255 634.207
829000 221.01 214.81 203.862 639.683
830000 221.645 213.576 203.322 638.543
831000 223.669 215.816 205.215 644.7
832000 224.583 216.893 206.923 648.399
833000 225.352 217.204 207.373 649.929
834000 225.495 216.875 210.157 652.527
835000 225.431 218.013 211.749 655.193
836000 226.513 219.338 213.872 659.723
837000 228.752 221.337 215.101 665.19
838000 230.143 222.232 215.78 668.155
839000 230.488 222.719 215.591 668.797
840000 233.02 224.361 217.077 674.458
841000 235.179 227.41 218.729 681.317
842000 235.667 227.571 218.936 682.174
843000 237.332 228.901 221.442 687.675
844000 238.472 230.177 222.942 691.592
845000 238.526 231.161 224.027 693.714
846000 239.126 232.31 224.415 695.852
847000 241.418 232.609 225.951 699.978
848000 243.83 234.651 228.937 707.418
849000 243.761 235.353 230.018 709.132
850000 246.239 236.324 231.286 713.849
851000 246.284 235.83 230.86 712.974
852000 247.006 237.352 231.818 716.176
853000 248.074 238.023 233.254 719.351
854000 249.427 238.139 234.022 721.589
855000 250.129 239.036 235.368 724.533
856000 250.132 239.999 236.87 727.001
857000 250.732 241.367 238.536 730.636
858000 253.214 246.772 241.726 741.712
859000 254.246 247.136 242.383 743.765
860000 254.794 246.241 241.999 743.033
861000 255.562 248.104 243.926 747.592
862000 256.764 249.44 244.76 750.964
863000 257.456 250.343 244.709 752.508
864000 256.782 251 244.894 752.676
865000 257.507 253.371 245.253 756.132
866000 258.697 255.85 246.858 761.405
867000 258.218 254.169 247.429 759.816
868000 257.908 254.523 248.452 760.884
869000 258.664 256.691 251.086 766.441
870000 258.59 255.901 251.493 765.983
871000 258.91 255.357 252.409 766.676
872000 259.923 257.79 254.8 772.513
873000 259.263 257.153 254.515 770.931
874000 261.255 259.277 256.896 777.428
875000 261.069 259.62 256.497 777.186
876000 261.803 260.024 258.218 780.045
877000 265.036 262.701 259.219 786.956
878000 265.739 263.436 260.208 789.383
879000 266.773 263.682 260.277 790.733
880000 267.049 264.537 261.912 793.498
881000 268.983 267.526 264.83 801.338
882000 269.295 267.729 265.192 802.216
883000 269.955 267.652 265.478 803.085
884000 270.396 266.924 265.007 802.327
885000 271.403 267.853 266.872 806.128
886000 271.594 267.849 267.422 806.865
887000 273.189 270.13 269.898 813.217
888000 273.534 269.144 269.03 811.708
889000 275.034 269.459 270.269 814.762
890000 275.749 270.293 271.71 817.752
891000 275.854 270.776 272.281 818.911
892000 277.603 271.911 273.929 823.443
893000 277.899 271.75 274.656 824.305
894000 280.262 273.59 277.189 831.042
895000 279.254 272.893 278.115 830.261
896000 280.831 274.561 279.967 835.359
897000 282.2 275.695 279.284 837.179
898000 283.242 276.877 280.29 840.409
899000 283.988 278.145 281.208 843.34
900000 284.27 279.1 282.144 845.514
901000 284.655 280.973 283.138 848.766
902000 285.402 282.359 284.293 852.054
903000 286.012 283.089 284.087 853.188
904000 286.161 285.196 285.715 857.071
905000 287.376 286.527 286.845 860.748
906000 287.725 286.817 286.356 860.898
907000 290.11 288.753 286.304 865.167
908000 291.929 291.036 288.129 871.095
909000 290.748 290.875 287.809 869.432
910000 290.69 291.298 288.548 870.535
911000 291.073 292.355 288.736 872.163
912000 292.518 294.536 290.833 877.887
913000 295.296 296.498 292.512 884.306
914000 297.934 298.213 293.267 889.415
915000 299.023 298.566 293.184 890.773
916000 300.912 299.701 294.545 895.158
917000 301.286 300.26 295.515 897.061
918000 302.856 302.396 296.035 901.287
919000 302.191 300.458 295.505 898.155
920000 302.573 301.621 296.847 901.042
921000 304.998 304.711 300.351 910.061
922000 306.438 305.727 301.698 913.862
923000 304.216 304.298 298.692 907.206
924000 307.744 308.904 302.578 919.225
925000 307.622 309.677 302.726 920.025
926000 308.108 310.054 304.364 922.526
927000 308.474 310.049 305.51 924.033
928000 310.727 311.917 305.51 928.154
929000 312.938 314.476 306.109 933.523
930000 313.333 313.861 305.812 933.007
931000 314.438 314.534 308.135 937.107
932000 314.56 314.875 308.431 937.867
933000 315.313 315.306 309.682 940.301
934000 316.854 316.165 310.581 943.6
935000 316.846 317.762 312.695 947.303
936000 317.121 319.289 313.514 949.924
937000 319.928 320.738 315.49 956.155
938000 321.76 322.538 316.256 960.554
939000 321.451 322.348 316.959 960.758
940000 321.705 323.598 317.654 962.957
941000 321.965 323.601 318.782 964.349
942000 324.256 324.663 319.208 968.127
943000 327.366 327.612 321.905 976.882
944000 327.117 326.373 319.722 973.211
945000 327.943 326.795 319.265 974.003
946000 329.464 328.316 319.782 977.563
947000 327.759 328.2 319.354 975.312
948000 328.976 327.943 319.395 976.314
949000 332.314 329.098 321.454 982.866
950000 333.226 330.212 324.248 987.686
951000 334.274 330.998 326.057 991.328
952000 335.819 332.839 327.528 996.185
953000 337.759 333.155 328.172 999.086
954000 337.379 333.563 327.452 998.394
955000 335.537 331.757 327.151 994.446
956000 335.745 332.064 328.156 995.965
957000 337.671 334.521 328.972 1001.16
958000 340.573 335.33 330.13 1006.03
959000 343.514 335.649 333.037 1012.2
960000 343.484 335.218 334.195 1012.9
961000 341.351 335.088 333.77 1010.21
962000 342.522 335.624 334.994 1013.14
963000 344.252 335.444 335.692 1015.39
964000 344.763 334.69 336.708 1016.16
965000 347.72 337.693 337.935 1023.35
966000 347.274 337.229 337.298 1021.8
967000 348.512 337.226 339.044 1024.78
968000 350.847 338.738 341.775 1031.36
969000 351.645 339.655 343.344 1034.64
970000 351.729 340.816 343.84 1036.39
971000 354.528 343.143 345.118 1042.79
972000 355.662 344.432 346.17 1046.26
973000 357.519 346.008 347.07 1050.6
974000 358.423 345.15 347.677 1051.25
975000 358.933 348.018 347.695 1054.65
976000 360.077 348.306 347.664 1056.05
977000 358.378 347.945 347.503 1053.83
978000 358.118 347.863 347.442 1053.42
979000 360.759 350.134 349.158 1060.05
980000 362.863 353.101 350.706 1066.67
981000 362.257 353.868 351.741 1067.87
982000 364.217 355.029 353.364 1072.61
983000 363.697 356.386 355.066 1075.15
984000 366.622 358.367 358.265 1083.25
985000 366.624 358.366 357.877 1082.87
986000 367.771 359.124 358.709 1085.6
987000 369.382 361.164 359.496 1090.04
988000 370.704 362.125 359.926 1092.76
989000 371.81 361.347 360.945 1094.1
990000 369.977 360.011 361.39 1091.38
991000 372.519 363.484 365.366 1101.37
992000 375.37 366.995 368.383 1110.75
993000 374.885 365.787 367.402 1108.07
994000 374.53 367.194 369.404 1111.13
995000 375.713 368.761 369.499 1113.97
996000 376.535 368.84 371.066 1116.44
997000 376.056 369.552 371.887 1117.49
998000 376.703 370.923 373.777 1121.4
999000 374.287 370.362 374.003 1118.65
1000000 374.353 372.07 375.373 1121.8
1001000 377.657 373.548 378.028 1129.23
1002000 378.562 374.086 378.128 1130.78
1003000 381.22 377.117 380.91 1139.25
1004000 378.449 373.713 377.691 1129.85
1005000 380.22 374.981 377.609 1132.81
1006000 381.956 375.701 379.207 1136.86
1007000 385.059 377.615 380.375 1143.05
1008000 382.699 375.956 378.588 1137.24
1009000 386.421 380.502 381.054 1147.98
1010000 385.825 381.228 382.579 1149.63
1011000 386.113 381.683 382.316 1150.11
1012000 385.868 382.234 382.055 1150.16
1013000 383.691 380.953 380.183 1144.83
1014000 387.976 384.663 384.176 1156.81
1015000 389.111 387.284 386.022 1162.42
1016000 388.342 388.349 387.261 1163.95
1017000 390.315 389.525 390.053 1169.89
1018000 389.739 388.777 388.408 1166.92
1019000 390.002 390.99 390.41 1171.4
1020000 390.917 390.208 390.178 1171.3
1021000 391.237 391.402 391.09 1173.73
1022000 394.422 392.588 392.192 1179.2
1023000 394.491 392.717 391.08 1178.29
1024000 394.945 394.264 391.132 1180.34
1025000 395.955 395.257 390.784 1182
1026000 395.082 394.99 388.868 1178.94
1027000 398.529 398.014 390.868 1187.41
1028000 399.377 399.457 391.008 1189.84
1029000 400.889 400.777 390.982 1192.65
1030000 403.927 403.39 394.415 1201.73
1031000 402.987 403.272 392.659 1198.92
1032000 403.721 404.409 392.391 1200.52
1033000 406.4 404.584 393.857 1204.84
1034000 407.468 403.034 393.496 1204
1035000 409.355 404.831 395.521 1209.71
1036000 410.43 405.933 397.179 1213.54
1037000 410.724 405.075 398.91 1214.71
1038000 413.936 407.519 401.778 1223.23
1039000 412.669 408.45 401.489 1222.61
1040000 410.481 409.141 400.934 1220.56
1041000 410.438 409.536 401.951 1221.93
1042000 412.374 409.759 402.513 1224.65
1043000 411.26 411.24 404.24 1226.74
1044000 414.159 412.699 407.046 1233.9
1045000 415.867 414.704 408.633 1239.2
1046000 416.189 414.255 408.024 1238.47
1047000 417.322 415.196 409.435 1241.95
1048000 417.774 416.411 410.261 1244.45
1049000 420.618 418.272 410.108 1249
1050000 420.29 420.463 411.448 1252.2
1051000 419.244 422.065 412.294 1253.6
1052000 419.5 421.979 412.535 1254.01
1053000 419.004 422.406 412.946 1254.36
1054000 420.773 423.925 412.836 1257.53
1055000 423.223 425.025 414.346 1262.59
1056000 423.902 424.884 414.742 1263.53
1057000 424.313 424.275 414.779 1263.37
1058000 426.264 425.411 413.918 1265.59
1059000 429.749 427.378 415.508 1272.63
1060000 428.53 426.484 415.992 1271.01
1061000 428.291 426.796 417.702 1272.79
1062000 429.87 429.711 419.577 1279.16
1063000 431.036 430.046 421.22 1282.3
1064000 427.816 428.541 420.787 1277.14
1065000 430.033 431.655 425.144 1286.83
1066000 433.978 434.028 428.902 1296.91
1067000 433.66 432.987 429.635 1296.28
1068000 433.911 434.805 430.299 1299.02
1069000 434.219 435.907 430.013 1300.14
1070000 436.706 437.906 431.899 1306.51
1071000 437.832 440.245 433.496 1311.57
1072000 437.13 441.128 432.594 1310.85
1073000 436.873 441.208 431.14 1309.22
1074000 438.258 441.364 433.743 1313.37
1075000 440.321 444.154 434.466 1318.94
1076000 440.73 443.958 433.971 1318.66
1077000 442.043 445.116 434.382 1321.54
1078000 446.712 450.287 440.02 1337.02
1079000 445.438 450.067 439.037 1334.54
1080000 444.978 450.395 439.062 1334.44
1081000 443.102 449.031 437.95 1330.08
1082000 445.814 454.383 441.221 1341.42
1083000 445.712 454.623 440.314 1340.65
1084000 449.052 455.804 442.408 1347.26
1085000 450.255 454.882 444.002 1349.14
1086000 450.136 455.177 443.32 1348.63
1087000 450.556 457.149 444.198 1351.9
1088000 452.638 457.202 446.145 1355.98
1089000 452.067 457.84 444.002 1353.91
1090000 453.159 459.797 444.128 1357.08
1091000 453.837 462.066 446.228 1362.13
1092000 455.158 465.345 447.888 1368.39
1093000 453.389 463.86 446.701 1363.95
1094000 452.998 465.605 447.138 1365.74
1095000 457.085 467.879 450.56 1375.52
1096000 459.737 471.311 453.185 1384.23
1097000 460.869 470.694 452.079 1383.64
1098000 462.415 471.226 452.936 1386.58
1099000 461.775 472.182 453.771 1387.73
1100000 464.412 474.889 455.521 1394.82
1101000 463.63 472.816 455.867 1392.31
1102000 462.814 472.975 456.139 1391.93
1103000 464.945 475.538 458.562 1399.04
1104000 467.623 478.38 460.534 1406.54
1105000 469.339 476.183 460.127 1405.65
1106000 471.515 477.269 460.246 1409.03
1107000 470.379 478.136 459.047 1407.56
1108000 469.395 479.697 457.987 1407.08
1109000 470.668 481.408 457.84 1409.92
1110000 472.118 483.409 459.902 1415.43
1111000 471.145 484.216 459.791 1415.15
1112000 470.128 485.354 460.28 1415.76
1113000 468.092 485.063 458.457 1411.61
1114000 471.863 489.072 461.088 1422.02
1115000 470.158 487.849 460.222 1418.23
1116000 470.432 490.823 461.091 1422.34
1117000 472.615 493.196 461.395 1427.21
1118000 474.262 496.302 462.59 1433.15
1119000 474.074 497.582 462.414 1434.07
1120000 474.591 498.315 462.143 1435.05
1121000 476.86 500.318 463.555 1440.73
1122000 478.745 501.865 467.871 1448.48
1123000 478.467 500.162 466.639 1445.27
1124000 478.184 499.613 465.849 1443.65
1125000 480.718 498.85 467.431 1447
1126000 481.372 498.383 468.503 1448.26
1127000 482.895 499.142 471.111 1453.15
1128000 484.628 500.139 473.646 1458.41
1129000 484.204 499.047 471.321 1454.57
1130000 488.623 504.631 476.566 1469.82
1131000 487.159 506.099 476.5 1469.76
1132000 489.822 506.675 477.519 1474.02
1133000 491.276 509.11 480.28 1480.67
1134000 492.738 510.579 481.291 1484.61
1135000 495.702 510.702 482.87 1489.27
1136000 496.031 509.548 485.688 1491.27
1137000 495.861 507.981 484.826 1488.67
1138000 497.568 508.404 484.002 1489.97
1139000 501.139 508.858 484.725 1494.72
1140000 501.604 511.627 485.97 1499.2
1141000 500.47 509.932 485.219 1495.62
1142000 502.393 513.142 488.305 1503.84
1143000 503.338 514.416 490.443 1508.2
1144000 503.752 515.4 489.47 1508.62
1145000 503.407 517.665 489.607 1510.68
1146000 505.113 520.044 492.986 1518.14
1147000 501.628 518.823 492.533 1512.98
1148000 500.531 519.281 490.797 1510.61
1149000 502.738 522.13 494.406 1519.27
1150000 505.094 524.312 495.512 1524.92
1151000 505.507 524.175 494.386 1524.07
1152000 505.69 525.419 495.08 1526.19
1153000 503.467 523.959 492.419 1519.85
1154000 503.995 523.986 492.97 1520.95
1155000 507.334 527.3 497.305 1531.94
1156000 510.371 529.255 500.841 1540.47
1157000 509.509 529.141 500.484 1539.13
1158000 509.114 530.035 500.677 1539.83
1159000 511.537 531.606 503.456 1546.6
1160000 514.319 533.382 506.068 1553.77
1161000 512.818 533.495 507.344 1553.66
1162000 513.651 534.18 508.802 1556.63
1163000 513.038 534.438 510.501 1557.98
1164000 512.448 533.308 509.446 1555.2
1165000 514.877 535.486 510.66 1561.02
1166000 516.197 538.933 510.958 1566.09
1167000 516.543 540.512 511.867 1568.92
1168000 520.028 542.042 514.161 1576.23
1169000 521.713 541.447 515.645 1578.81
1170000 519.943 542.821 514.536 1577.3
1171000 522.69 544.087 515.899 1582.68
1172000 524.53 546.788 517.527 1588.84
1173000 524.827 545.81 515.606 1586.24
1174000 522.483 543.889 513.284 1579.66
1175000 523.599 544.586 514.615 1582.8
1176000 523.883 543.806 516.681 1584.37
1177000 524.168 545.143 517.764 1587.07
1178000 525.79 548.675 520.9 1595.36
1179000 526.987 548.2 521.498 1596.68
1180000 528.08 548.175 522.861 1599.12
1181000 526.117 545.038 523.205 1594.36
1182000 525.116 545.092 525.415 1595.62
1183000 526.845 547.742 526.258 1600.84
1184000 527.937 550.556 528.09 1606.58
1185000 528.124 551.878 529.115 1609.12
1186000 528.653 552.661 531.445 1612.76
1187000 530.473 552.397 532.874 1615.74
1188000 530.768 554.205 533.638 1618.61
1189000 528.652 555.395 532.795 1616.84
1190000 529.321 557.323 533.66 1620.3
1191000 527.579 556.167 530.913 1614.66
1192000 530.75 559.852 534.049 1624.65
1193000 530.785 560.181 534.306 1625.27
1194000 532.253 560.259 532.972 1625.48
1195000 535.509 562.719 535.015 1633.24
1196000 537.951 565.819 537.706 1641.48
1197000 535.738 565.847 537.116 1638.7
1198000 537.721 568.587 540.288 1646.6
1199000 537.406 567.475 539.624 1644.5
1200000 536.357 565.551 536.402 1638.31
1201000 539.966 570.195 540.303 1650.46
1202000 539.368 567.628 539.123 1646.12
1203000 539.687 569.447 538.172 1647.31
1204000 539.652 571.078 539.254 1649.98
1205000 542.027 573.22 540.251 1655.5
1206000 545.269 575.636 542.854 1663.76
1207000 543.735 576.233 541.683 1661.65
1208000 546.002 577.018 542.883 1665.9
1209000 548.344 578.048 544.155 1670.55
1210000 548.835 579.443 545.009 1673.29
1211000 552.124 581.076 546.653 1679.85
1212000 555.57 581.805 548.169 1685.54
1213000 553.758 578.687 546.589 1679.03
1214000 554.259 577.742 545.161 1677.16
1215000 557.086 580.698 548.251 1686.04
1216000 557.835 581.598 548.524 1687.96
1217000 561.662 583.846 550.449 1695.96
1218000 559.891 581.634 551.597 1693.12
1219000 557.64 580.374 552.974 1690.99
1220000 560.408 581.472 555.843 1697.72
1221000 563.967 584.41 556.54 1704.92
1222000 563.803 584.548 556.045 1704.4
1223000 565.063 584.927 555.309 1705.3
1224000 567.502 588.228 557.972 1713.7
1225000 567.415 589.383 558.925 1715.72
1226000 570.542 590.87 559.923 1721.33
1227000 572.314 594.557 564.07 1730.94
1228000 572.218 595.129 563.373 1730.72
1229000 571.089 591.93 560.621 1723.64
1230000 571.913 594.253 560.248 1726.41
1231000 572.775 597.575 560.435 1730.78
1232000 573.486 598.905 563.083 1735.47
1233000 571.659 598.1 563.583 1733.34
1234000 575.407 599.591 564.966 1739.96
1235000 577.886 602.792 568.055 1748.73
1236000 574.479 602.379 565.626 1742.48
1237000 577.1 604.851 568.44 1750.39
1238000 577.596 603.82 567.393 1748.81
1239000 578.053 603.533 568.976 1750.56
1240000 579.685 603.757 570.664 1754.1
1241000 582.031 605.967 571.92 1759.92
1242000 584.521 608.39 573.214 1766.12
1243000 585.301 608.642 574.357 1768.3
1244000 584.764 608.207 571.403 1764.37
1245000 587.213 610.294 574.012 1771.52
1246000 589.093 610.535 577.143 1776.77
1247000 592.315 614.525 581.801 1788.64
1248000 594.16 615.196 583.637 1792.99
1249000 592.859 613.953 580.031 1786.84
1250000 594.42 617.554 584.349 1796.32
1251000 595.94 617.125 586.249 1799.31
1252000 597.6 616.573 586.983 1801.16
1253000 595.014 614.167 585.733 1794.91
1254000 598.697 615.012 587.298 1801.01
1255000 598.362 615.867 589.102 1803.33
1256000 598.029 616.063 591.203 1805.29
1257000 598.364 618.127 593.281 1809.77
1258000 599.322 618.958 592.956 1811.24
1259000 601.223 621.255 593.099 1815.58
1260000 600.581 621.71 594.511 1816.8
1261000 602.809 622.643 596.318 1821.77
1262000 603.27 623.686 598.318 1825.27
1263000 601.005 619.925 596.955 1817.88
1264000 601.471 621.819 598.307 1821.6
1265000 602.783 623.202 599.276 1825.26
1266000 605.553 626.192 600.996 1832.74
1267000 605.214 626.803 601.618 1833.63
1268000 605.823 627.711 602.071 1835.61
1269000 606.562 628.87 602.195 1837.63
1270000 605.154 629.527 601.2 1835.88
1271000 609.971 633.476 605.55 1849
1272000 612.4 635.473 607.549 1855.42
1273000 613.505 634.578 608.773 1856.86
1274000 615.333 634.118 611.293 1860.75
1275000 612.431 630.924 611.583 1854.94
1276000 614.896 634.331 616.835 1866.06
1277000 615.859 634.24 617.363 1867.46
1278000 616.658 634.485 617.399 1868.54
1279000 615.233 633.64 615.194 1864.07
1280000 617.097 636.264 619.709 1873.07
1281000 619.775 640.171 622.372 1882.32
1282000 618.083 640.052 621.782 1879.92
1283000 618.652 639.317 621.811 1879.78
1284000 620.447 641.876 620.972 1883.29
1285000 621.844 640.99 620.507 1883.34
1286000 623.435 643.334 625.208 1891.98
1287000 623.662 642.475 623.139 1889.28
1288000 626.962 645.078 623.41 1895.45
1289000 620.918 640.987 617.717 1879.62
1290000 626.106 644.678 624.433 1895.22
1291000 625.571 644.527 624.115 1894.21
1292000 622.866 643.156 623.854 1889.88
1293000 622.822 644.255 625.38 1892.46
1294000 627.03 648.512 629.585 1905.13
1295000 624.59 647.251 627.54 1899.38
1296000 625.722 650.816 629.14 1905.68
1297000 628.276 651.09 631.331 1910.7
1298000 628.14 649.15 628.419 1905.71
1299000 629.902 650.747 628.845 1909.49
1300000 631.748 651.734 630.34 1913.82
1301000 628.982 649.757 628.264 1907
1302000 631.254 650.717 628.614 1910.59
1303000 629.976 647.656 628.497 1906.13
1304000 631.799 650.666 630.52 1912.98
1305000 633.496 653.324 632.828 1919.65
1306000 634.975 654.71 634.218 1923.9
1307000 638.197 656.295 636.834 1931.33
1308000 638.169 657.699 635.385 1931.25
1309000 641.489 660.362 638.783 1940.63
1310000 645.78 662.482 641.179 1949.44
1311000 641.469 655.691 637.188 1934.35
1312000 642.454 655.99 640.855 1939.3
1313000 644.164 652.949 640.003 1937.12
1314000 647.409 654.2 642.422 1944.03
1315000 646.627 655.699 641.718 1944.04
1316000 647.523 655.207 641.873 1944.6
1317000 649.582 656.016 645.203 1950.8
1318000 647.572 654.511 644.464 1946.55
1319000 649.117 657.219 649.132 1955.47
1320000 652.548 659.552 652.528 1964.63
1321000 651.854 659.266 651.724 1962.84
1322000 647.51 655.579 647.47 1950.56
1323000 650.402 657.379 647.366 1955.15
1324000 649.116 655.079 645.444 1949.64
1325000 653.911 657.596 648.676 1960.18
1326000 656.417 659.333 650.408 1966.16
1327000 656.552 659.077 650.375 1966
1328000 659.295 662.1 652.889 1974.28
1329000 659.069 659.954 651.14 1970.16
1330000 660.354 661.522 650.564 1972.44
1331000 661.157 662.341 651.373 1974.87
1332000 663.42 663.952 651.933 1979.3
1333000 664.323 664.613 653.699 1982.64
1334000 666.724 669.253 656.474 1992.45
1335000 666.781 670.217 657.481 1994.48
1336000 664.077 669.243 655.035 1988.35
1337000 665.424 670.589 654.784 1990.8
1338000 667.052 672.975 654.798 1994.82
1339000 667.569 670.962 653.161 1991.69
1340000 667.615 671.558 652.473 1991.65
1341000 669.692 673.687 655.212 1998.59
1342000 669.077 676.362 658.457 2003.9
1343000 664.637 675.388 658.749 1998.77
1344000 664.619 675.035 657.724 1997.38
1345000 667.067 675.091 658.833 2000.99
1346000 667.112 679.501 662.006 2008.62
1347000 668.784 680.454 663.212 2012.45
1348000 669.418 680.618 663.491 2013.53
1349000 670.691 680.929 664.698 2016.32
1350000 670.498 681.527 665.03 2017.06
1351000 674.076 685.773 668.271 2028.12
1352000 674.331 684.443 666.886 2025.66
1353000 673.01 684.535 666.447 2023.99
1354000 674.605 685.607 667.874 2028.09
1355000 680.059 690.454 671.563 2042.08
1356000 677.612 688.009 667.49 2033.11
1357000 682.34 689.648 670.605 2042.59
1358000 685.455 692.959 673.941 2052.36
1359000 684.285 692.541 674.095 2050.92
1360000 688.889 695.358 678.259 2062.51
1361000 688.686 695.211 679.329 2063.23
1362000 685.642 691.876 675.979 2053.5
1363000 686.81 693.151 676.707 2056.67
1364000 688.114 698.256 678.772 2065.14
1365000 686.72 695.34 679.101 2061.16
1366000 691.245 699.058 684.377 2074.68
1367000 691.5 700.364 686.971 2078.83
1368000 692.229 701.025 687.995 2081.25
1369000 687.56 697.736 682.472 2067.77
1370000 687.926 697.345 679.685 2064.96
1371000 687.975 698.134 679.828 2065.94
1372000 693.377 700.945 682.005 2076.33
1373000 694.358 700.136 682.511 2077
1374000 693.31 701.369 684.29 2078.97
1375000 693.328 702.546 685.369 2081.24
1376000 692.981 701.347 685.301 2079.63
1377000 699.08 704.614 687.735 2091.43
1378000 700.872 704.97 689.934 2095.78
1379000 701.304 704.823 688.827 2094.95
1380000 702.71 706.112 689.443 2098.27
1381000 704.544 707.231 691.089 2102.86
1382000 704.996 707.617 690.156 2102.77
1383000 698.728 701.653 685.93 2086.31
1384000 699.012 703.55 691.191 2093.75
1385000 699.434 704.824 692.622 2096.88
1386000 699.949 706.725 695.674 2102.35
1387000 698.74 703.67 695.408 2097.82
1388000 699.7 703.994 697.931 2101.62
1389000 700.662 707.074 700.309 2108.05
1390000 704.432 710.52 701.613 2116.56
1391000 704.032 710.326 700.476 2114.83
1392000 704.784 715.266 702.152 2122.2
1393000 702.301 716.929 700.894 2120.12
1394000 702.248 717.396 702.189 2121.83
1395000 703.916 718.852 701.742 2124.51
1396000 699.829 717.375 698.16 2115.36
1397000 700.183 718.844 698.59 2117.62
1398000 703.1 721.878 701.266 2126.24
1399000 704.411 724.634 702.751 2131.8
1400000 705.548 726.02 703.276 2134.84
1401000 702.562 724.439 700.766 2127.77
1402000 703.98 728.485 703.255 2135.72
1403000 702.213 728.54 701.622 2132.37
1404000 704.388 729.507 702.418 2136.31
1405000 710.814 735.857 707.469 2154.14
1406000 713.509 737.952 709.144 2160.61
1407000 709.613 733.869 704.543 2148.03
1408000 708.902 736.18 705.658 2150.74
1409000 709.722 737.359 705.161 2152.24
1410000 714.341 741.224 705.717 2161.28
1411000 715.487 742.444 707.582 2165.51
1412000 715.406 743.69 707.99 2167.09
1413000 712.629 741.586 707.065 2161.28
1414000 714.149 743.203 707.252 2164.6
1415000 716.07 744.867 706.379 2167.32
1416000 718.621 746.331 706.221 2171.17
1417000 719.741 751.003 709.679 2180.42
1418000 720.328 751.564 710.053 2181.95
1419000 720.908 749.202 711.896 2182.01
1420000 725.391 754.001 717.255 2196.65
1421000 727.04 753.172 715.773 2195.99
1422000 726.57 751.448 714.01 2192.03
1423000 724.85 751.393 713.13 2189.37
1424000 728.597 756.375 718.555 2203.53
1425000 726.367 756.457 717.633 2200.46
1426000 725.059 757.157 719.653 2201.87
1427000 724.662 757.878 719.053 2201.59
1428000 723.364 758.129 718.711 2200.2
1429000 721.873 757.134 718.961 2197.97
1430000 724.427 760.525 720.171 2205.12
1431000 727.439 765.403 723.482 2216.32
1432000 727.51 763.51 722.898 2213.92
1433000 732.282 767.927 727.64 2227.85
1434000 734.929 768.319 728.523 2231.77
1435000 736.071 769.18 729.238 2234.49
1436000 739.157 772.677 732.313 2244.15
1437000 736.829 771.562 728.81 2237.2
1438000 738.641 773.849 729.545 2242.04
1439000 738.864 772.567 730.378 2241.81
1440000 739.138 773.33 729.53 2242
1441000 742.565 776.599 733.155 2252.32
1442000 743.749 776.075 733.884 2253.71
1443000 743.581 776.713 733.8 2254.09
1444000 747.103 778.703 735.654 2261.46
1445000 749.154 782.234 738.729 2270.12
1446000 750.579 785.682 742.328 2278.59
1447000 750.441 786.085 743.833 2280.36
1448000 752.367 787.261 745.778 2285.41
1449000 751.475 789.102 745.34 2285.92
1450000 748.783 788.225 742.813 2279.82
1451000 753.489 790.828 743.667 2287.98
1452000 756.113 793.723 744.456 2294.29
1453000 757.154 797.059 745.933 2300.15
1454000 755.442 795.049 745.108 2295.6
1455000 757.573 795.763 745.719 2299.06
1456000 759.359 794.795 745.832 2299.99
1457000 760.206 793.398 745.675 2299.28
1458000 761.099 792.694 746.948 2300.74
1459000 763.503 792.901 746.382 2302.79
1460000 764.387 793.2 748.683 2306.27
1461000 768.656 794.942 752.845 2316.44
1462000 765.405 789.982 750.844 2306.23
1463000 766.651 792.951 753.35 2312.95
1464000 766.318 793.16 753.294 2312.77
1465000 767.92 796.003 755.985 2319.91
1466000 768.652 797.618 758.061 2324.33
1467000 766.42 794.926 754.932 2316.28
1468000 768.835 797.681 757.007 2323.52
1469000 773.445 802.246 762.176 2337.87
1470000 771.416 802.81 761.994 2336.22
1471000 776.537 805.948 763.901 2346.38
1472000 779.425 806.737 766.408 2352.57
1473000 779.331 808.189 765.779 2353.3
1474000 780.427 810.986 767.611 2359.02
1475000 780.225 810.908 767.04 2358.17
1476000 776.652 807.436 765.125 2349.21
1477000 777.312 808.67 766.621 2352.6
1478000 778.865 809.558 767.555 2355.98
1479000 779.586 809.66 769.725 2358.97
1480000 779.023 809.021 769.867 2357.91
1481000 782.727 810.888 772.742 2366.36
1482000 787.769 815.559 776.57 2379.9
1483000 788.781 815.95 777.095 2381.83
1484000 787.252 814.219 776.305 2377.78
1485000 786.521 811.768 774.264 2372.55
1486000 789.167 815.524 774.713 2379.4
1487000 790.765 818.388 776.697 2385.85
1488000 788.043 816.511 772.059 2376.61
1489000 784.326 815.43 769.236 2368.99
1490000 782.188 816.076 770.616 2368.88
1491000 787.788 822.695 776.02 2386.5
1492000 788.762 824.872 779.613 2393.25
1493000 788.175 825.643 780.131 2393.95
1494000 788.439 826.066 778.647 2393.15
1495000 791.491 829.336 781.094 2401.92
1496000 791.399 829.753 780.661 2401.81
1497000 796.797 833.683 781.836 2412.32
1498000 801.235 836.914 785.446 2423.6
1499000 798.491 834.073 783.58 2416.14
1500000 798.968 832.673 781.237 2412.88
1501000 801.907 835.154 781.524 2418.58
1502000 802.16 838.936 785.015 2426.11
1503000 800.502 839.817 785.128 2425.45
1504000 799.027 840.623 783.877 2423.53
1505000 800.753 839.82 783.805 2424.38
1506000 803.617 842.342 784.178 2430.14
1507000 803.865 843.68 784.214 2431.76
1508000 799.563 840.971 779.469 2420
1509000 801.578 843.027 779.964 2424.57
1510000 803.089 843.942 779.987 2427.02
1511000 803.326 845.541 779.37 2428.24
1512000 804.372 847.093 779.06 2430.52
1513000 804.474 846.027 782.096 2432.6
1514000 806.74 848.154 785.618 2440.51
1515000 810.245 853.925 791.866 2456.04
1516000 809.856 853.899 793.839 2457.59
1517000 804.211 847.651 789.462 2441.32
1518000 802.773 846.805 789.944 2439.52
1519000 806.929 848.813 794.442 2450.18
1520000 809.889 852.159 799.069 2461.12
1521000 814.012 856.667 805.563 2476.24
1522000 812.546 855.801 804.436 2472.78
1523000 809.453 854.583 801.386 2465.42
1524000 810.615 857.022 802.655 2470.29
1525000 810.709 858.8 805.257 2474.77
1526000 809.999 859.05 806.425 2475.47
1527000 806.88 855.877 804.588 2467.35
1528000 805.076 853.721 803.282 2462.08
1529000 810.041 861.042 809.035 2480.12
1530000 809.746 860.554 809.006 2479.31
1531000 810.171 859.353 810.894 2480.42
1532000 811.993 861.161 814.676 2487.83
1533000 811.628 861.609 815.22 2488.46
1534000 810.3 862.663 814.275 2487.24
1535000 811.928 865.04 816.859 2493.83
1536000 812.601 866.792 822.007 2501.4
1537000 814.763 868.72 823.887 2507.37
1538000 817.73 869.174 823.599 2510.5
1539000 814.711 864.418 820.861 2499.99
1540000 816.423 865.685 823.98 2506.09
1541000 823.046 873.703 832.869 2529.62
1542000 821.57 873.984 832.53 2528.08
1543000 820.89 872.81 833.762 2527.46
1544000 817.722 870.472 832.475 2520.67
1545000 817.398 872.36 834.715 2524.47
1546000 815.505 872.295 833.861 2521.66
1547000 818.493 877.341 837.396 2533.23
1548000 822.144 882.101 840.255 2544.5
1549000 817.694 878.281 836.361 2532.34
1550000 817.803 877.65 836.272 2531.72
1551000 820.719 879.176 838.296 2538.19
1552000 822.541 882.17 840.049 2544.76
1553000 824.628 884.135 842.011 2550.77
1554000 826.369 887.537 843.168 2557.08
1555000 831.246 893.178 849.183 2573.61
1556000 831.267 892.695 847.99 2571.95
1557000 835.805 898.048 851.717 2585.57
1558000 833.456 893.96 848.387 2575.8
1559000 831.381 891.832 843.031 2566.24
1560000 832.156 892.79 841.94 2566.89
1561000 834.777 894.417 847.171 2576.37
1562000 838.502 895.026 849.869 2583.4
1563000 842.901 897.873 851.843 2592.62
1564000 842.476 896.642 852.733 2591.85
1565000 847.414 899.267 857.254 2603.94
1566000 845.873 897.597 852.591 2596.06
1567000 848.487 898.919 855.494 2602.9
1568000 845.335 895.1 851.968 2592.4
1569000 846.353 895.563 853.853 2595.77
1570000 844.861 892.3 852.256 2589.42
1571000 846.846 892.692 853.659 2593.2
1572000 850.614 897.65 858.396 2606.66
1573000 850.263 896.101 861.044 2607.41
1574000 852.63 897.171 862.226 2612.03
1575000 850.04 897.396 862.533 2609.97
1576000 849.363 897.625 859.803 2606.79
1577000 851.404 899.776 861.915 2613.09
1578000 852.113 899.443 860.039 2611.59
1579000 856.676 902.729 865.79 2625.2
1580000 851.806 898.933 861.988 2612.73
1581000 853.787 898.922 863.682 2616.39
1582000 855.155 903.717 866.236 2625.11
1583000 857.801 904.892 866.554 2629.25
1584000 859.054 906.875 868.335 2634.26
1585000 864.46 911.728 875.647 2651.83
1586000 865.489 911.621 876.696 2653.81
1587000 859.024 904.595 869.844 2633.46
1588000 865.881 911.755 876.336 2653.97
1589000 862.357 908.205 873.357 2643.92
1590000 865.22 909.761 873.149 2648.13
1591000 861.88 904.446 869.578 2635.9
1592000 868.547 909.169 875.14 2652.86
1593000 868.654 907.659 876.528 2652.84
1594000 870.881 907.052 878.919 2656.85
1595000 874.326 909.043 880.146 2663.51
1596000 873.476 906.64 875.262 2655.38
1597000 871.516 902.637 870.825 2644.98
1598000 874.06 905.998 878.224 2658.28
1599000 877.966 910.105 882.652 2670.72
1600000 877.137 910.723 880.979 2668.84
1601000 875.907 912.634 882.645 2671.19
1602000 875.66 912.109 880.613 2668.38
1603000 871.638 910.779 877.501 2659.92
1604000 872.083 912.288 879.622 2663.99
1605000 874.204 914.77 882.666 2671.64
1606000 871.544 912.785 879.577 2663.91
1607000 875.59 915.034 882.813 2673.44
1608000 881.904 920.483 888.107 2690.49
1609000 882.655 920.737 888.526 2691.92
1610000 880.873 919.673 890.474 2691.02
1611000 881.806 921.284 890.44 2693.53
1612000 882.085 919.644 886.32 2688.05
1613000 881.705 920.554 885.954 2688.21
1614000 883.221 922.51 885.74 2691.47
1615000 890.127 930.048 890.828 2711
1616000 890.035 930.045 891.055 2711.13
1617000 891.075 932.767 892.424 2716.26
1618000 890.575 933.168 891.315 2715.06
1619000 893.457 936.841 895.019 2725.32
1620000 894.493 941.488 897.833 2733.81
1621000 897.397 945.568 900.709 2743.67
1622000 891.749 942.361 896.021 2730.13
1623000 893.315 943.028 897.066 2733.41
1624000 899.085 949.29 903.811 2752.18
1625000 898.153 949.213 905.038 2752.4
1626000 897.358 947.585 901.74 2746.68
1627000 900.814 948.964 901.247 2751.03
1628000 902.578 951.004 903.712 2757.29
1629000 902.92 950.682 903.025 2756.63
1630000 903.149 950.241 902.398 2755.79
1631000 903.618 949.932 899.127 2752.68
1632000 901.488 946.914 897.774 2746.18
1633000 908.577 956.371 905.827 2770.77
1634000 910.452 960.102 908.936 2779.49
1635000 913.363 961.529 909.623 2784.51
1636000 909.053 954.855 904.773 2768.68
1637000 905.518 953.272 903.431 2762.22
1638000 906.311 957.392 904.418 2768.12
1639000 908.127 959.872 907.613 2775.61
1640000 911.345 961.878 912.208 2785.43
1641000 912.564 962.996 914.294 2789.85
1642000 914.334 964.164 915.156 2793.65
1643000 918.124 968.067 918.225 2804.42
1644000 915.779 965.866 914.58 2796.23
1645000 914.119 967.268 915.316 2796.7
1646000 918.733 973.003 920.184 2811.92
1647000 918.965 971.983 921.544 2812.49
1648000 917.285 971.587 920.811 2809.68
1649000 921.767 977.528 927.143 2826.44
1650000 920.489 975.726 923.522 2819.74
1651000 918.595 975.953 922.106 2816.65
1652000 918.875 978.819 922.916 2820.61
1653000 918.001 981.936 925.559 2825.5
1654000 912.624 976.945 921.351 2810.92
1655000 914.659 979.371 921.935 2815.96
1656000 920.336 984.861 924.162 2829.36
1657000 920.108 983.14 923.482 2826.73
1658000 925.735 988.094 930.977 2844.81
1659000 929.12 992.457 933.857 2855.43
1660000 932.663 995.477 934.768 2862.91
1661000 934.531 993.928 932.757 2861.22
1662000 933.32 996.168 933.35 2862.84
1663000 929.9 994.57 933.11 2857.58
1664000 929.951 994.981 933.332 2858.26
1665000 934.47 998.152 936.23 2868.85
1666000 936.755 997.154 936.341 2870.25
1667000 934.833 996.861 935.075 2866.77
1668000 937.564 997.923 934.928 2870.41
1669000 941.44 1001.83 936.057 2879.32
1670000 940.403 1000.63 934.643 2875.68
1671000 940.598 1002.2 937.909 2880.71
1672000 945.348 1007.18 942.965 2895.49
1673000 940.324 1002.92 938.916 2882.16
1674000 936.663 998.985 935.174 2870.82
1675000 945.722 1010.66 947.35 2903.73
1676000 945.239 1010.57 948.286 2904.1
1677000 948.054 1013.76 949.253 2911.06
1678000 948.603 1011.74 947.549 2907.9
1679000 949.678 1011.64 946.552 2907.87
1680000 949.441 1010.11 947.469 2907.02
1681000 951.508 1010.98 950.375 2912.86
1682000 953.469 1012.19 953.885 2919.54
1683000 953.031 1009.55 952.925 2915.51
1684000 957.274 1013.91 959.631 2930.81
1685000 954.315 1010.1 959.571 2923.99
1686000 958.709 1011.3 962.268 2932.27
1687000 955.478 1009.13 958.666 2923.27
1688000 957.974 1011.14 961.429 2930.55
1689000 954.448 1006.53 961.184 2922.16
1690000 960.469 1009.89 965.639 2936
1691000 958.124 1006.82 964.859 2929.8
1692000 959.273 1008.11 966.21 2933.59
1693000 956.699 1005.75 963.05 2925.5
1694000 961.637 1010.57 968.428 2940.64
1695000 964.34 1013.74 969.773 2947.85
1696000 966.469 1013.89 970.802 2951.17
1697000 966.452 1014.22 973.841 2954.51
1698000 972.048 1016.67 979.197 2967.92
1699000 971.336 1015.94 976.112 2963.39
1700000 969.989 1013.77 973.054 2956.81
1701000 977.521 1018.14 977.843 2973.5
1702000 980.366 1020.87 980.806 2982.04
1703000 975.688 1013.99 976.48 2966.16
1704000 976.452 1014.47 978.632 2969.56
1705000 979.582 1015.94 982.158 2977.68
1706000 978.237 1013.46 980.48 2972.17
1707000 979.927 1016.79 982.008 2978.72
1708000 982.659 1020.36 986.868 2989.89
1709000 977.875 1016.94 984.213 2979.03
1710000 982.074 1019.91 986.775 2988.76
1711000 991.1 1027.89 995.662 3014.65
1712000 985.619 1022.1 992.558 3000.28
1713000 982.7 1019.24 989.808 2991.75
1714000 989.159 1022.94 996.809 3008.91
1715000 990.356 1023.72 996.482 3010.56
1716000 984.386 1019.13 991.752 2995.27
1717000 984.633 1019.54 993.913 2998.09
1718000 990.677 1026.1 1001.18 3017.96
1719000 989.882 1026.41 997.549 3013.84
1720000 991.55 1026.89 999.194 3017.64
1721000 990.536 1026.99 997.912 3015.44
1722000 996.373 1034.25 1004.45 3035.07
1723000 991.445 1029.04 1002 3022.49
1724000 992.147 1029.5 1002.14 3023.79
1725000 999.204 1033.61 1006.13 3038.94
1726000 999.148 1032.51 1004.6 3036.26
1727000 1000.58 1035.33 1009.53 3045.44
1728000 1004.06 1038.44 1010.75 3053.25
1729000 1003.76 1037.17 1007.6 3048.53
1730000 1005.16 1038.09 1009.02 3052.27
1731000 1007 1039.28 1009.46 3055.73
1732000 1013.34 1047.39 1016.03 3076.76
1733000 1010.89 1043.49 1012.31 3066.7
1734000 1011.7 1044.19 1011.49 3067.38
1735000 1012.52 1047.86 1011.94 3072.33
1736000 1004.17 1043.69 1005.77 3053.63
1737000 1008.89 1047.25 1011.42 3067.56
1738000 1010.88 1051.36 1011.83 3074.07
1739000 1009.32 1050.96 1010.65 3070.94
1740000 1009.67 1054.67 1010.87 3075.21
1741000 1012.4 1057.96 1014.02 3084.39
1742000 1010.61 1057.68 1014.42 3082.72
1743000 1013.78 1063.39 1019.19 3096.36
1744000 1010.69 1062.07 1016.76 3089.52
1745000 1010.25 1062.15 1015.47 3087.87
1746000 1012.75 1066.23 1018.16 3097.14
1747000 1009.78 1064.02 1015.17 3088.96
1748000 1010.61 1064.09 1015.3 3090
1749000 1014.21 1066.74 1016.46 3097.41
1750000 1014.58 1068.41 1018.14 3101.14
1751000 1018.59 1073.09 1022.63 3114.31
1752000 1020.34 1076.83 1025.05 3122.23
1753000 1023.95 1076.33 1025.92 3126.2
1754000 1023.38 1079.76 1028.43 3131.58
1755000 1023.82 1080.6 1031.14 3135.55
1756000 1020.75 1075.06 1029.49 3125.3
1757000 1021.59 1076.1 1028.58 3126.27
1758000 1019.62 1075.47 1029.17 3124.26
1759000 1018.26 1073.58 1029.7 3121.54
1760000 1019.63 1072.38 1031.84 3123.86
1761000 1023.78 1076.11 1035.97 3135.87
1762000 1023.94 1077.7 1035.74 3137.37
1763000 1022.18 1074.22 1034.01 3130.41
1764000 1022.01 1077.13 1036.16 3135.3
1765000 1026.23 1081.89 1039.4 3147.53
1766000 1030.71 1083.76 1041.31 3155.78
1767000 1030.15 1081.82 1041.32 3153.29
1768000 1031.78 1079.74 1046.61 3158.13
1769000 1029.22 1074.83 1044.96 3149.01
1770000 1030.15 1074.96 1044.83 3149.94
1771000 1040.47 1083.99 1054.25 3178.71
1772000 1036.57 1076.9 1048.95 3162.43
1773000 1040.97 1079.5 1051.54 3172
1774000 1043.78 1080.27 1053.95 3178
1775000 1048.86 1085.16 1059.78 3193.8
1776000 1042.22 1079.56 1051.88 3173.67
1777000 1049.55 1087.44 1056.71 3193.7
1778000 1053.48 1089.8 1058.31 3201.59
1779000 1055.38 1090.51 1058.76 3204.66
1780000 1053.77 1090.39 1057.59 3201.75
1781000 1055.79 1094.08 1062.73 3212.6
1782000 1052.03 1091.26 1060.87 3204.16
1783000 1047.94 1089.08 1058.64 3195.66
1784000 1052.44 1093.55 1063.68 3209.68
1785000 1058.3 1099.14 1068.21 3225.65
1786000 1056.29 1099.51 1067.2 3223
1787000 1056.97 1102.32 1067.91 3227.2
1788000 1059.48 1101.97 1066.02 3227.47
1789000 1060.78 1105.74 1069.46 3235.98
1790000 1055.77 1099.83 1064.36 3219.97
1791000 1057.49 1098.07 1063.84 3219.39
1792000 1059.78 1103.3 1069.87 3232.95
1793000 1057.29 1101.32 1068.72 3227.33
1794000 1060.95 1104.93 1073.4 3239.28
1795000 1063.85 1106.9 1076.55 3247.3
1796000 1060.48 1106.98 1073.33 3240.79
1797000 1052.48 1100.11 1065.4 3217.99
1798000 1058.51 1106.27 1072.42 3237.2
1799000 1062.03 1107.99 1077.28 3247.29
1800000 1056.77 1104.17 1073.78 3234.72
1801000 1060.34 1107.27 1076.13 3243.74
1802000 1058.38 1104.31 1071.47 3234.16
1803000 1065.94 1111.95 1079.34 3257.23
1804000 1068.75 1112.56 1083.47 3264.78
1805000 1071.55 1115.21 1088.05 3274.81
1806000 1064.65 1106.96 1083.17 3254.78
1807000 1064.7 1110.09 1084.17 3258.96
1808000 1064.86 1111.36 1088.36 3264.58
1809000 1071.8 1118.04 1096.89 3286.74
1810000 1067.34 1114.66 1092.76 3274.76
1811000 1064.29 1112 1091.44 3267.73
1812000 1064.14 1111.16 1091.03 3266.33
1813000 1066.68 1116.74 1097.64 3281.06
1814000 1070.68 1123.23 1102.7 3296.61
1815000 1072.61 1127.58 1105.09 3305.29
1816000 1063.18 1118.25 1095.88 3277.32
1817000 1063.92 1122.03 1097.97 3283.92
1818000 1074.89 1130.72 1105.68 3311.29
1819000 1075.15 1128.62 1103.34 3307.11
1820000 1074.08 1128.5 1101.15 3303.73
1821000 1077.91 1131.98 1103.29 3313.17
1822000 1078.27 1131.76 1102.08 3312.11
1823000 1072.78 1128.04 1099.32 3300.14
1824000 1073.5 1126.65 1101.95 3302.1
1825000 1069.47 1126.51 1102.25 3298.23
1826000 1076.04 1133.63 1108.57 3318.24
1827000 1071.63 1131.05 1107.46 3310.14
1828000 1069.27 1129.55 1107.43 3306.25
1829000 1071.22 1128.78 1107.74 3307.75
1830000 1070.86 1123.58 1104.51 3298.95
1831000 1069.94 1123.24 1105.17 3298.35
1832000 1075.6 1125.34 1109.76 3310.7
1833000 1078.22 1128.47 1111.71 3318.4
1834000 1078.09 1130.56 1114.52 3323.16
1835000 1085.22 1138.89 1122.21 3346.32
1836000 1082.83 1135.77 1120.48 3339.08
1837000 1085.01 1137.62 1122.9 3345.52
1838000 1087.9 1141.8 1126.87 3356.56
1839000 1085.95 1141.76 1124.35 3352.06
1840000 1093.47 1150.52 1132.29 3376.28
1841000 1090.23 1148.98 1130.31 3369.53
1842000 1083.18 1138.18 1121.46 3342.81
1843000 1083.67 1143.13 1121.29 3348.09
1844000 1083.63 1144.05 1119.15 3346.84
1845000 1088.8 1147.97 1122.29 3359.06
1846000 1087.79 1148.87 1118.8 3355.45
1847000 1090.73 1150.82 1122.84 3364.39
1848000 1090.81 1152.86 1121.74 3365.41
1849000 1091.51 1152.27 1121.79 3365.57
1850000 1089.26 1147.69 1118.17 3355.13
1851000 1089.78 1144.15 1120.7 3354.63
1852000 1095.55 1145.56 1125.9 3367
1853000 1097.25 1147.63 1128.99 3373.87
1854000 1103.91 1152.28 1135.26 3391.45
1855000 1097.62 1148.52 1131.81 3377.95
1856000 1097.86 1148.4 1131.67 3377.93
1857000 1111.09 1156.75 1141.37 3409.2
1858000 1113.25 1156.42 1140.31 3409.98
1859000 1105.8 1147.62 1132.03 3385.45
1860000 1109.95 1152.84 1135.3 3398.08
1861000 1108.66 1152.21 1131.63 3392.49
1862000 1112.6 1158.2 1135.45 3406.25
1863000 1116.78 1161.83 1140.31 3418.92
1864000 1116.97 1160.73 1140.66 3418.36
1865000 1119.79 1164.53 1144.96 3429.29
1866000 1112.17 1157.68 1135.65 3405.49
1867000 1114.09 1159.42 1137.83 3411.35
1868000 1114.59 1159.1 1138.19 3411.87
1869000 1114.52 1160.76 1136.73 3412.01
1870000 1108.57 1160.44 1136.19 3405.19
1871000 1111.04 1163.61 1142.1 3416.74
1872000 1111.89 1166.95 1144.08 3422.93
1873000 1115.46 1167.45 1146.65 3429.55
1874000 1114.81 1165.5 1146.14 3426.45
1875000 1114.74 1164.78 1145.43 3424.95
1876000 1114.32 1166.31 1147.4 3428.03
1877000 1113.13 1166.85 1145.26 3425.24
1878000 1119.35 1175.67 1150.49 3445.5
1879000 1122.02 1178.38 1153.42 3453.82
1880000 1124.76 1179.08 1154.26 3458.1
1881000 1118.19 1173.72 1149.29 3441.2
1882000 1122.31 1178.99 1150.42 3451.71
1883000 1121.92 1178.63 1149.26 3449.8
1884000 1122.2 1178.9 1149.92 3451.02
1885000 1125.87 1184.06 1154.97 3464.9
1886000 1129.97 1187.7 1155.89 3473.57
1887000 1133.5 1191.02 1158.3 3482.81
1888000 1131.14 1189.94 1157.22 3478.29
1889000 1128.97 1192.13 1156.16 3477.26
1890000 1131.63 1190.52 1157.98 3480.13
1891000 1133.48 1189.64 1162.54 3485.66
1892000 1127.29 1186.16 1160.8 3474.25
1893000 1131.6 1190.05 1165.26 3486.91
1894000 1131.53 1189.9 1166.14 3487.57
1895000 1137.4 1195.14 1171.87 3504.42
1896000 1141.39 1199.06 1173 3513.45
1897000 1141.08 1199.33 1172.65 3513.05
1898000 1137.26 1199.39 1166.34 3503
1899000 1131.25 1193.67 1161.09 3486
1900000 1128.81 1189.62 1162.4 3480.83
1901000 1131.56 1191 1165.44 3487.99
1902000 1139.06 1198.38 1176.09 3513.53
1903000 1143.02 1198.87 1176.8 3518.7
1904000 1139.57 1195.74 1174.62 3509.92
1905000 1139.44 1199.57 1176.26 3515.27
1906000 1135.06 1195.57 1175.31 3505.95
1907000 1136.63 1196.52 1178.93 3512.07
1908000 1140.97 1203.88 1187.99 3532.84
1909000 1139.35 1203.27 1189.93 3532.55
1910000 1142.88 1207.65 1192.81 3543.34
1911000 1141.96 1204.83 1192.99 3539.78
1912000 1143.11 1202.73 1192.97 3538.81
1913000 1143.31 1204.61 1194.08 3542
1914000 1149.46 1211.78 1198.53 3559.77
1915000 1149.8 1211.24 1198.77 3559.82
1916000 1145.98 1211.16 1197.11 3554.25
1917000 1146.4 1213.47 1200.12 3559.98
1918000 1144.91 1215.16 1199.39 3559.46
1919000 1144.41 1212.02 1196.6 3553.03
1920000 1146.74 1212.08 1197.89 3556.72
1921000 1145.91 1209.07 1196.24 3551.22
1922000 1149.91 1214.86 1200.91 3565.68
1923000 1149.06 1216.95 1200.12 3566.13
1924000 1154.69 1222.41 1203.54 3580.64
1925000 1155.46 1222.96 1199.08 3577.51
1926000 1159.86 1228.13 1203.86 3591.85
1927000 1160.18 1226.46 1202.94 3589.58
1928000 1165.13 1229.68 1204.97 3599.78
1929000 1165.27 1231.37 1206.39 3603.03
1930000 1167.11 1232.35 1209.07 3608.52
1931000 1164.72 1233.36 1209.61 3607.69
1932000 1162.09 1232.89 1213.04 3608.02
1933000 1165.19 1238.53 1218.38 3622.11
1934000 1163.46 1239.54 1216.53 3619.53
1935000 1161.21 1240.49 1216.23 3617.93
1936000 1160.82 1243.91 1218.6 3623.33
1937000 1158.46 1242.35 1217.5 3618.31
1938000 1159.97 1245.61 1220.52 3626.09
1939000 1161.16 1248 1226.38 3635.54
1940000 1160.73 1243.79 1223.19 3627.71
1941000 1165.38 1250 1228.41 3643.79
1942000 1161.87 1244.4 1222.78 3629.06
1943000 1162.37 1248.36 1224.28 3635.01
1944000 1164.51 1254.48 1230.63 3649.62
1945000 1165.29 1253.29 1226.06 3644.64
1946000 1164.47 1255.22 1228.29 3647.98
1947000 1162.73 1254.77 1225.63 3643.12
1948000 1160.16 1256.3 1225.93 3642.38
1949000 1163.02 1257.43 1228.1 3648.54
1950000 1168.26 1262.58 1234.53 3665.37
1951000 1166.97 1257.97 1231.21 3656.14
1952000 1168.52 1258.27 1230.58 3657.37
1953000 1167.32 1255.89 1227.11 3650.31
1954000 1167.25 1256.01 1231.67 3654.93
1955000 1170.43 1258.82 1235.91 3665.16
1956000 1166.88 1252.33 1231.75 3650.96
1957000 1162.37 1245.99 1223.91 3632.27
1958000 1169.1 1248.06 1227.76 3644.92
1959000 1169.25 1250.23 1228.54 3648.03
1960000 1175.52 1256.84 1237.74 3670.1
1961000 1172.79 1254.44 1234.9 3662.14
1962000 1179.86 1261.44 1242.47 3683.78
1963000 1177.97 1260.6 1241.28 3679.86
1964000 1180.07 1262.05 1245.13 3687.25
1965000 1178.32 1263.64 1245.5 3687.46
1966000 1178.54 1264.91 1245.66 3689.11
1967000 1173.89 1262.09 1239.54 3675.52
1968000 1178.34 1266.81 1243.74 3688.89
1969000 1180.93 1270.37 1244.32 3695.63
1970000 1179.85 1268.7 1240.81 3689.36
1971000 1180.95 1270.27 1245.85 3697.07
1972000 1179.88 1265.11 1244.07 3689.05
1973000 1185.62 1269.77 1248.7 3704.1
1974000 1184.82 1269.26 1250.26 3704.34
1975000 1185.06 1268.12 1250.97 3704.15
1976000 1185.5 1265.05 1249.14 3699.69
1977000 1190.5 1270.53 1249.64 3710.67
1978000 1190.3 1273.91 1248.68 3712.89
1979000 1187.76 1274.73 1248.27 3710.75
1980000 1190.7 1277.55 1249.77 3718.02
1981000 1198.07 1285.85 1257.21 3741.12
1982000 1196.5 1286.43 1258.08 3741.02
1983000 1199.9 1289.93 1260.14 3749.97
1984000 1198.91 1289.83 1258.01 3746.74
1985000 1197.63 1291.74 1258.33 3747.71
1986000 1194.07 1287.08 1254.1 3735.26
1987000 1191.45 1284.01 1253.4 3728.87
1988000 1198.96 1290.9 1260.98 3750.85
1989000 1193.21 1285.57 1253.93 3732.71
1990000 1201.65 1291.64 1259.02 3752.31
1991000 1196.28 1287.87 1252.83 3736.98
1992000 1198.51 1290.55 1253.38 3742.44
1993000 1202.17 1292.04 1254.44 3748.65
1994000 1206.55 1294.72 1259.65 3760.91
1995000 1204.61 1292.26 1259.94 3756.81
1996000 1209.57 1298.67 1265.38 3773.62
1997000 1212.62 1304.08 1266.78 3783.48
1998000 1209.65 1302.59 1266.11 3778.36
1999000 1208.31 1298.12 1263.62 3770.05
2000000 1209.52 1297.86 1262.72 3770.11
2001000 1209.1 1299.57 1258.94 3767.6
2002000 1213.34 1309.57 1269.32 3792.22
2003000 1211.44 1305.49 1266.97 3783.9
2004000 1212.99 1302.33 1268.5 3783.82
2005000 1214.08 1303.33 1271.64 3789.05
2006000 1209.62 1302.31 1269.04 3780.97
2007000 1212.5 1303.58 1270.42 3786.51
2008000 1213.8 1307.93 1274.01 3795.74
2009000 1214.07 1308.7 1272.74 3795.52
2010000 1219.73 1310.18 1277.39 3807.3
2011000 1224.13 1315.4 1284.34 3823.87
2012000 1225.3 1318.84 1283.48 3827.62
2013000 1225.28 1320.03 1281.99 3827.31
2014000 1221.86 1320.01 1278.84 3820.71
2015000 1224.82 1321.85 1282.82 3829.5
2016000 1224.62 1324.63 1284.52 3833.77
2017000 1226.05 1326.82 1284.6 3837.46
2018000 1225.56 1326.53 1283.36 3835.46
2019000 1228.6 1329.88 1281.11 3839.59
2020000 1231.06 1333.12 1282.96 3847.14
2021000 1229.14 1330.67 1281.09 3840.9
2022000 1231.1 1334.06 1282.5 3847.66
2023000 1233.86 1338.52 1284.56 3856.93
2024000 1236.78 1338.46 1283.55 3858.79
2025000 1240.87 1345.37 1289.86 3876.09
2026000 1240.31 1343.17 1285.08 3868.55
2027000 1245.69 1347.83 1293.32 3886.83
2028000 1245.82 1343.07 1290.61 3879.51
2029000 1245.95 1338.52 1288.09 3872.56
2030000 1246.71 1341.47 1287.5 3875.68
2031000 1257.16 1352.31 1293.99 3903.46
2032000 1256.55 1351.83 1292.57 3900.96
2033000 1255.26 1349.61 1288.82 3893.69
2034000 1262.76 1355.97 1294.92 3913.65
2035000 1264.19 1355.7 1293.1 3912.99
2036000 1263.78 1355.14 1290.69 3909.61
2037000 1262.04 1355.2 1289.57 3906.81
2038000 1260.62 1359.2 1290.47 3910.3
2039000 1259.29 1355.99 1288.5 3903.78
2040000 1258.06 1352.62 1286.24 3896.92
2041000 1256.56 1353.93 1287.14 3897.63
2042000 1257.85 1356.86 1289.01 3903.73
2043000 1261.12 1358.48 1294.13 3913.73
2044000 1265.93 1361.52 1301.93 3929.38
2045000 1261.1 1353.55 1298.1 3912.75
2046000 1264.08 1352.55 1299.48 3916.11
2047000 1264.48 1348.98 1295.89 3909.36
2048000 1265.33 1348.61 1296.03 3909.97
2049000 1264.59 1348.59 1296.42 3909.6
2050000 1270.64 1350.72 1301.33 3922.68
2051000 1274.39 1355.39 1304.26 3934.04
2052000 1275.09 1362.25 1307.05 3944.39
2053000 1274.32 1363.72 1309.24 3947.28
2054000 1273.91 1361.01 1307.93 3942.84
2055000 1275.81 1363.64 1308.26 3947.71
2056000 1281.85 1368.39 1314.79 3965.02
2057000 1285.79 1374.13 1319.84 3979.76
2058000 1284.22 1372.96 1320.56 3977.73
2059000 1278.58 1368.73 1314.36 3961.67
2060000 1276.03 1366.04 1311.26 3953.32
2061000 1278.69 1369.67 1313.83 3962.19
2062000 1275.48 1367.92 1310.05 3953.45
2063000 1275.78 1371.01 1310.76 3957.54
2064000 1280.33 1373.53 1313.46 3967.32
2065000 1274.68 1372.1 1313.26 3960.04
2066000 1278.63 1379.88 1318.16 3976.67
2067000 1278.99 1379.68 1317.87 3976.54
2068000 1278.21 1380.36 1317.58 3976.15
2069000 1277.06 1379.03 1318.69 3974.78
2070000 1273.74 1372.29 1311.67 3957.71
2071000 1284.2 1378.92 1317.12 3980.24
2072000 1285.63 1375.21 1317.29 3978.13
2073000 1280.59 1370.51 1312.42 3963.52
2074000 1280.58 1371.72 1313.53 3965.83
2075000 1285.7 1372 1317.1 3974.8
2076000 1287.94 1372.67 1319.68 3980.28
2077000 1293.58 1377.76 1323 3994.35
2078000 1292.14 1374.5 1321.19 3987.83
2079000 1285.32 1367.43 1316.63 3969.38
2080000 1288.63 1369.84 1318.66 3977.13
2081000 1285.03 1369.97 1319.41 3974.42
2082000 1294.06 1378.22 1326.6 3998.88
2083000 1291.92 1376.52 1323.8 3992.24
2084000 1288.99 1374.2 1320.73 3983.91
2085000 1300.5 1389.6 1334.78 4024.87
2086000 1291.04 1384.04 1326.47 4001.55
2087000 1294.63 1386.35 1328.04 4009.02
2088000 1292.55 1382.36 1325.7 4000.61
2089000 1302.62 1392.41 1332.72 4027.75
2090000 1305.5 1397.27 1337.28 4040.06
2091000 1302.35 1394.18 1334.84 4031.38
2092000 1295.99 1391.88 1328.71 4016.57
2093000 1303.96 1399.65 1334.14 4037.75
2094000 1302.42 1396.52 1331.84 4030.78
2095000 1300.81 1397.71 1330.97 4029.49
2096000 1298.48 1395.41 1329.59 4023.48
2097000 1302.84 1400.86 1333.89 4037.59
2098000 1300.91 1399.51 1330.88 4031.3
2099000 1311.37 1409.54 1339.6 4060.5
2100000 1320.21 1414.89 1348.66 4083.76
2101000 1314.81 1407.08 1341.67 4063.56
2102000 1306.88 1399.13 1337.17 4043.18
2103000 1310.8 1405.56 1342.36 4058.72
2104000 1311.49 1405.92 1344.28 4061.69
2105000 1311.4 1408.22 1345.83 4065.46
2106000 1315.27 1414.92 1347.66 4077.84
2107000 1313.78 1414.47 1344.03 4072.29
2108000 1314.9 1415.25 1342.83 4072.98
2109000 1318.45 1416.37 1344.36 4079.18
2110000 1320.18 1418.67 1346.96 4085.81
2111000 1316.84 1414.11 1344.67 4075.63
2112000 1326.22 1424.47 1351.44 4102.13
2113000 1322.92 1423.69 1346.93 4093.53
2114000 1324.17 1425.95 1349.04 4099.16
2115000 1324.16 1427.33 1347.67 4099.15
2116000 1318.21 1423.36 1345.13 4086.7
2117000 1321.41 1425.66 1348 4095.07
2118000 1321.69 1426.77 1348.14 4096.6
2119000 1324.69 1428.59 1350.42 4103.71
2120000 1324.2 1428.31 1348.21 4100.72
2121000 1324.53 1429.96 1350.28 4104.77
2122000 1322.9 1431.4 1350.25 4104.55
2123000 1331.99 1441.82 1356.94 4130.75
2124000 1328.98 1437.72 1355 4121.7
2125000 1332.46 1438.38 1355.52 4126.37
2126000 1330.1 1438.63 1353.23 4121.96
2127000 1331.94 1443.39 1356.19 4131.53
2128000 1327.62 1440.32 1353.99 4121.93
2129000 1330.98 1442.51 1359.03 4132.52
2130000 1337.05 1447.07 1366.05 4150.18
2131000 1335.1 1444.24 1364.89 4144.23
2132000 1340.18 1448.8 1370.89 4159.87
2133000 1339.48 1450.54 1372.83 4162.86
2134000 1332.65 1443.51 1362.5 4138.66
2135000 1332.49 1443.07 1361.03 4136.6
2136000 1340.21 1451.38 1369.34 4160.93
2137000 1336.89 1447.9 1365.29 4150.07
2138000 1336.17 1448.13 1368.43 4152.74
2139000 1337.04 1449.12 1370.82 4156.99
2140000 1339 1452.82 1374.02 4165.84
2141000 1336.68 1449.73 1369.73 4156.14
2142000 1336.68 1448.7 1370.92 4156.3
2143000 1348.3 1460.1 1384.2 4192.6
2144000 1346.61 1454.23 1380.98 4181.82
2145000 1350.53 1459.14 1385.7 4195.37
2146000 1351 1460.42 1384.6 4196.02
2147000 1350.29 1461.11 1385.4 4196.79
2148000 1348.23 1460.72 1387.15 4196.09
2149000 1356.21 1468.21 1394.69 4219.1
2150000 1361.86 1474.14 1399.65 4235.65
2151000 1355.21 1467.03 1396.58 4218.82
2152000 1353.78 1465.29 1396.21 4215.28
2153000 1356.39 1463.99 1395.58 4215.96
2154000 1353.41 1461.59 1393.63 4208.63
2155000 1358.22 1466.37 1397.53 4222.13
2156000 1355.81 1465.6 1397.27 4218.67
2157000 1359.59 1469.38 1402.13 4231.1
2158000 1359.1 1470.28 1402.44 4231.82
2159000 1356.43 1466.97 1397.2 4220.6
2160000 1359.57 1471.43 1398.9 4229.9
2161000 1367.96 1478.49 1403.55 4250
2162000 1368.76 1474.88 1401.25 4244.89
2163000 1370.33 1476.24 1401.86 4248.43
2164000 1363.5 1472.87 1398.87 4235.23
2165000 1367.53 1479.81 1405.6 4252.94
2166000 1373.74 1483.44 1411.21 4268.39
2167000 1370.28 1482.33 1409.18 4261.79
2168000 1375.46 1486.87 1416.46 4278.8
2169000 1372.42 1486.55 1413.88 4272.85
2170000 1369.59 1484.79 1410.52 4264.9
2171000 1376.32 1488.55 1414.7 4279.58
2172000 1377.84 1488.3 1413.57 4279.71
2173000 1385.8 1492.45 1421.4 4299.65
2174000 1377.74 1484.17 1415.58 4277.49
2175000 1378.69 1481.77 1413.93 4274.39
2176000 1381.83 1483.13 1416.25 4281.22
2177000 1386.3 1484.79 1421.27 4292.37
2178000 1388.39 1485 1424.72 4298.12
2179000 1385.4 1481.9 1423 4290.3
2180000 1389.42 1486.29 1428.98 4304.69
2181000 1381.5 1479.79 1424.14 4285.43
2182000 1387.76 1484.33 1430.29 4302.38
2183000 1388.95 1484.92 1431.71 4305.58
2184000 1386.76 1481.81 1427.42 4295.98
2185000 1385.97 1478.76 1427.98 4292.71
2186000 1383.7 1475.03 1424.91 4283.64
2187000 1388.66 1475.7 1422.94 4287.3
2188000 1399.57 1488.88 1434.99 4323.44
2189000 1399.1 1484.57 1431.75 4315.42
2190000 1400.21 1485.89 1432.2 4318.31
2191000 1395.75 1483.96 1427.99 4307.7
2192000 1400.72 1495.8 1435.04 4331.56
2193000 1397.75 1491.84 1434.53 4324.12
2194000 1400.02 1494.52 1438.18 4332.73
2195000 1399.04 1496.42 1440.56 4336.02
2196000 1406.16 1504.82 1448.5 4359.48
2197000 1409.46 1506.75 1453.58 4369.79
2198000 1409.36 1506.55 1452.09 4368
2199000 1405.14 1501.49 1446.99 4353.62
2200000 1405.21 1501.82 1447.65 4354.68
2201000 1405.54 1500.22 1446.01 4351.77
2202000 1402.65 1499.81 1445.38 4347.84
2203000 1399.09 1496.84 1442.83 4338.77
2204000 1403.72 1500.53 1444.98 4349.24
2205000 1409.73 1504.8 1450.86 4365.4
2206000 1408.58 1504.47 1452.97 4366.02
2207000 1410.27 1505.07 1454.09 4369.43
2208000 1415.36 1511.9 1459.42 4386.67
2209000 1412.49 1509.97 1458.13 4380.59
2210000 1406.07 1504.96 1454.2 4365.22
2211000 1419.15 1516.72 1464.41 4400.27
2212000 1419.65 1519.14 1464.92 4403.71
2213000 1415.84 1513.17 1460.58 4389.59
2214000 1416.29 1512.74 1458.72 4387.75
2215000 1420.19 1517.42 1457.04 4394.65
2216000 1419.21 1514.24 1457.32 4390.76
2217000 1422.02 1517.03 1462.81 4401.85
2218000 1423.01 1517.05 1462.65 4402.71
2219000 1427.93 1520.04 1468.21 4416.18
2220000 1425.73 1518.79 1465.33 4409.85
2221000 1425.35 1520.69 1465.81 4411.85
2222000 1423.89 1519.97 1466.53 4410.4
2223000 1423.08 1519.89 1471.95 4414.92
2224000 1425.72 1520.3 1472.96 4418.97
2225000 1427.77 1521.71 1474.57 4424.06
2226000 1431.26 1525.44 1478.26 4434.95
2227000 1434.4 1531.2 1481.95 4447.55
2228000 1426.29 1519.8 1472.31 4418.4
2229000 1430.85 1521.78 1476.68 4429.31
2230000 1429.17 1520.6 1475.28 4425.06
2231000 1426.9 1518.56 1469.86 4415.33
2232000 1435.95 1524.06 1474.76 4434.77
2233000 1431.01 1519.78 1472 4422.79
2234000 1427.12 1519.84 1473.25 4420.2
2235000 1436.87 1531.31 1481.13 4449.31
2236000 1431.21 1527.38 1476.78 4435.37
2237000 1437.67 1533.84 1482.23 4453.74
2238000 1435 1530.1 1479.68 4444.78
2239000 1435.61 1528.8 1481.63 4446.04
2240000 1438.41 1532.53 1485.59 4456.53
2241000 1442.22 1535.88 1489.2 4467.3
2242000 1449.74 1539.59 1497.08 4486.4
2243000 1445.37 1534.97 1493.32 4473.67
2244000 1442.11 1533.25 1491.91 4467.27
2245000 1442.72 1535.7 1493.44 4471.86
2246000 1450.84 1537.75 1497.28 4485.87
2247000 1447.83 1531.79 1493.17 4472.79
2248000 1453.75 1536.1 1498.34 4488.2
2249000 1448.21 1529.89 1492.61 4470.7
2250000 1457.17 1540.18 1500.82 4498.17
2251000 1451.68 1539.04 1497.61 4488.34
2252000 1453.21 1543.63 1497.86 4494.7
2253000 1452.89 1545.07 1498.96 4496.91
2254000 1449.24 1540.42 1494.81 4484.47
2255000 1449.66 1542.45 1497.42 4489.52
2256000 1455.75 1547.87 1503.22 4506.84
2257000 1457.28 1544.47 1502.8 4504.55
2258000 1461.55 1549.67 1504.04 4515.26
2259000 1459.82 1547.23 1502.64 4509.69
2260000 1453.46 1537.86 1495 4486.32
2261000 1456.44 1542.98 1500.31 4499.73
2262000 1451.88 1537.63 1498.2 4487.71
2263000 1455.06 1541.12 1502.17 4498.36
2264000 1455.93 1542.07 1504.83 4502.83
2265000 1457.57 1542.59 1506.83 4507
2266000 1463 1544.24 1509.88 4517.11
2267000 1464.36 1545.85 1510.74 4520.95
2268000 1465.34 1549.46 1512.68 4527.48
2269000 1471.37 1554.78 1519.01 4545.17
2270000 1478.27 1556.77 1523.98 4559.03
2271000 1473.29 1550.22 1517.16 4540.67
2272000 1479.9 1555.23 1525.21 4560.34
2273000 1478.41 1555.91 1525.1 4559.41
2274000 1475.75 1551.68 1522.22 4549.65
2275000 1477.16 1556.56 1526.87 4560.59
2276000 1476.68 1556.78 1524.74 4558.2
2277000 1472.47 1551.62 1519.79 4543.87
2278000 1476.61 1555.3 1524.28 4556.19
2279000 1476.77 1557.63 1525.75 4560.15
2280000 1477.32 1559.88 1525.18 4562.38
2281000 1476.95 1561.25 1524.51 4562.71
2282000 1480.74 1567.44 1525.03 4573.21
2283000 1486.45 1576.96 1530.46 4593.87
2284000 1489.45 1580.69 1533.87 4604
2285000 1486.24 1576.48 1531.37 4594.09
2286000 1484.35 1573.65 1527.72 4585.72
2287000 1485 1575.01 1530.65 4590.66
2288000 1485.9 1575.46 1531.12 4592.49
2289000 1485.2 1576.01 1530.98 4592.19
2290000 1481.7 1572.79 1526.95 4581.44
2291000 1487.89 1579.12 1534.54 4601.55
2292000 1491.25 1579.11 1536.64 4607
2293000 1490.39 1577.02 1535.63 4603.05
2294000 1481.67 1565 1525.37 4572.04
2295000 1494.36 1574.89 1537.34 4606.58
2296000 1494.99 1573.39 1538.71 4607.09
2297000 1500.56 1575.22 1543.47 4619.25
2298000 1493.83 1569.43 1540.54 4603.81
2299000 1490.38 1566.46 1538.5 4595.34
2300000 1492.08 1574.24 1540.67 4606.99
2301000 1492.46 1576.39 1543.61 4612.47
2302000 1494.77 1580.11 1547.9 4622.78
2303000 1493.42 1577.3 1548.1 4618.81
2304000 1483.6 1568.78 1540.39 4592.77
2305000 1484.78 1568.01 1540.38 4593.17
2306000 1490.78 1573.04 1545.47 4609.29
2307000 1486.87 1571.37 1542.13 4600.38
2308000 1498.7 1582.46 1556.54 4637.7
2309000 1494.17 1579.68 1552.49 4626.34
2310000 1497.39 1584.68 1553.6 4635.67
2311000 1496.78 1585.93 1551.81 4634.52
2312000 1498.3 1586.89 1554.63 4639.83
2313000 1493.36 1581.06 1549.91 4624.33
2314000 1492.02 1578.68 1545.41 4616.11
2315000 1503.65 1588.89 1555.42 4647.96
2316000 1498.38 1582.85 1547.17 4628.41
2317000 1496.96 1582.01 1544.54 4623.51
2318000 1504.96 1591.34 1555.67 4651.98
2319000 1505.24 1589.63 1556.98 4651.86
2320000 1507.13 1594.33 1559.25 4660.7
2321000 1513.5 1605.85 1567.93 4687.29
2322000 1516.66 1606.32 1569.65 4692.63
2323000 1519.19 1605.56 1569.64 4694.39
2324000 1516.61 1599.66 1565.95 4682.21
2325000 1513.23 1598.03 1564.36 4675.61
2326000 1510.17 1600.37 1564.77 4675.32
2327000 1519.22 1609.77 1574.98 4703.97
2328000 1509.76 1601.04 1566.59 4677.39
2329000 1517.99 1610.37 1574.7 4703.06
2330000 1513.16 1603.19 1570.5 4686.85
2331000 1511.64 1603.7 1570.01 4685.34
2332000 1512.9 1604.27 1568.55 4685.72
2333000 1512.92 1601.51 1565.68 4680.1
2334000 1523.65 1611.85 1574.65 4710.15
2335000 1527.56 1613.8 1577.1 4718.46
2336000 1526.9 1611.78 1578.47 4717.16
2337000 1522.23 1610.16 1577.48 4709.87
2338000 1522.69 1611.55 1580.07 4714.31
2339000 1523.62 1615.25 1582.17 4721.03
2340000 1529.96 1625.27 1586.1 4741.34
2341000 1527.35 1623.76 1577.96 4729.07
2342000 1532.15 1625.71 1577.15 4735.01
2343000 1534.99 1628.87 1579.61 4743.47
2344000 1529.79 1619.51 1574.79 4724.09
2345000 1529.22 1617.31 1573.8 4720.34
2346000 1537.86 1625.41 1580.47 4743.74
2347000 1543.58 1630.09 1583.88 4757.55
2348000 1550.54 1633.44 1589.23 4773.21
2349000 1558.96 1635.66 1596.21 4790.83
2350000 1563.08 1636.16 1599.66 4798.9
2351000 1555.54 1627.04 1591.29 4773.87
2352000 1555.39 1630.61 1594.99 4780.99
2353000 1552.05 1627.61 1590.63 4770.29
2354000 1553.07 1627.76 1590.56 4771.4
2355000 1551.63 1626.08 1589.67 4767.38
2356000 1555.94 1629.83 1592.12 4777.89
2357000 1555.22 1629.82 1592.75 4777.79
2358000 1562.4 1638.18 1601.66 4802.24
2359000 1572.86 1648.46 1610.36 4831.69
2360000 1570.3 1644.96 1609.45 4824.72
2361000 1566.37 1640.57 1604.81 4811.75
2362000 1570.38 1646.06 1608.2 4824.65
2363000 1561.88 1637.71 1599.85 4799.45
2364000 1558.59 1640.12 1599.53 4798.24
2365000 1555.64 1639.41 1597.76 4792.81
2366000 1551.43 1637.31 1593.17 4781.9
2367000 1557.58 1645.41 1597.36 4800.36
2368000 1562.42 1651.21 1602.83 4816.45
2369000 1563.48 1656.29 1600.87 4820.63
2370000 1562.39 1657.87 1599.55 4819.81
2371000 1561.75 1658.63 1601.54 4821.92
2372000 1567.69 1666.54 1606.31 4840.55
2373000 1570.77 1668.31 1606.79 4845.87
2374000 1577.19 1672.84 1611.26 4861.29
2375000 1572.49 1670.66 1608.35 4851.5
2376000 1567.46 1668.56 1602.96 4838.97
2377000 1568.21 1672.52 1608.1 4848.84
2378000 1565.83 1673.4 1610.57 4849.79
2379000 1565.58 1669.2 1609.36 4844.14
2380000 1570.18 1677.83 1614.89 4862.9
2381000 1565.25 1675.28 1609.61 4850.15
2382000 1564.93 1676.37 1607.42 4848.72
2383000 1572.25 1680.65 1612.59 4865.5
2384000 1565.15 1676.39 1608.58 4850.12
2385000 1560.17 1672.53 1604.62 4837.32
2386000 1564.25 1675.99 1606.33 4846.57
2387000 1578.7 1688.34 1621.91 4888.95
2388000 1575.93 1685.06 1622.29 4883.27
2389000 1573.74 1683.9 1623.51 4881.15
2390000 1574.56 1685.74 1623.81 4884.1
2391000 1580.21 1692.6 1626.43 4899.24
2392000 1578.6 1689.74 1623.95 4892.29
2393000 1589.29 1702.26 1636.38 4927.93
2394000 1583.97 1698.83 1630.78 4913.58
2395000 1589.56 1699.85 1636.1 4925.5
2396000 1594.56 1705.42 1641.56 4941.54
2397000 1593.23 1705.7 1636.82 4935.75
2398000 1596.05 1710.83 1637.34 4944.22
2399000 1590.6 1703.06 1629.99 4923.65
2400000 1591.64 1703.97 1631.01 4926.62
2401000 1591.94 1703.59 1631.06 4926.59
2402000 1595.65 1706.87 1633.57 4936.09
2403000 1590.85 1702.64 1631.03 4924.52
2404000 1594.14 1704.84 1633.84 4932.82
2405000 1599.41 1711.14 1639.89 4950.44
2406000 1598.97 1710.16 1640.05 4949.18
2407000 1595.84 1705.92 1634.92 4936.68
2408000 1606.65 1715.06 1642.2 4963.92
2409000 1607.64 1715.48 1637.81 4960.93
2410000 1610.46 1719.66 1641.02 4971.15
2411000 1612.2 1726.13 1642.76 4981.09
2412000 1610.73 1723.5 1636.34 4970.57
2413000 1614.66 1731.35 1642.57 4988.58
2414000 1615.23 1729.95 1641.07 4986.26
2415000 1615.46 1729.7 1639.43 4984.58
2416000 1616.89 1729.92 1640.53 4987.34
2417000 1613.6 1725 1637.63 4976.23
2418000 1611.22 1727.09 1638.66 4976.96
2419000 1616.18 1729.93 1640.66 4986.77
2420000 1629.33 1742.5 1652.62 5024.46
2421000 1625.06 1738.3 1648.32 5011.68
2422000 1625.11 1736.91 1652.06 5014.08
2423000 1631.19 1740.75 1655.38 5027.31
2424000 1632.27 1738.98 1653.37 5024.62
2425000 1629.55 1735.17 1649.44 5014.16
2426000 1625.92 1729.29 1644.8 5000.01
2427000 1627.19 1725.14 1644.69 4997.01
2428000 1635.84 1735 1653.69 5024.53
2429000 1641.33 1740.13 1658.34 5039.8
2430000 1647.51 1745.82 1664.56 5057.89
2431000 1646.66 1745.1 1662.65 5054.41
2432000 1648.03 1747.1 1658.24 5053.37
2433000 1644.68 1743.29 1655.84 5043.8
2434000 1650.55 1750.89 1664.43 5065.87
2435000 1648.72 1748.02 1661.6 5058.34
2436000 1650.87 1753.38 1665.63 5069.88
2437000 1649.58 1753.06 1667.82 5070.45
2438000 1646.38 1747.99 1661.77 5056.15
2439000 1646.54 1743.9 1657.74 5048.19
2440000 1648.44 1745.41 1659.93 5053.77
2441000 1653.14 1753.68 1668.2 5075.02
2442000 1660.59 1758.06 1670.08 5088.73
2443000 1667.39 1760.53 1673.82 5101.74
2444000 1662.39 1756.9 1669.63 5088.92
2445000 1658.09 1755.65 1667.73 5081.47
2446000 1662.35 1764.86 1673.84 5101.05
2447000 1660.24 1768.55 1676.57 5105.35
2448000 1662.67 1775.08 1677.62 5115.37
2449000 1664.05 1776.72 1680.45 5121.22
2450000 1657.66 1769.89 1670.47 5098.01
2451000 1667.62 1777.62 1678.32 5123.56
2452000 1661.5 1770.35 1671.96 5103.81
2453000 1665.48 1771.53 1672.89 5109.9
2454000 1671.91 1780.86 1676.81 5129.58
2455000 1672.21 1779.61 1676.5 5128.32
2456000 1677.78 1785.81 1680.84 5144.44
2457000 1675.07 1778.99 1674.91 5128.97
2458000 1680.02 1784.37 1678.19 5142.58
2459000 1683.31 1788.57 1682.14 5154.02
2460000 1685.76 1787.59 1682.31 5155.66
2461000 1694.54 1798.33 1690.01 5182.88
2462000 1684.27 1788.5 1682.1 5154.86
2463000 1685.36 1788.36 1680.7 5154.43
2464000 1686.14 1790.1 1681.22 5157.45
2465000 1687.93 1790.27 1682.4 5160.61
2466000 1686.43 1786.3 1683.69 5156.43
2467000 1688.11 1787.98 1683.41 5159.51
2468000 1693.2 1792 1689.16 5174.37
2469000 1681.12 1779.74 1675.98 5136.84
2470000 1678.12 1775.12 1671.46 5124.7
2471000 1680.6 1780.1 1673.95 5134.65
2472000 1678.94 1782.09 1674.7 5135.72
2473000 1689.99 1795.22 1686.34 5171.55
2474000 1693.26 1798.73 1687.06 5179.04
2475000 1693.3 1797.56 1687.9 5178.76
2476000 1696.99 1797.39 1691 5185.39
2477000 1697.84 1796.74 1693.23 5187.8
2478000 1700.44 1795.83 1693.49 5189.75
2479000 1699.65 1792.75 1689.21 5181.61
2480000 1712.98 1804.26 1703.88 5221.12
2481000 1711.84 1795.28 1700.72 5207.84
2482000 1703.65 1786.97 1692.48 5183.1
2483000 1704.37 1788.54 1692.05 5184.97
2484000 1703.48 1788.21 1693.39 5185.08
2485000 1712.5 1799.94 1704.7 5217.14
2486000 1711.34 1801.89 1706.97 5220.2
2487000 1713.97 1800.38 1707 5221.34
2488000 1706.08 1790.39 1701.23 5197.7
2489000 1712.08 1796.97 1707.79 5216.84
2490000 1714.03 1802.31 1711.53 5227.87
2491000 1711.69 1803.81 1710.2 5225.69
2492000 1714.79 1808.03 1716.48 5239.31
2493000 1716.79 1810.39 1719.92 5247.1
2494000 1715.78 1808.54 1718.17 5242.49
2495000 1720.22 1816.15 1724.63 5261
2496000 1720.22 1816.66 1727.82 5264.69
2497000 1721.74 1819.19 1727.21 5268.14
2498000 1714.42 1812.62 1720.88 5247.92
2499000 1714.92 1814.41 1723.25 5252.58
2500000 1725.66 1821.92 1729.9 5277.48
2501000 1721.19 1815.07 1725.84 5262.11
2502000 1726.22 1820.07 1729.97 5276.25
2503000 1725.97 1818.67 1731.38 5276.02
2504000 1726.14 1818.9 1729.96 5275
2505000 1721.49 1815.81 1726.06 5263.37
2506000 1726.21 1827.66 1734.32 5288.2
2507000 1718.66 1822.67 1726.82 5268.16
2508000 1723.49 1827.61 1728.55 5279.66
2509000 1721.03 1825.25 1721.68 5267.96
2510000 1720.86 1826.55 1719.22 5266.63
2511000 1716.64 1823.97 1717.87 5258.48
2512000 1716.48 1830.3 1721.15 5267.93
2513000 1721.59 1834.85 1728.65 5285.09
2514000 1717.49 1825.75 1720.23 5263.46
2515000 1723.4 1831.93 1722.15 5277.48
2516000 1726.09 1834.27 1721.35 5281.71
2517000 1731.2 1840.42 1725.95 5297.57
2518000 1733.69 1844.88 1731.49 5310.06
2519000 1728.59 1839.76 1726.71 5295.06
2520000 1728.17 1840.79 1727.99 5296.95
2521000 1731.55 1845.89 1733.48 5310.92
2522000 1727.25 1840.91 1729.67 5297.83
2523000 1732 1846.09 1733.52 5311.61
2524000 1732.45 1849.55 1735.98 5317.97
2525000 1730.49 1847.85 1734.95 5313.29
2526000 1716.4 1836.28 1720.04 5272.72
2527000 1728.32 1845.79 1731 5305.11
2528000 1732.02 1849.03 1732.08 5313.12
2529000 1730.23 1849.96 1728.49 5308.68
2530000 1723.19 1843.71 1722.27 5289.18
2531000 1727.88 1845.18 1727.22 5300.28
2532000 1729.92 1844.35 1728 5302.27
2533000 1732.67 1845.73 1725.43 5303.83
2534000 1745.6 1859.74 1735.21 5340.54
2535000 1741.19 1858.57 1729.93 5329.7
2536000 1741.03 1857.97 1728.44 5327.43
2537000 1743.38 1858.42 1729.7 5331.5
2538000 1748.66 1864.55 1735.23 5348.45
2539000 1741.8 1857.81 1733.09 5332.7
2540000 1739.41 1853.21 1728.3 5320.91
2541000 1742.34 1853.1 1730.63 5326.07
2542000 1743.18 1852.96 1727.34 5323.48
2543000 1744.19 1855.31 1724.53 5324.03
2544000 1744.17 1851.19 1719.85 5315.22
2545000 1743.3 1849.44 1718.12 5310.86
2546000 1746.73 1853.16 1718.13 5318.02
2547000 1745.91 1849.6 1711.72 5307.23
2548000 1756.88 1857.66 1718.1 5332.64
2549000 1758.57 1861.77 1721.53 5341.87
2550000 1766.82 1869.78 1731.33 5367.94
2551000 1764.92 1867.73 1730.65 5363.31
2552000 1770.5 1873.41 1737.4 5381.3
2553000 1763.21 1862.46 1727.95 5353.62
2554000 1774.75 1871.33 1739.18 5385.26
2555000 1780.96 1882.99 1747.47 5411.42
2556000 1769.23 1871.64 1739.08 5379.96
2557000 1766.32 1867.13 1734.65 5368.1
2558000 1765.26 1866.45 1733.3 5365.02
2559000 1763.09 1867.28 1733.81 5364.19
2560000 1775.9 1880.56 1747.93 5404.39
2561000 1777.73 1883.53 1747.13 5408.39
2562000 1779.1 1886.47 1747.67 5413.24
2563000 1778.94 1882.47 1742.6 5404.01
2564000 1780.47 1880.96 1742.34 5403.77
2565000 1780.96 1885.06 1742.51 5408.52
2566000 1784.74 1887.32 1743.77 5415.83
2567000 1778.49 1881.96 1738.08 5398.54
2568000 1782.15 1887.56 1739.28 5408.99
2569000 1787.62 1892.43 1740.99 5421.05
2570000 1793.46 1897.72 1743.59 5434.78
2571000 1796.29 1901.25 1744.42 5441.96
2572000 1787.14 1895.26 1737.52 5419.93
2573000 1789.3 1896.44 1737.43 5423.17
2574000 1799.14 1906.62 1744.36 5450.12
2575000 1801.52 1909.81 1744.31 5455.63
2576000 1802.78 1913.75 1746.18 5462.71
2577000 1795.85 1909.68 1742.53 5448.06
2578000 1802.53 1917.9 1750.69 5471.13
2579000 1806.96 1918.65 1755.9 5481.51
2580000 1805.93 1915 1756.73 5477.66
2581000 1811.21 1919.9 1761.61 5492.72
2582000 1807.37 1916.89 1757.34 5481.6
2583000 1801.69 1910.22 1751.73 5463.63
2584000 1807.4 1914.72 1756.74 5478.85
2585000 1809.3 1914.14 1758.02 5481.46
2586000 1804.01 1910.63 1755.1 5469.75
2587000 1815.51 1923.32 1765.87 5504.7
2588000 1812.16 1920.53 1762.89 5495.58
2589000 1813.72 1919.48 1763.24 5496.45
2590000 1813.23 1920.79 1760.24 5494.26
2591000 1824.32 1931.34 1772.14 5527.8
2592000 1816.6 1923.17 1763.47 5503.23
2593000 1810.19 1916.97 1759.26 5486.42
2594000 1807.63 1914.84 1761.29 5483.77
2595000 1811.05 1914.88 1762.56 5488.5
2596000 1816.02 1919.8 1770.74 5506.56
2597000 1807.87 1914.12 1764.95 5486.94
2598000 1810.72 1915.78 1766.7 5493.21
2599000 1817.08 1921.23 1770.91 5509.22
2600000 1805.97 1913.2 1763.52 5482.69
