# Time-averaged data for fix msd_avg
# TimeStep c_msd_water[1] c_msd_water[2] c_msd_water[3] c_msd_water[4]
601000 0.667577 0.676348 0.646362 1.99029
602000 1.43021 1.65188 1.53019 4.61228
603000 2.34404 2.60618 2.59088 7.54111
604000 3.20241 3.48173 3.58687 10.271
605000 4.15361 4.19697 4.2176 12.5682
606000 4.71319 5.12267 5.27277 15.1086
607000 5.76069 6.07445 6.14552 17.9807
608000 7.14224 6.93184 7.12953 21.2036
609000 8.23661 7.68352 8.3725 24.2926
610000 8.95093 8.51441 9.40733 26.8727
611000 9.32533 9.61362 10.262 29.2009
612000 10.1421 10.4027 10.812 31.3568
613000 10.9482 11.4372 11.4703 33.8558
614000 11.9901 12.4389 12.2971 36.7261
615000 12.8841 13.2307 13.349 39.4639
616000 13.8601 14.2524 14.4693 42.5818
617000 14.7816 14.8996 15.2048 44.8859
618000 15.3396 15.5281 16.7762 47.6439
619000 16.6273 16.1867 17.581 50.395
620000 17.3088 16.9287 18.2136 52.4512
621000 18.0947 17.4254 19.3093 54.8295
622000 18.7583 18.1248 20.047 56.9302
623000 19.4619 18.6157 21.1422 59.2198
624000 20.5429 19.8046 22.1745 62.522
625000 20.8965 20.7571 23.0609 64.7145
626000 21.834 21.5973 23.6199 67.0512
627000 22.2393 22.0872 24.4048 68.7313
628000 23.371 23.036 25.3623 71.7693
629000 24.5545 23.7135 26.1125 74.3805
630000 25.5783 24.4932 26.9871 77.0586
631000 26.6964 25.4855 28.4616 80.6435
632000 27.58 26.3242 29.5625 83.4666
633000 28.7216 27.125 30.6511 86.4976
634000 29.5489 27.5157 30.7989 87.8635
635000 30.2742 28.4487 31.4877 90.2105
636000 30.9593 28.8918 32.0931 91.9442
637000 31.5644 29.8149 33.3962 94.7754
638000 32.8115 30.9139 34.3003 98.0258
639000 33.8871 31.8693 34.7567 100.513
640000 35.6372 33.0276 36.0063 104.671
641000 36.1533 33.8142 36.7095 106.677
642000 36.856 35.1046 37.5831 109.544
643000 37.6717 36.0913 38.2302 111.993
644000 38.1709 37.3309 38.8402 114.342
645000 39.2399 38.3105 39.8125 117.363
646000 39.9586 39.0411 41.1536 120.153
647000 40.6294 39.8481 41.9178 122.395
648000 40.5101 41.1259 42.6212 124.257
649000 41.5267 42.2998 43.0019 126.828
650000 41.7888 42.9327 43.521 128.242
651000 42.256 44.4605 44.4512 131.168
652000 42.9269 45.7825 45.4091 134.119
653000 43.5674 47.2173 46.0075 136.792
654000 44.075 47.9911 46.8557 138.922
655000 45.3328 48.7509 48.0352 142.119
656000 46.204 49.0463 48.7861 144.036
657000 47.5097 49.8374 50.0991 147.446
658000 49.2631 51.6805 51.913 152.857
659000 50.2051 52.9837 52.9752 156.164
660000 50.2701 53.4536 53.696 157.42
661000 51.1589 53.9156 54.2438 159.318
662000 51.3361 53.7341 55.3582 160.428
663000 52.0375 55.2995 55.9854 163.322
664000 52.7073 56.2225 57.3431 166.273
665000 53.6104 56.8789 58.3602 168.849
666000 53.6767 56.7777 58.8032 169.258
667000 54.8616 57.4166 59.3324 171.611
668000 56.702 58.7604 59.9872 175.45
669000 58.1959 59.9461 60.6868 178.829
670000 58.8096 60.8658 61.3718 181.047
671000 59.7015 61.3332 61.4658 182.501
672000 61.038 61.9254 63.0391 186.002
673000 61.7798 62.5657 64.1316 188.477
674000 63.2527 63.8978 65.1977 192.348
675000 65.0725 64.4661 65.2808 194.819
676000 66.704 64.5513 65.6124 196.868
677000 67.9526 66.1108 66.3982 200.462
678000 68.8125 67.8047 66.7445 203.362
679000 69.3137 67.8166 66.8015 203.932
680000 68.7942 68.2058 67.7726 204.773
681000 69.7791 68.7108 68.7425 207.232
682000 71.552 69.8747 69.7434 211.17
683000 72.7354 70.992 70.9503 214.678
684000 73.7807 71.7465 72.2154 217.743
685000 74.0335 72.7516 73.3007 220.086
686000 74.4769 74.2944 74.5218 223.293
687000 74.946 74.1222 75.3428 224.411
688000 76.2145 75.0209 75.7938 227.029
689000 77.5388 75.5681 76.926 230.033
690000 78.3941 75.7777 76.8401 231.012
691000 78.9822 76.556 77.5342 233.072
692000 80.0425 77.1397 78.494 235.676
693000 81.702 78.2216 79.0141 238.938
694000 82.0669 77.8211 80.1661 240.054
695000 82.992 77.6837 81.2554 241.931
696000 84.3465 79.148 82.6681 246.163
697000 85.456 80.1268 82.8696 248.452
698000 85.573 80.8929 82.7742 249.24
699000 86.5314 81.9276 83.4705 251.929
700000 88.4273 82.6331 84.6065 255.667
701000 89.8011 83.7514 85.4025 258.955
702000 90.6 84.8374 86.5507 261.988
703000 91.4263 85.4835 88.0674 264.977
704000 91.6794 86.1885 89.0012 266.869
705000 92.9331 86.5211 89.6036 269.058
706000 94.4887 87.7242 90.7245 272.937
707000 95.7626 87.942 91.3976 275.102
708000 95.7816 88.2643 91.8151 275.861
709000 97.067 89.3829 92.8987 279.349
710000 97.0911 89.5546 93.5613 280.207
711000 98.9024 91.5851 94.7541 285.242
712000 100.072 92.2262 95.677 287.976
713000 100.073 92.8754 96.1429 289.091
714000 100.565 93.4371 97.0099 291.012
715000 101.198 93.3139 98.3498 292.862
716000 102.962 94.6817 99.6726 297.317
717000 104.986 95.9736 100.473 301.432
718000 105.95 96.5408 99.8564 302.347
719000 106.767 97.1256 99.3744 303.267
720000 108.335 98.3483 100.814 307.497
721000 108.688 99.0878 100.706 308.482
722000 110.413 100.95 101.85 313.213
723000 110.715 101.708 102.315 314.738
724000 110.943 102.057 103.191 316.191
725000 112.774 103.007 104.858 320.639
726000 113.968 104.019 106.363 324.35
727000 115.641 105.082 107.758 328.481
728000 116.042 105.171 108.976 330.189
729000 118.315 106.582 110.818 335.714
730000 118.842 107.178 111.713 337.733
731000 119.247 108.157 112.283 339.687
732000 120.961 109.474 112.61 343.046
733000 121.246 109.525 112.544 343.314
734000 121.723 109.7 113.263 344.686
735000 122 110.079 113.771 345.85
736000 123.236 110.876 115.374 349.486
737000 124.118 111.231 116.544 351.893
738000 125.881 112.138 116.963 354.982
739000 126.676 112.854 117.472 357.002
740000 127.428 113.467 116.833 357.728
741000 127.188 114.367 117.753 359.308
742000 128.436 115.752 118.558 362.747
743000 128.722 116.875 119.525 365.122
744000 129.119 117.044 119.586 365.749
745000 130.442 117.023 119.265 366.73
746000 131.642 118.954 120.166 370.762
747000 132.972 118.782 120.767 372.521
748000 133.229 118.38 120.651 372.261
749000 134.089 119.792 122.098 375.979
750000 134.079 121.734 123.442 379.255
751000 134.577 123.02 124.588 382.185
752000 134.319 123.53 124.766 382.615
753000 135.788 124.257 125.736 385.781
754000 136.37 125.129 125.935 387.435
755000 138.124 126.377 126.772 391.273
756000 139.115 127.284 127.184 393.582
757000 140.362 129.049 128.721 398.132
758000 140.859 130.009 130.518 401.386
759000 141.528 130.159 131.014 402.701
760000 141.932 130.509 132.139 404.58
761000 142.684 131.383 132.029 406.096
762000 145.096 132.899 133.302 411.297
763000 147.24 134.778 134.528 416.546
764000 147.93 136.536 135.228 419.694
765000 148.73 137.312 136.609 422.651
766000 149.323 137.634 137.336 424.294
767000 149.949 139.096 137.475 426.52
768000 151.443 141.056 138.742 431.24
769000 152.287 141.551 139.341 433.179
770000 152.286 142.603 139.297 434.186
771000 152.928 143.464 139.116 435.507
772000 153.524 144.523 140.067 438.114
773000 154.738 145.778 140.606 441.122
774000 155.39 146.524 142.111 444.025
775000 156.078 147.799 143.413 447.29
776000 158.529 149.771 144.614 452.914
777000 159.336 151.669 145.309 456.314
778000 160.631 152.328 145.223 458.182
779000 161.246 152.849 145.957 460.052
780000 161.811 153.083 146.454 461.348
781000 163.169 154.532 147.212 464.913
782000 164.907 155.204 148.511 468.622
783000 166.434 156.335 150.028 472.797
784000 166.044 156.204 150.351 472.6
785000 166.697 156.261 150.706 473.664
786000 166.523 157.114 150.801 474.439
787000 167.575 158.523 151.808 477.906
788000 167.524 159.608 152.299 479.431
789000 167.937 160.453 152.839 481.229
790000 169.043 162.837 154.61 486.489
791000 170.099 163.042 155.368 488.509
792000 170.371 163.712 155.893 489.976
793000 171.592 164.963 157.078 493.632
794000 171.35 165.73 157.103 494.183
795000 171.252 166.039 157.366 494.657
796000 171.639 167.026 158.691 497.356
797000 172.545 168.234 159.27 500.049
798000 174.209 169.666 159.923 503.798
799000 175.139 170.912 160.937 506.988
800000 174.155 170.704 161.382 506.241
801000 175.52 172.011 163.758 511.289
802000 176.913 172.602 164.395 513.91
803000 177.765 174.024 165.158 516.947
804000 177.873 173.857 165.323 517.052
805000 179.638 174.398 165.604 519.639
806000 183.039 177.299 167.641 527.979
807000 183.273 177.352 167.194 527.819
808000 185.687 178.178 167.983 531.849
809000 185.924 179.13 169.51 534.563
810000 185.259 179.572 170.098 534.929
811000 187.602 181.275 171.843 540.72
812000 188.381 181.56 173.315 543.257
813000 189.923 183.351 174.921 548.194
814000 190.45 184.937 176.127 551.515
815000 190.67 186.986 177.324 554.981
816000 191.842 188.641 179.317 559.8
817000 192.567 189.817 181.315 563.699
818000 193.23 190.647 182.569 566.446
819000 195.272 192.199 184.568 572.039
820000 198.265 193.113 185.678 577.056
821000 198.756 193.162 185.833 577.75
822000 200.227 194.153 187.734 582.114
823000 201.743 197.332 189.593 588.667
824000 201.126 197.501 188.903 587.53
825000 201.304 197.256 188.622 587.182
826000 202.868 198.899 189.87 591.638
827000 203.13 199.046 190.993 593.169
828000 203.376 199.419 190.691 593.485
829000 204.07 201.2 192.074 597.345
830000 204.525 202.676 193.819 601.02
831000 205.112 202.958 195.132 603.202
832000 206.96 204.267 196.105 607.332
833000 205.739 202.794 196.696 605.229
834000 207.484 204.457 198.858 610.799
835000 207.832 205.179 199.749 612.76
836000 209.538 206.179 201.79 617.507
837000 211.529 207.05 203.035 621.613
838000 214.006 207.732 204.398 626.136
839000 214.089 208.027 205.268 627.384
840000 215.055 208.704 206.924 630.683
841000 215.37 208.625 205.216 629.212
842000 218.703 210.466 206.916 636.086
843000 219.277 209.997 208.363 637.637
844000 220.601 211.587 209.677 641.866
845000 220.52 210.771 210.212 641.503
846000 220.035 209.831 209.197 639.063
847000 220.746 211.26 209.56 641.566
848000 223.354 213.02 211.363 647.737
849000 224.244 214.089 212.204 650.537
850000 223.044 213.663 211.538 648.245
851000 223.714 214.22 214.015 651.949
852000 224.199 215.22 215.909 655.329
853000 224.523 215.214 217.042 656.779
854000 226.548 215.246 217.526 659.321
855000 227.806 217.16 217.942 662.907
856000 228.522 219.113 219.024 666.659
857000 229.766 220.384 220.356 670.507
858000 230.877 219.746 221.417 672.04
859000 231.133 219.288 222.868 673.289
860000 232.06 219.822 224.432 676.315
861000 233.984 221.222 226.078 681.284
862000 236.001 221.4 227.644 685.045
863000 236.978 220.883 226.103 683.964
864000 238.226 222.536 227.668 688.43
865000 239.414 222.941 228.42 690.776
866000 239.863 221.491 229.428 690.781
867000 241.864 223.145 231.965 696.974
868000 242.009 223.559 232.288 697.857
869000 242.492 224.533 232.862 699.888
870000 244.267 226.496 234.824 705.586
871000 244.421 227.135 235.337 706.894
872000 244.376 226.952 234.445 705.774
873000 243.998 227.207 234.439 705.644
874000 244.132 227.076 235.678 706.887
875000 245.143 227.274 238.215 710.631
876000 245.522 228.606 238.618 712.746
877000 244.921 228.223 238.738 711.882
878000 245.19 229.127 238.979 713.296
879000 246.854 230.864 240.453 718.171
880000 247.724 233.098 242.548 723.37
881000 248.139 233.474 243.256 724.87
882000 248.782 233.955 244.079 726.816
883000 248.334 235.663 245.287 729.284
884000 248.673 237.404 245.866 731.943
885000 251.324 239.564 247.442 738.331
886000 251.823 240.123 249.173 741.12
887000 253.252 241.598 251.182 746.032
888000 254.078 243.226 251.513 748.817
889000 254.029 243.666 251.928 749.622
890000 255.66 244.167 254.449 754.277
891000 256.007 244.873 255.564 756.444
892000 255.855 244.8 255.27 755.925
893000 256.865 246.289 256.874 760.028
894000 257.688 246.364 257.707 761.759
895000 259.046 246.791 260.298 766.136
896000 260.024 248.885 261.99 770.9
897000 261.676 251.81 263.079 776.565
898000 262.889 251.626 263.16 777.675
899000 262.925 251.607 263.796 778.328
900000 263.52 253.284 265.584 782.388
901000 264.603 254.478 267.175 786.256
902000 266.844 255.202 269.242 791.288
903000 269.167 257.499 270.899 797.565
904000 267.751 257.301 271.01 796.063
905000 268.414 257.697 272.725 798.837
906000 267.687 257.878 272.835 798.4
907000 268.443 258.187 273.213 799.843
908000 269.97 259.528 276.432 805.93
909000 269.734 258.763 277.835 806.332
910000 269.06 259.443 278.77 807.273
911000 270.665 261.473 279.996 812.135
912000 271.811 262.271 283.357 817.439
913000 271.802 261.714 282.891 816.407
914000 273.511 262.696 282.004 818.211
915000 275.344 264.058 283.232 822.634
916000 274.211 263.329 280.509 818.049
917000 275.254 264.4 283.009 822.663
918000 273.154 263.49 284.434 821.077
919000 273.262 264.458 286.2 823.92
920000 273.547 266.763 289.28 829.59
921000 273.971 266.923 290.251 831.145
922000 274.207 267.928 291.299 833.434
923000 275.837 268.474 291.005 835.315
924000 276.245 268.574 290.487 835.306
925000 277.3 270.097 291.81 839.207
926000 278.62 272.113 292.943 843.676
927000 278.497 273.444 293.366 845.307
928000 280.524 273.534 294.509 848.566
929000 280.118 272.404 294.965 847.487
930000 282.286 273.927 296.28 852.493
931000 283.237 274.63 296.475 854.342
932000 284.865 276.076 296.66 857.602
933000 286.727 276.357 297.637 860.721
934000 284.613 275.842 298.869 859.323
935000 284.651 275.449 300.028 860.128
936000 285.478 275.968 303.446 864.893
937000 287.944 277.725 305.655 871.324
938000 288.992 279.14 307.088 875.22
939000 288.686 278.691 308.241 875.618
940000 288.491 277.521 309.351 875.363
941000 288.588 278.915 311.627 879.129
942000 289.973 281.119 314.293 885.385
943000 289.359 280.798 316.101 886.257
944000 289.579 282.988 319.242 891.809
945000 291.509 285.134 323.154 899.798
946000 292.32 285.771 324.164 902.255
947000 293.6 285.826 324.876 904.302
948000 295.81 288.629 327.937 912.376
949000 296.769 288.619 327.672 913.06
950000 296.778 288.467 327.815 913.06
951000 296.793 287.627 326.631 911.051
952000 298.395 288.155 328.888 915.439
953000 301.703 290.572 331.728 924.002
954000 301.925 291.043 333.46 926.427
955000 303.066 292.94 334.489 930.495
956000 304.378 293.566 335.338 933.282
957000 303.682 293.456 334.019 931.157
958000 305.188 296.695 334.897 936.78
959000 304.128 295.676 334.821 934.624
960000 304.845 296.024 336.494 937.362
961000 306.083 297.696 338.022 941.8
962000 306.397 298.375 339.865 944.637
963000 307.125 299.635 341.537 948.297
964000 307.801 299.568 341.638 949.007
965000 307.743 299.018 341.102 947.864
966000 310.363 300.076 341.676 952.114
967000 312.373 301.516 344.494 958.383
968000 312.082 300.666 343.996 956.745
969000 313.258 300.665 344.275 958.199
970000 316.99 302.649 344.795 964.434
971000 315.921 301.257 342.39 959.567
972000 316.972 301.346 341.59 959.908
973000 318.747 302.094 343.661 964.501
974000 320.313 302.904 345.175 968.391
975000 321.118 302.804 345.656 969.578
976000 324.027 304.269 347.61 975.906
977000 325.544 305.382 348.317 979.242
978000 326.316 306.098 348.853 981.266
979000 328.205 309.457 350.343 988.004
980000 328.296 311.138 351.605 991.038
981000 331.16 311.128 352.311 994.599
982000 333.785 312.086 352.982 998.854
983000 334.082 311.762 352.415 998.259
984000 338.651 313.008 354.378 1006.04
985000 339.564 312.512 355.224 1007.3
986000 340.758 313.833 357.903 1012.49
987000 340.616 315.007 359.892 1015.52
988000 340.784 313.729 359.067 1013.58
989000 338.832 314.825 358.322 1011.98
990000 341.978 316.553 360.316 1018.85
991000 344.057 317.784 361.152 1022.99
992000 347.539 319.068 360.736 1027.34
993000 350.822 321.963 362.656 1035.44
994000 350.142 321.356 361.929 1033.43
995000 349.111 320.233 360.772 1030.12
996000 349.052 320.486 359.899 1029.44
997000 350.403 322.451 362.365 1035.22
998000 350.974 323.327 362.366 1036.67
999000 351.724 324.434 362.231 1038.39
1000000 353.1 326.072 363.232 1042.4
1001000 353.895 326.67 363.999 1044.56
1002000 355.237 326.543 363.984 1045.76
1003000 354.723 326.065 365.326 1046.11
1004000 356.487 325.614 366.629 1048.73
1005000 358.998 327.463 369.302 1055.76
1006000 357.706 325.241 368.796 1051.74
1007000 359.374 326.719 371.902 1058
1008000 358.417 327.984 373.157 1059.56
1009000 359.266 328.645 374.092 1062
1010000 360.63 330.016 375.066 1065.71
1011000 361.395 330.369 375.975 1067.74
1012000 363.827 331.714 377.619 1073.16
1013000 364.082 331.366 378.007 1073.46
1014000 364.937 333.515 379.027 1077.48
1015000 365.023 335.989 379.706 1080.72
1016000 365.052 336.709 379.494 1081.26
1017000 364.965 337.295 380.02 1082.28
1018000 365.707 338.966 380.177 1084.85
1019000 364.848 339.116 380.454 1084.42
1020000 366.887 340.65 382.161 1089.7
1021000 366.155 340.086 381.835 1088.08
1022000 368.729 341.852 384.141 1094.72
1023000 370.46 342.054 384.724 1097.24
1024000 370.443 341.532 383.515 1095.49
1025000 372.898 344.78 386.315 1103.99
1026000 372.129 345.382 386.79 1104.3
1027000 371.989 346.22 388.921 1107.13
1028000 372.51 346.605 388.25 1107.37
1029000 374.791 348.468 389.855 1113.11
1030000 377.105 349.313 390.98 1117.4
1031000 379.009 349.359 392.634 1121
1032000 380.453 349.444 394.706 1124.6
1033000 382.876 350.608 395.897 1129.38
1034000 384.928 351.844 397.825 1134.6
1035000 384.612 350.629 398.648 1133.89
1036000 382.076 349.408 398.653 1130.14
1037000 383.384 351.787 400.314 1135.48
1038000 383.736 352.236 400.087 1136.06
1039000 385.47 353.782 401.852 1141.1
1040000 385.949 353.259 400.946 1140.15
1041000 384.457 352.714 399.352 1136.52
1042000 385.995 355.552 402.603 1144.15
1043000 387.628 356.84 405.027 1149.5
1044000 386.841 356.089 403.241 1146.17
1045000 388.155 358.002 405.349 1151.51
1046000 389.275 360.148 405.868 1155.29
1047000 388.74 361.181 406.202 1156.12
1048000 391.331 363.699 409.171 1164.2
1049000 391.417 363.886 410.692 1166
1050000 390.754 362.927 411.498 1165.18
1051000 392.188 364.773 412.114 1169.07
1052000 393.204 365.642 412.236 1171.08
1053000 394.532 367.528 413.883 1175.94
1054000 397.858 371.213 416.963 1186.03
1055000 396.449 368.805 413.827 1179.08
1056000 397.665 370.398 416.597 1184.66
1057000 399.08 372.158 419.738 1190.98
1058000 399.145 371.773 419.828 1190.75
1059000 400.858 373.724 420.304 1194.89
1060000 401.124 375.64 421.336 1198.1
1061000 401.458 376.115 420.078 1197.65
1062000 402.834 376.899 423.194 1202.93
1063000 404.66 376.174 422.819 1203.65
1064000 406.951 379.74 424.787 1211.48
1065000 407.891 378.659 426.707 1213.26
1066000 411.01 380.674 427.581 1219.27
1067000 411.933 381.297 429.192 1222.42
1068000 410.838 379.279 429.524 1219.64
1069000 411.861 379.06 430.967 1221.89
1070000 413.459 380.774 432.287 1226.52
1071000 416.983 384.168 433.278 1234.43
1072000 417.573 382.886 432.36 1232.82
1073000 420.339 387.132 434.938 1242.41
1074000 421.013 388.968 435.133 1245.11
1075000 421.206 389.788 435.529 1246.52
1076000 424.207 392.046 439.078 1255.33
1077000 426.33 394.206 441.727 1262.26
1078000 427.43 395.45 442.31 1265.19
1079000 428.439 397.136 443.547 1269.12
1080000 428.565 396.658 444.348 1269.57
1081000 428.658 398.287 444.241 1271.19
1082000 429.349 400.617 444.819 1274.79
1083000 430.43 403.038 446.469 1279.94
1084000 432.003 404.038 447.116 1283.16
1085000 431.386 404.466 448.236 1284.09
1086000 431.886 404.828 447.166 1283.88
1087000 434.311 407.398 448.716 1290.43
1088000 434.418 407.762 446.865 1289.05
1089000 436.824 408.347 448.485 1293.66
1090000 439.963 409.717 449.212 1298.89
1091000 438.547 408.798 450.806 1298.15
1092000 441.323 411.824 453.632 1306.78
1093000 443.781 413.445 454.965 1312.19
1094000 444.304 413.009 455.207 1312.52
1095000 444.524 413.664 455.601 1313.79
1096000 444.83 413.594 456.962 1315.39
1097000 448.206 415.442 459.304 1322.95
1098000 446.552 411.447 454.559 1312.56
1099000 449.694 414.376 456.675 1320.75
1100000 452.825 416.211 459.461 1328.5
1101000 453.268 416.428 460.638 1330.33
1102000 453.288 417.568 462.052 1332.91
1103000 453.478 418.799 463.192 1335.47
1104000 452.842 417.907 462.872 1333.62
1105000 454.344 420.017 465.006 1339.37
1106000 456.022 423.633 467.237 1346.89
1107000 455.226 423.203 465.96 1344.39
1108000 455.87 424.233 465.826 1345.93
1109000 457.496 425.021 468.324 1350.84
1110000 457.161 425.597 470.882 1353.64
1111000 461.116 429.638 474.872 1365.63
1112000 465.026 433.54 477.451 1376.02
1113000 464.871 433.43 476.063 1374.36
1114000 465.75 434.622 476.785 1377.16
1115000 466.485 435.321 477.544 1379.35
1116000 465.813 434.532 476.492 1376.84
1117000 466.018 435.662 477.015 1378.69
1118000 465.348 434.171 475.482 1375
1119000 464.934 435.303 476.039 1376.28
1120000 463.586 433.611 474.329 1371.53
1121000 465.836 436.953 476.596 1379.39
1122000 469.156 438.039 479.125 1386.32
1123000 470.354 437.145 479.053 1386.55
1124000 470.154 435.076 478.171 1383.4
1125000 473.409 437.884 483.384 1394.68
1126000 474.845 438.598 486.388 1399.83
1127000 476.66 439.578 486.769 1403.01
1128000 478.244 440.099 489.325 1407.67
1129000 477.975 439.546 489.901 1407.42
1130000 480.102 441.024 491.792 1412.92
1131000 481.459 442.387 492.161 1416.01
1132000 482.414 443.168 493.369 1418.95
1133000 481.815 443.342 493.424 1418.58
1134000 480.649 442.806 491.977 1415.43
1135000 486.988 445.992 496.042 1429.02
1136000 489.794 447.28 493.624 1430.7
1137000 492.413 448.643 493.52 1434.58
1138000 488.881 448.806 493.877 1431.56
1139000 491.557 449.822 495.225 1436.6
1140000 491.118 448.758 493.431 1433.31
1141000 496.537 451.958 498.603 1447.1
1142000 498.937 450.754 497.949 1447.64
1143000 499.135 450.229 496.682 1446.05
1144000 500.251 452.855 497.77 1450.88
1145000 499.21 453.935 498.425 1451.57
1146000 501.344 454.551 498.907 1454.8
1147000 502.621 456.749 499.611 1458.98
1148000 502.849 459.284 500.509 1462.64
1149000 501.996 459.036 499.194 1460.23
1150000 503.823 459.865 500.442 1464.13
1151000 503.64 462.128 502.693 1468.46
1152000 503.489 462.186 503.44 1469.12
1153000 500.196 460.231 502.574 1463
1154000 503.11 461.57 505.563 1470.24
1155000 502.701 461.433 505.57 1469.7
1156000 500.769 459.262 503.474 1463.51
1157000 502.569 462.611 506.879 1472.06
1158000 502.08 463.832 507.133 1473.04
1159000 502.503 462.805 506.216 1471.52
1160000 504.232 463.914 508.029 1476.18
1161000 505.49 465.761 509.503 1480.75
1162000 508.492 467.452 512.155 1488.1
1163000 507.137 464.073 511.72 1482.93
1164000 509.555 464.404 512.217 1486.18
1165000 509.287 464.625 512.985 1486.9
1166000 510.083 466.559 513.663 1490.3
1167000 512.542 467.675 516.971 1497.19
1168000 513.731 469.452 518.375 1501.56
1169000 513.788 469.673 520.128 1503.59
1170000 513.363 469.251 518.782 1501.4
1171000 513.714 468.258 520.211 1502.18
1172000 514.657 470.75 522.565 1507.97
1173000 515.957 473.138 524.725 1513.82
1174000 519.299 477.59 527.958 1524.85
1175000 518.836 476.769 528.204 1523.81
1176000 515.95 475.259 527.831 1519.04
1177000 518.708 480.276 531.553 1530.54
1178000 516.904 479.84 530.881 1527.63
1179000 519.529 481.607 531.657 1532.79
1180000 519.493 482.265 531.122 1532.88
1181000 519.224 483.333 531.621 1534.18
1182000 518.858 483.393 530.27 1532.52
1183000 519.672 484.665 530.277 1534.61
1184000 522.473 487.598 531.929 1542
1185000 524.679 490.8 536.489 1551.97
1186000 524.407 491.777 536.57 1552.75
1187000 524.711 493.746 539.137 1557.59
1188000 527.439 497.661 543.068 1568.17
1189000 527.383 497.158 544.057 1568.6
1190000 525.33 497.093 542.653 1565.08
1191000 527.113 499.301 544.954 1571.37
1192000 531.437 501.4 548.433 1581.27
1193000 530.717 501.028 547.797 1579.54
1194000 530.503 501.231 548.753 1580.49
1195000 528.346 500.817 547.442 1576.61
1196000 530.21 504.904 547.975 1583.09
1197000 531.215 508.011 548.582 1587.81
1198000 531.448 508.212 549.126 1588.79
1199000 531.719 507.848 548.972 1588.54
1200000 531.94 507.292 547.379 1586.61
1201000 532.497 507.506 548.31 1588.31
1202000 533.399 507.862 547.599 1588.86
1203000 535.248 509.322 548.835 1593.4
1204000 538.022 512.172 552.52 1602.71
1205000 537.233 511.895 552.069 1601.2
1206000 534.234 510.255 550.614 1595.1
1207000 534.903 512.059 550.25 1597.21
1208000 533.923 509.161 547.713 1590.8
1209000 538.408 512.513 552.491 1603.41
1210000 540.545 511.899 552.573 1605.02
1211000 543.695 514.887 555.563 1614.15
1212000 544.351 516.658 556.054 1617.06
1213000 542.872 515.138 553.804 1611.81
1214000 545.738 517.627 555.225 1618.59
1215000 544.088 516.762 554.269 1615.12
1216000 543.575 514.711 554.218 1612.5
1217000 545.643 517.007 554.014 1616.66
1218000 544.932 518.274 554.5 1617.71
1219000 548.489 522.386 558.673 1629.55
1220000 548.423 524.294 558.886 1631.6
1221000 549.323 524.682 560.734 1634.74
1222000 549.322 522.602 561.558 1633.48
1223000 549.801 524.204 560.705 1634.71
1224000 549.867 524.119 560.587 1634.57
1225000 553.546 527.285 562.792 1643.62
1226000 555.119 528.495 564.972 1648.59
1227000 557.794 529.909 568.267 1655.97
1228000 553.807 528.76 562.855 1645.42
1229000 553.088 529.688 563.278 1646.05
1230000 555.016 533.385 567.269 1655.67
1231000 556.018 534.484 567.656 1658.16
1232000 556.11 533.908 567.55 1657.57
1233000 557.582 533.701 569.074 1660.36
1234000 557.649 532.83 567.972 1658.45
1235000 559.259 535.026 570.295 1664.58
1236000 562.11 536.802 575.518 1674.43
1237000 561.941 536.721 575.791 1674.45
1238000 562.814 538.349 575.117 1676.28
1239000 564.633 541.214 576.045 1681.89
1240000 563.352 539.337 574.408 1677.1
1241000 562.024 538.127 572.538 1672.69
1242000 564.379 540.583 575.874 1680.84
1243000 566.125 542.275 577.655 1686.06
1244000 569.453 544.391 578.922 1692.77
1245000 568.898 542.787 577.33 1689.01
1246000 571.336 545.046 580.024 1696.41
1247000 571.844 545.895 580.801 1698.54
1248000 573.461 548.359 584.355 1706.18
1249000 575.701 550.628 588.039 1714.37
1250000 573.241 549.134 588.059 1710.43
1251000 571.573 548.136 584.889 1704.6
1252000 574.353 550.81 586.356 1711.52
1253000 576.388 553.983 589.048 1719.42
1254000 574.106 554.617 589.778 1718.5
1255000 575.923 557.034 590.461 1723.42
1256000 578.013 559.3 594.321 1731.63
1257000 578.214 561.033 594.51 1733.76
1258000 579.834 563.187 597.055 1740.08
1259000 582.231 565.258 598.548 1746.04
1260000 582.579 565.02 597.967 1745.57
1261000 584.901 565.079 600.648 1750.63
1262000 582.583 562.822 597.973 1743.38
1263000 583.857 564.441 599.757 1748.05
1264000 583.848 566.459 599.28 1749.59
1265000 588.042 570.054 603.758 1761.85
1266000 590.133 571.796 605.197 1767.13
1267000 589.879 571.774 605.492 1767.15
1268000 589.739 570.413 606.507 1766.66
1269000 590.543 571.307 608.223 1770.07
1270000 592.713 573.466 610.096 1776.27
1271000 591.188 571.617 608.935 1771.74
1272000 592.911 572.502 607.723 1773.14
1273000 596.141 574.453 610.647 1781.24
1274000 598.043 576.025 613.756 1787.82
1275000 598.244 577.233 614.49 1789.97
1276000 599.668 576.311 615.149 1791.13
1277000 602.32 577.55 618.237 1798.11
1278000 601.774 577.079 618.3 1797.15
1279000 602.278 578.399 620.259 1800.93
1280000 604.05 579.37 622.034 1805.45
1281000 605.378 578.997 622.283 1806.66
1282000 601.922 576.016 619.49 1797.43
1283000 601.754 574.636 620.393 1796.78
1284000 604.418 577.946 623.599 1805.96
1285000 606.988 580.412 627.175 1814.58
1286000 605.748 577.87 624.536 1808.15
1287000 605.003 579.586 623.904 1808.49
1288000 606.171 580.899 625.591 1812.66
1289000 605.383 581.479 627.64 1814.5
1290000 601.601 580.678 625.187 1807.47
1291000 607.034 587.071 628.493 1822.6
1292000 604.798 587.519 626.191 1818.51
1293000 608.595 590.1 630.58 1829.27
1294000 606.167 587.347 627.908 1821.42
1295000 606.851 588.822 629.714 1825.39
1296000 609.628 592.949 631.415 1833.99
1297000 611.618 593.422 629.886 1834.93
1298000 610.45 593.861 629.955 1834.27
1299000 611.184 595.565 631.917 1838.67
1300000 608.233 595.109 630.616 1833.96
1301000 606.955 596.245 630.306 1833.51
1302000 608.555 600.43 633.909 1842.89
1303000 608.072 597.91 633.349 1839.33
1304000 609.526 597.753 636.941 1844.22
1305000 612.115 601.661 640.688 1854.46
1306000 613.318 599.968 640.626 1853.91
1307000 616.219 600.264 641.613 1858.1
1308000 614.767 599.401 640.67 1854.84
1309000 613.494 598.773 641.812 1854.08
1310000 614.49 599.507 642.638 1856.64
1311000 617.214 603.421 644.782 1865.42
1312000 616.01 603.579 643.073 1862.66
1313000 617.44 603.913 643.215 1864.57
1314000 617.776 606.751 645.813 1870.34
1315000 620.113 608.175 649.743 1878.03
1316000 618.951 606.606 647.33 1872.89
1317000 618.962 605.088 647.969 1872.02
1318000 618.971 605.849 649.482 1874.3
1319000 619.942 605.48 650.672 1876.09
1320000 621.315 609.197 653.05 1883.56
1321000 621.388 608.739 655.605 1885.73
1322000 621.991 606.593 656.348 1884.93
1323000 623.389 607.217 659.239 1889.85
1324000 627.384 610.489 664.356 1902.23
1325000 626.97 610.808 664.67 1902.45
1326000 628.816 611.575 664.949 1905.34
1327000 631.155 613.449 668.034 1912.64
1328000 631.462 612.842 666.397 1910.7
1329000 630.299 613.055 666.655 1910.01
1330000 629.891 611.506 664.523 1905.92
1331000 631.517 614.036 666.419 1911.97
1332000 634.13 615.569 668.571 1918.27
1333000 634.938 617.382 673.032 1925.35
1334000 635.976 618.555 674.897 1929.43
1335000 633.931 615.378 673.013 1922.32
1336000 633.041 614.778 674.341 1922.16
1337000 636.491 619.2 680.047 1935.74
1338000 638.754 620.299 678.999 1938.05
1339000 639.164 618.992 677.945 1936.1
1340000 639.914 620.091 679.124 1939.13
1341000 640.806 618.853 677.785 1937.44
1342000 642.885 618.616 680.699 1942.2
1343000 641.816 618.864 679.578 1940.26
1344000 639.92 619.512 677.195 1936.63
1345000 648.974 627.956 685.85 1962.78
1346000 652.485 629.511 687.006 1969
1347000 654.263 630.594 689.442 1974.3
1348000 651.83 627.037 687.243 1966.11
1349000 651.613 626.683 688.22 1966.52
1350000 654.932 630.984 691.108 1977.02
1351000 655.432 631.275 689.934 1976.64
1352000 657.931 633.153 690.138 1981.22
1353000 658.43 635.93 693.397 1987.76
1354000 654.178 632.088 691.501 1977.77
1355000 656.133 634.582 692.766 1983.48
1356000 657.997 636.106 693.699 1987.8
1357000 658.727 637.112 695.884 1991.72
1358000 662.455 641.547 699.912 2003.91
1359000 660.205 640.399 698.035 1998.64
1360000 659.818 642.263 700.244 2002.32
1361000 661.675 643.202 700.847 2005.72
1362000 667.082 646.743 706.157 2019.98
1363000 665.249 646.196 701.846 2013.29
1364000 663.876 646.544 702.112 2012.53
1365000 667.678 648.98 703.754 2020.41
1366000 669.034 647.91 704.071 2021.01
1367000 673.817 650.311 706.517 2030.65
1368000 674.552 650.053 707.412 2032.02
1369000 675.854 651.852 709.514 2037.22
1370000 674.305 649.032 706.592 2029.93
1371000 675.821 649.222 706.249 2031.29
1372000 679.488 654.394 705.973 2039.85
1373000 680.481 655.404 706.605 2042.49
1374000 680.721 653.858 703.297 2037.88
1375000 681.949 657.214 706.726 2045.89
1376000 683.026 659.171 708.574 2050.77
1377000 682.408 660.562 709.239 2052.21
1378000 683.067 662.388 710.938 2056.39
1379000 685.603 661.474 711.491 2058.57
1380000 686.587 661.728 711.387 2059.7
1381000 687.928 662.697 711.328 2061.95
1382000 690.001 664.315 713.855 2068.17
1383000 691.528 666.124 715.669 2073.32
1384000 693.674 671.865 721.466 2087
1385000 690.069 670.052 719.721 2079.84
1386000 691.36 670.981 721.901 2084.24
1387000 693.487 671.421 723.024 2087.93
1388000 697.113 676.068 726.045 2099.23
1389000 695.344 675.839 725.182 2096.37
1390000 695.015 675.548 722.678 2093.24
1391000 697.9 677.833 724.718 2100.45
1392000 697.157 675.828 722.92 2095.91
1393000 700.049 681.179 728.589 2109.82
1394000 701.452 680.515 727.523 2109.49
1395000 699.954 680.798 726.042 2106.79
1396000 699.782 679.649 725.253 2104.68
1397000 703.068 681.306 730.288 2114.66
1398000 702.947 680.777 731.287 2115.01
1399000 701.868 679.368 729.196 2110.43
1400000 705.599 683.154 731.185 2119.94
1401000 706.585 683.653 731.418 2121.66
1402000 705.832 684.413 731.093 2121.34
1403000 705.573 685.484 733.308 2124.36
1404000 706.066 686.473 734.214 2126.75
1405000 706.067 687.329 734.733 2128.13
1406000 706.096 685.542 734.689 2126.33
1407000 702.724 684.641 734.532 2121.9
1408000 697.838 681.611 733.267 2112.72
1409000 698.4 682.152 735.337 2115.89
1410000 702.662 686.155 739.898 2128.71
1411000 699.847 683.841 740.268 2123.96
1412000 702.452 686.641 742.405 2131.5
1413000 701.11 685.143 740.086 2126.34
1414000 706.25 689.356 743.985 2139.59
1415000 709.818 692.561 745.877 2148.26
1416000 707.072 690.713 743.696 2141.48
1417000 710.603 694.526 746.857 2151.99
1418000 709.333 694.094 746.538 2149.96
1419000 708.568 692.592 745.413 2146.57
1420000 710.651 693.812 745.934 2150.4
1421000 713.087 693.736 748.827 2155.65
1422000 711.783 691.108 745.105 2148
1423000 715.748 694.58 746.806 2157.13
1424000 715.22 694.311 744.875 2154.41
1425000 720.206 698.275 748.488 2166.97
1426000 722.559 700.702 752.194 2175.45
1427000 717.03 696.028 748.469 2161.53
1428000 717.577 698.17 753.416 2169.16
1429000 714.766 694.63 750.86 2160.26
1430000 717.119 699.156 754.718 2170.99
1431000 716.295 699.817 756.312 2172.42
1432000 718.148 702.727 758.586 2179.46
1433000 714.616 699.68 754.736 2169.03
1434000 718.21 701.929 757.581 2177.72
1435000 721.034 704.244 760.08 2185.36
1436000 724.959 708.134 764.951 2198.04
1437000 725.188 708.79 765.207 2199.19
1438000 723.493 707.111 766.179 2196.78
1439000 721.269 705.365 764.582 2191.22
1440000 721.33 707.598 766.374 2195.3
1441000 721.25 708.594 769.487 2199.33
1442000 722.38 710.312 770.502 2203.19
1443000 723.569 712.522 772.591 2208.68
1444000 726.488 715.989 775.079 2217.56
1445000 726.902 714.987 772.58 2214.47
1446000 730.805 716.03 774.139 2220.97
1447000 730.278 713.986 773.687 2217.95
1448000 727.341 711.491 771.052 2209.88
1449000 730.066 715.521 772.676 2218.26
1450000 730.399 719.729 772.859 2222.99
1451000 729.568 719.617 772.518 2221.7
1452000 728.684 719.543 772.391 2220.62
1453000 731.665 721.429 774.999 2228.09
1454000 733.072 724.213 774.917 2232.2
1455000 730.099 722.237 771.739 2224.08
1456000 733.98 724.347 774.596 2232.92
1457000 733.746 721.042 771.718 2226.51
1458000 734.944 721.519 772.185 2228.65
1459000 739.138 726.07 774.867 2240.08
1460000 740.248 727.211 779.251 2246.71
1461000 741.273 728.244 780.195 2249.71
1462000 746.268 731.342 783.358 2260.97
1463000 746.044 732.043 784.894 2262.98
1464000 743.367 730.073 781.092 2254.53
1465000 746.61 731.734 782.396 2260.74
1466000 750.988 735.004 785.326 2271.32
1467000 749.432 729.902 781.577 2260.91
1468000 752.879 733.437 785.026 2271.34
1469000 752.527 732.203 784.8 2269.53
1470000 756.813 733.576 789.145 2279.53
1471000 758.346 731.681 787.911 2277.94
1472000 755.954 729.025 785.285 2270.26
1473000 755.761 729.375 785.314 2270.45
1474000 757.955 733.485 787.363 2278.8
1475000 757.589 733.712 787.633 2278.93
1476000 756.763 732.005 784.541 2273.31
1477000 755.158 729.218 783.074 2267.45
1478000 755.904 731.77 784.357 2272.03
1479000 758.016 735.6 786.921 2280.54
1480000 759.284 737.791 791.109 2288.18
1481000 759.578 738.312 791.737 2289.63
1482000 758.928 739.399 791.877 2290.2
1483000 759.468 740.894 793.057 2293.42
1484000 761.852 740.559 792.976 2295.39
1485000 760.571 738.638 790.954 2290.16
1486000 761.353 740.106 792.716 2294.17
1487000 761.426 738.911 793.87 2294.21
1488000 765.091 740.948 798.642 2304.68
1489000 767.445 743.913 798.39 2309.75
1490000 769.251 745.973 800.09 2315.31
1491000 766.377 743.857 800.7 2310.93
1492000 765.881 744.466 802.721 2313.07
1493000 762.978 743.877 803.654 2310.51
1494000 767.738 751.063 808.593 2327.39
1495000 766.726 749.942 805.528 2322.2
1496000 764.741 748.345 803.074 2316.16
1497000 767.135 752.915 804.982 2325.03
1498000 764.771 751.407 802.117 2318.29
1499000 768.164 757.151 807.969 2333.28
1500000 767.855 759.732 809.468 2337.06
1501000 764.771 756.638 808.149 2329.56
1502000 767.46 758.938 812.027 2338.43
1503000 770.624 763.172 817.326 2351.12
1504000 772.698 764.93 817.277 2354.91
1505000 776.363 769.015 819.082 2364.46
1506000 773.285 765.186 817.909 2356.38
1507000 774.533 765.719 819.277 2359.53
1508000 775.876 764.936 818.989 2359.8
1509000 777.162 765.07 818.401 2360.63
1510000 777.904 766.981 821.626 2366.51
1511000 778.048 769.801 820.924 2368.77
1512000 777.182 771.255 818.242 2366.68
1513000 781.423 777.052 824.025 2382.5
1514000 782.274 777.172 826.327 2385.77
1515000 781.756 777.465 827.452 2386.67
1516000 778.018 774.97 824.498 2377.49
1517000 780.914 776.603 826.796 2384.31
1518000 781.307 774.92 825.075 2381.3
1519000 785.241 780.807 829.483 2395.53
1520000 785.965 780.628 829.583 2396.18
1521000 785.817 779.678 829.817 2395.31
1522000 788.993 781.841 831 2401.83
1523000 792.566 786.965 831.98 2411.51
1524000 792.397 788.204 830.66 2411.26
1525000 789.661 786.878 829.282 2405.82
1526000 787.974 785.894 830.759 2404.63
1527000 786.932 783.018 830.025 2399.98
1528000 791.986 787.556 836.257 2415.8
1529000 792.797 790.716 836.9 2420.41
1530000 792.45 790.655 836.167 2419.27
1531000 793.914 792.066 839.833 2425.81
1532000 795.559 794.913 841.938 2432.41
1533000 795.678 794.183 840.493 2430.35
1534000 796.381 793.677 840.451 2430.51
1535000 796.064 793.739 842.763 2432.57
1536000 798.5 792.153 842.645 2433.3
1537000 799.174 791.248 841.586 2432.01
1538000 801.017 792.227 842.59 2435.83
1539000 801.343 792.849 843.456 2437.65
1540000 805.979 793.881 846.318 2446.18
1541000 804.572 792.443 845.678 2442.69
1542000 805.29 794.767 848.103 2448.16
1543000 805.702 796.426 848.878 2451.01
1544000 809.733 800.83 853.663 2464.23
1545000 809.11 800.653 854.062 2463.82
1546000 811.069 802.11 857.862 2471.04
1547000 810.901 803.094 857.839 2471.83
1548000 811.249 802.017 857.654 2470.92
1549000 813.36 802.872 859.009 2475.24
1550000 812.484 800.197 857.008 2469.69
1551000 813.885 802.115 861.067 2477.07
1552000 814.988 802.959 860.763 2478.71
1553000 816.199 801.875 861.352 2479.43
1554000 819.03 805.123 866.144 2490.3
1555000 819.499 803.427 865.626 2488.55
1556000 816.718 801.702 864.48 2482.9
1557000 818.621 803.329 867.433 2489.38
1558000 821.971 807.093 869.218 2498.28
1559000 824.801 810.021 869.962 2504.78
1560000 825.077 810.15 869.327 2504.55
1561000 827.621 812.471 869.718 2509.81
1562000 826.764 810.647 869.916 2507.33
1563000 827.459 810.204 870.139 2507.8
1564000 829.842 811.29 873.095 2514.23
1565000 830.526 810.333 875.306 2516.16
1566000 831.299 808.399 874.721 2514.42
1567000 831.462 808.313 874.519 2514.29
1568000 829.582 806.221 874.532 2510.33
1569000 834.248 809.113 882.082 2525.44
1570000 835.576 813.554 885.327 2534.46
1571000 831.553 809.461 882.005 2523.02
1572000 833.848 811.33 886.808 2531.99
1573000 833.162 811.787 884.244 2529.19
1574000 834.183 812.738 884.839 2531.76
1575000 832.348 809.946 883.411 2525.7
1576000 831.506 809.398 881.402 2522.31
1577000 832.155 810.172 879.684 2522.01
1578000 837.629 813.415 884.194 2535.24
1579000 838.046 814.718 883.52 2536.28
1580000 838.561 817.011 884.158 2539.73
1581000 839.85 818.605 886.336 2544.79
1582000 837.888 814.963 883.188 2536.04
1583000 839.398 819.048 885.203 2543.65
1584000 838.145 819.134 884.446 2541.73
1585000 839.524 819.787 884.72 2544.03
1586000 841.48 822.288 885.875 2549.64
1587000 842.587 823.132 887.233 2552.95
1588000 840.811 820.255 887.069 2548.14
1589000 840.763 821.731 889.928 2552.42
1590000 839.343 821.203 889.49 2550.04
1591000 841.155 824.151 891.26 2556.57
1592000 839.445 824.273 889.695 2553.41
1593000 840.307 827.563 891.593 2559.46
1594000 835.752 823.726 887.983 2547.46
1595000 835.264 823.586 888.728 2547.58
1596000 841.047 828.572 897.689 2567.31
1597000 838.369 829.676 898.463 2566.51
1598000 835.996 829.935 897.971 2563.9
1599000 837.424 835.839 902.532 2575.79
1600000 840.839 842.626 907.485 2590.95
1601000 840.144 841.391 905.62 2587.16
1602000 841.266 840.695 903.561 2585.52
1603000 839.446 836.105 900.355 2575.91
1604000 839.083 834.119 899.157 2572.36
1605000 842.991 837.265 903.32 2583.58
1606000 842.418 836.101 900.618 2579.14
1607000 841.899 836.906 900.213 2579.02
1608000 843.388 837.894 905.4 2586.68
1609000 849.674 842.99 910.882 2603.55
1610000 846.541 836.5 906.513 2589.56
1611000 848.39 837.2 907.956 2593.55
1612000 852.005 840.094 910.266 2602.36
1613000 852.447 840.975 909.092 2602.51
1614000 854.407 844.025 912.927 2611.36
1615000 856.443 846.162 915.413 2618.02
1616000 854.172 844.353 914 2612.52
1617000 854.37 842.306 914.475 2611.15
1618000 858.419 845.108 918.242 2621.77
1619000 858.293 844.172 915.592 2618.06
1620000 862.85 848.62 921.497 2632.97
1621000 859.25 845.273 916.757 2621.28
1622000 855.886 843.688 912.424 2612
1623000 860.333 848.998 917.973 2627.3
1624000 855.45 846.152 913.418 2615.02
1625000 854.397 846.659 911.777 2612.83
1626000 854.326 849.55 913.913 2617.79
1627000 858.909 854.1 920.849 2633.86
1628000 862.548 858.373 923.952 2644.87
1629000 862.122 858.853 925.108 2646.08
1630000 859.93 857.634 924.036 2641.6
1631000 857.534 854.243 922.48 2634.26
1632000 859.668 856.623 924.942 2641.23
1633000 856.55 853.222 921.056 2630.83
1634000 859.528 855.86 924.83 2640.22
1635000 862.306 859.403 925.757 2647.47
1636000 863.271 860.424 928.009 2651.7
1637000 864.338 860.679 929.799 2654.82
1638000 866.661 861.449 931.231 2659.34
1639000 867.601 862.462 929.458 2659.52
1640000 870.246 865.361 931.767 2667.37
1641000 872.379 869.67 933.312 2675.36
1642000 874.268 872.222 932.443 2678.93
1643000 874.646 872.648 930.907 2678.2
1644000 876.777 872.289 930.528 2679.59
1645000 879.871 876.505 932.09 2688.47
1646000 879.31 873.86 931.35 2684.52
1647000 879.77 872.675 928.788 2681.23
1648000 886.429 876.458 932.433 2695.32
1649000 885.068 874.73 930.343 2690.14
1650000 887.957 878.58 933.586 2700.12
1651000 890.262 879.089 933.907 2703.26
1652000 890.512 879.563 933.643 2703.72
1653000 887.432 876.606 932.988 2697.03
1654000 891.703 879.63 938.416 2709.75
1655000 888.562 878.286 936.937 2703.79
1656000 889.54 879.428 939.464 2708.43
1657000 894.45 883.306 946.679 2724.44
1658000 892.199 882.915 945.21 2720.32
1659000 889.707 881.913 942.949 2714.57
1660000 889.774 883.177 943.773 2716.72
1661000 890.068 882.263 944.223 2716.55
1662000 891.184 881.912 948.296 2721.39
1663000 896.262 888.008 958.549 2742.82
1664000 893.778 887.942 956.715 2738.43
1665000 899.336 890.066 960.176 2749.58
1666000 896.608 890.275 957.724 2744.61
1667000 893.724 887.883 954.47 2736.08
1668000 896.322 891.956 958.209 2746.49
1669000 901.429 896.554 961.949 2759.93
1670000 900.769 894.595 961.122 2756.49
1671000 901.978 892.231 957.873 2752.08
1672000 903.778 892.22 961.155 2757.15
1673000 907.161 894.241 966.11 2767.51
1674000 909.584 896.453 968.8 2774.84
1675000 908.392 895.731 967.008 2771.13
1676000 912.213 900.374 970.601 2783.19
1677000 913.306 899.809 970.272 2783.39
1678000 911.75 895.898 968.665 2776.31
1679000 912.746 898.609 974.889 2786.24
1680000 909.81 896.74 971.716 2778.27
1681000 913.868 903.426 976.335 2793.63
1682000 914.872 903.393 975.825 2794.09
1683000 913.062 901.803 971.97 2786.83
1684000 911.951 905.049 973.567 2790.57
1685000 910.884 907.785 974.691 2793.36
1686000 916.326 914.492 980.525 2811.34
1687000 919.057 917.055 984.323 2820.43
1688000 921.048 921.868 987.141 2830.06
1689000 919.508 916.674 983.509 2819.69
1690000 918.91 915.819 981.513 2816.24
1691000 919.634 914.267 980.493 2814.39
1692000 923.892 919.86 983.835 2827.59
1693000 920.91 917.375 984.441 2822.73
1694000 918.626 915.151 982.806 2816.58
1695000 924.077 919.049 987.416 2830.54
1696000 925.5 920.002 986.168 2831.67
1697000 923.087 919.884 986.43 2829.4
1698000 922.994 919.713 984.383 2827.09
1699000 923.703 922.142 988.294 2834.14
1700000 925.814 923.307 991.777 2840.9
1701000 927.211 922.965 992.646 2842.82
1702000 927.668 924.645 995.301 2847.61
1703000 926.188 926.273 996.027 2848.49
1704000 928.793 930.481 1001.21 2860.49
1705000 928.679 931.628 1001.3 2861.61
1706000 921.741 923.683 992.154 2837.58
1707000 924.183 923.748 992.988 2840.92
1708000 931.449 932.248 1002.65 2866.35
1709000 932.899 933.864 1003 2869.76
1710000 930.296 932.755 1000.85 2863.9
1711000 933.387 933.235 1003.59 2870.21
1712000 932.827 931.491 999.537 2863.86
1713000 932.223 933.431 998.93 2864.58
1714000 933.221 935.226 999.394 2867.84
1715000 935.202 933.412 1001.1 2869.72
1716000 938.36 933.821 1002.66 2874.84
1717000 941.507 936.248 1006.15 2883.9
1718000 944.01 939.086 1009.07 2892.17
1719000 941.559 937.301 1007.38 2886.24
1720000 942.48 940.744 1010.1 2893.33
1721000 941.706 940.608 1008.02 2890.34
1722000 941.977 937.291 1003.02 2882.28
1723000 948.145 943.038 1009.37 2900.55
1724000 946.539 942.881 1007.41 2896.83
1725000 952.068 949.088 1011.44 2912.6
1726000 953.629 947.152 1012.79 2913.57
1727000 951.281 943.835 1010.8 2905.91
1728000 955.22 949.261 1014.1 2918.58
1729000 953.392 948.672 1010.7 2912.76
1730000 956.168 951.22 1013.23 2920.62
1731000 956.67 950.344 1014.58 2921.59
1732000 962.522 953.763 1017.2 2933.48
1733000 967.029 959.49 1021.83 2948.35
1734000 960.264 952.916 1015.22 2928.4
1735000 959.221 949.063 1011.56 2919.85
1736000 967.467 951.246 1016.97 2935.68
1737000 965.774 950.471 1015.55 2931.8
1738000 968.787 956.393 1017.31 2942.49
1739000 964.018 953.991 1011.26 2929.27
1740000 965.469 954.478 1011.57 2931.51
1741000 966.576 958.163 1015.97 2940.71
1742000 972.132 961.61 1018.34 2952.09
1743000 974.006 961.118 1018.43 2953.56
1744000 974.271 961.177 1016.54 2951.99
1745000 978.097 965.712 1023.13 2966.94
1746000 976.143 961.187 1020.31 2957.64
1747000 974.295 958.156 1019.07 2951.53
1748000 977.68 961.067 1018.99 2957.73
1749000 978.48 961.893 1021.18 2961.56
1750000 979.733 966.153 1023.1 2968.98
1751000 983.806 970.822 1025.57 2980.2
1752000 979.191 968.582 1023.09 2970.86
1753000 975.324 966.606 1020.81 2962.73
1754000 974.606 967.268 1019.96 2961.83
1755000 977.061 971.658 1022.39 2971.11
1756000 978.61 976.188 1025.07 2979.87
1757000 974.454 974.954 1023 2972.4
1758000 978.19 979.289 1027.96 2985.44
1759000 984.558 985.36 1031 3000.92
1760000 983.231 984.556 1026.93 2994.71
1761000 985.29 989.639 1029.37 3004.3
1762000 984.538 990.925 1028.63 3004.1
1763000 985.487 992.653 1031.06 3009.2
1764000 985.708 995.272 1033.16 3014.14
1765000 982.694 996.619 1032.13 3011.44
1766000 984.815 1001.8 1035.24 3021.85
1767000 982.663 1000.89 1034.35 3017.9
1768000 977.443 997.175 1031.58 3006.19
1769000 975.841 997.719 1032.42 3005.98
1770000 979.885 1000.39 1038.35 3018.63
1771000 977.821 996.999 1036.27 3011.09
1772000 974.589 996.382 1031.98 3002.95
1773000 977.998 1000.65 1036.38 3015.03
1774000 979.566 1002.08 1040.9 3022.55
1775000 983.068 1006.64 1046.78 3036.49
1776000 977.117 1003.83 1041.77 3022.72
1777000 979.188 1005.36 1043.08 3027.62
1778000 980.446 1003.25 1040.3 3023.99
1779000 984.872 1010.22 1046.2 3041.29
1780000 984.736 1009.6 1042.43 3036.77
1781000 983.287 1009.22 1040.05 3032.55
1782000 990.432 1014.6 1044.36 3049.4
1783000 987.082 1010.66 1041.73 3039.47
1784000 988.934 1012.01 1039.68 3040.62
1785000 998.086 1018.01 1050.08 3066.18
1786000 999.106 1018.88 1052.07 3070.05
1787000 1001.09 1021.3 1049.36 3071.75
1788000 1001.66 1020.9 1046.49 3069.05
1789000 1000.91 1020.43 1046.34 3067.68
1790000 1003.1 1023.29 1046.68 3073.07
1791000 1002.79 1023.52 1046.21 3072.52
1792000 1004.19 1023.84 1047.33 3075.35
1793000 1004.44 1024.57 1048.71 3077.72
1794000 1005.36 1026.36 1048.83 3080.55
1795000 1005.02 1027.95 1049.78 3082.75
1796000 1002 1025.73 1046.66 3074.39
1797000 1001.34 1024.21 1043.74 3069.29
1798000 1007.47 1027.56 1048.96 3084
1799000 1009.18 1026.64 1048.4 3084.22
1800000 1015.73 1029.9 1052.7 3098.33
1801000 1015.87 1028.68 1053.73 3098.28
1802000 1015.62 1031.52 1054.01 3101.15
1803000 1012.52 1031.16 1051.49 3095.17
1804000 1016.36 1035.58 1053.85 3105.79
1805000 1023.21 1042.55 1062.24 3128.01
1806000 1024.16 1039.3 1060.22 3123.68
1807000 1025.84 1041.75 1063.08 3130.67
1808000 1026.04 1044.38 1063.18 3133.6
1809000 1022.29 1042.12 1061.39 3125.79
1810000 1020.68 1042.59 1059.9 3123.17
1811000 1023.38 1048.53 1062.54 3134.45
1812000 1026.69 1048.63 1065.09 3140.41
1813000 1027.65 1046.65 1066.79 3141.08
1814000 1026.53 1045.36 1063.8 3135.69
1815000 1026.74 1046.03 1062.73 3135.49
1816000 1031.4 1051.15 1070.24 3152.79
1817000 1030.02 1048.75 1067.4 3146.17
1818000 1024.43 1045.26 1065.11 3134.8
1819000 1032.04 1051.92 1073.09 3157.05
1820000 1032.34 1051.53 1071.7 3155.58
1821000 1028.53 1046 1065.18 3139.71
1822000 1035.96 1055.92 1073.43 3165.3
1823000 1033.86 1058.49 1073.81 3166.16
1824000 1031.04 1059.76 1071.36 3162.17
1825000 1030.23 1058.11 1069.18 3157.52
1826000 1031.19 1055.92 1069.74 3156.85
1827000 1036.76 1060.9 1074.6 3172.26
1828000 1038.05 1060.12 1073.44 3171.61
1829000 1036.87 1060.08 1074.43 3171.38
1830000 1037.7 1062.9 1075.28 3175.88
1831000 1040.19 1065.3 1076.62 3182.11
1832000 1045.46 1069.18 1081.91 3196.56
1833000 1045.94 1070.06 1078.77 3194.77
1834000 1045 1068.8 1079.85 3193.66
1835000 1041.65 1067.64 1077.02 3186.31
1836000 1042.7 1071.79 1080.04 3194.52
1837000 1040.19 1069.65 1077.14 3186.97
1838000 1042.76 1070.09 1079.32 3192.17
1839000 1051.08 1077.61 1087.18 3215.87
1840000 1049.87 1073.6 1084.89 3208.35
1841000 1048.23 1071.49 1082.74 3202.45
1842000 1049.23 1075.24 1085.07 3209.55
1843000 1049.6 1078 1085.44 3213.04
1844000 1052.58 1078.79 1083.14 3214.51
1845000 1052.83 1077.09 1082.95 3212.87
1846000 1060.35 1084.3 1088.9 3233.55
1847000 1062.52 1088.63 1091.83 3242.98
1848000 1060.3 1088.23 1090.76 3239.29
1849000 1062.18 1089.98 1093.51 3245.68
1850000 1068.86 1095.73 1100.92 3265.52
1851000 1063.99 1089.24 1095.23 3248.46
1852000 1063.77 1091.37 1095.51 3250.64
1853000 1066 1095.32 1095.94 3257.26
1854000 1070.07 1098.07 1099.66 3267.8
1855000 1065.85 1093.75 1097.32 3256.92
1856000 1067.48 1098.36 1100.78 3266.62
1857000 1067.44 1099.48 1097.45 3264.38
1858000 1068.21 1100.96 1097.18 3266.35
1859000 1070.61 1102.95 1099.16 3272.72
1860000 1068.24 1102.71 1096.52 3267.47
1861000 1070.01 1103.52 1099.01 3272.54
1862000 1067.45 1100.77 1096.21 3264.43
1863000 1067.53 1102.42 1097.86 3267.82
1864000 1068.72 1104.2 1100.98 3273.91
1865000 1069.53 1108.06 1101.71 3279.3
1866000 1068.92 1106.23 1098.92 3274.07
1867000 1072.37 1110.72 1102.91 3285.99
1868000 1073.91 1112.1 1105.16 3291.17
1869000 1078.09 1116.81 1112.85 3307.75
1870000 1079.05 1118.07 1115.59 3312.72
1871000 1078.33 1114.28 1111.6 3304.21
1872000 1079.51 1111.93 1111.33 3302.77
1873000 1083.87 1116.02 1114.59 3314.48
1874000 1087.6 1117.22 1119.45 3324.27
1875000 1086.9 1115 1116.74 3318.64
1876000 1091.34 1121.4 1121.42 3334.17
1877000 1089.02 1118.65 1120.08 3327.75
1878000 1084.99 1113.02 1115.94 3313.95
1879000 1086.32 1112.7 1115.44 3314.45
1880000 1092.83 1118.85 1119.77 3331.45
1881000 1095.06 1121.73 1122.81 3339.6
1882000 1093.19 1117.6 1120.72 3331.51
1883000 1097.72 1115.68 1123.7 3337.1
1884000 1095.18 1112.59 1123.88 3331.64
1885000 1101.73 1119.04 1129.45 3350.22
1886000 1101.44 1123.16 1129.4 3354
1887000 1100.9 1125.11 1129.76 3355.77
1888000 1099.55 1123.26 1127.77 3350.59
1889000 1105.74 1128.77 1131.9 3366.41
1890000 1103.42 1123.08 1126.81 3353.3
1891000 1109.12 1125.95 1131.21 3366.28
1892000 1109.26 1128.88 1134.31 3372.45
1893000 1103.75 1123.92 1131.59 3359.25
1894000 1105.54 1123.11 1132.91 3361.56
1895000 1106.12 1122.7 1132.92 3361.74
1896000 1105.08 1121.26 1132.81 3359.15
1897000 1107.17 1124.1 1136.31 3367.58
1898000 1103.81 1121.63 1131.86 3357.29
1899000 1102.35 1120.3 1129.28 3351.93
1900000 1102.58 1122.82 1129.44 3354.84
1901000 1100.67 1123.12 1129.92 3353.71
1902000 1103.63 1128.61 1131.33 3363.57
1903000 1102.63 1128.77 1130.25 3361.65
1904000 1105.62 1131.19 1132.17 3368.99
1905000 1104.04 1126.8 1127.52 3358.37
1906000 1104.92 1125.53 1127.54 3357.99
1907000 1107.73 1130.15 1130.62 3368.5
1908000 1105.51 1129.31 1129.38 3364.2
1909000 1108.24 1130.23 1131.45 3369.93
1910000 1107.6 1126.77 1127.99 3362.35
1911000 1114.88 1131.96 1132.57 3379.42
1912000 1116.88 1134.09 1135.01 3385.98
1913000 1119.71 1136.64 1135.18 3391.53
1914000 1122.48 1141.02 1139.72 3403.22
1915000 1122.76 1137.76 1134.38 3394.9
1916000 1124.96 1138.39 1138.05 3401.39
1917000 1120.52 1132.9 1132.61 3386.03
1918000 1129.07 1142.13 1139.57 3410.77
1919000 1124.86 1139.34 1136.95 3401.14
1920000 1120.65 1135.34 1133.99 3389.98
1921000 1123.3 1135.95 1135.47 3394.72
1922000 1124.55 1141.07 1135.92 3401.55
1923000 1122.1 1137.99 1134.53 3394.61
1924000 1123.14 1139.41 1136.55 3399.1
1925000 1126.82 1141.37 1141.47 3409.67
1926000 1123.3 1139.84 1139.87 3403.01
1927000 1122.88 1142.47 1142.2 3407.54
1928000 1125.56 1145.46 1145.52 3416.54
1929000 1121.13 1139.46 1142.12 3402.71
1930000 1117.11 1136.42 1140.5 3394.03
1931000 1116.92 1135.22 1142.02 3394.16
1932000 1121.72 1136.43 1146.04 3404.2
1933000 1127.13 1138.94 1150.37 3416.44
1934000 1123.77 1133.19 1148.91 3405.87
1935000 1126.23 1133.02 1150.18 3409.43
1936000 1130.89 1136.17 1151.79 3418.85
1937000 1130.56 1134.53 1150.93 3416.02
1938000 1132.77 1133.75 1149.26 3415.79
1939000 1136.4 1135.13 1152.68 3424.21
1940000 1138.04 1137.19 1155.45 3430.68
1941000 1135.91 1136.25 1155.56 3427.73
1942000 1137.48 1137.65 1156.87 3432
1943000 1139.51 1139.52 1156.71 3435.74
1944000 1138.59 1140.3 1153.24 3432.13
1945000 1141.19 1140.73 1153.42 3435.34
1946000 1143.33 1140.76 1158.63 3442.72
1947000 1142.69 1137.76 1156.21 3436.66
1948000 1143.65 1139.16 1157.41 3440.22
1949000 1139.08 1137.44 1153.88 3430.4
1950000 1144.71 1146.67 1160.12 3451.5
1951000 1149.13 1151.44 1161.86 3462.43
1952000 1147.49 1153.23 1159.36 3460.08
1953000 1149.61 1156.97 1159.6 3466.18
1954000 1151.24 1160.14 1161.81 3473.19
1955000 1151.85 1160.26 1160.49 3472.6
1956000 1146.54 1155.58 1156.46 3458.58
1957000 1146.74 1155.25 1157.08 3459.07
1958000 1151.95 1156.38 1162.54 3470.87
1959000 1154.16 1158.66 1163.98 3476.81
1960000 1157.73 1159.91 1164.93 3482.57
1961000 1154.61 1157.83 1163.37 3475.82
1962000 1155.9 1160.78 1163.94 3480.62
1963000 1157.16 1160.29 1163.49 3480.93
1964000 1159.2 1162.31 1165.17 3486.68
1965000 1159.91 1164.47 1167.37 3491.75
1966000 1160.01 1164.27 1166.75 3491.03
1967000 1165.5 1166.88 1171.07 3503.44
1968000 1168.31 1170.48 1176.41 3515.2
1969000 1173.18 1177.97 1183.14 3534.29
1970000 1173.54 1176.49 1180.35 3530.38
1971000 1173.49 1177.55 1180.52 3531.55
1972000 1166.65 1174.09 1174.48 3515.22
1973000 1172.8 1177.92 1179.82 3530.55
1974000 1168.35 1171.02 1177.19 3516.56
1975000 1176.99 1181.39 1186.26 3544.64
1976000 1172.49 1183.23 1183.47 3539.19
1977000 1170.11 1180.67 1180.44 3531.22
1978000 1167.72 1177.55 1178.85 3524.12
1979000 1169.15 1178.46 1182.35 3529.96
1980000 1173.18 1182.37 1184.26 3539.81
1981000 1171.35 1182.42 1182.27 3536.04
1982000 1172.31 1180.68 1180.1 3533.09
1983000 1175.2 1181.68 1182.89 3539.77
1984000 1174.33 1180.22 1180.94 3535.49
1985000 1181.69 1189.01 1186.01 3556.71
1986000 1182.04 1190.95 1186.28 3559.27
1987000 1184.77 1192.96 1189.12 3566.86
1988000 1183.42 1192.66 1187.78 3563.86
1989000 1180.42 1189.3 1189.44 3559.16
1990000 1180.64 1188.14 1188.53 3557.3
1991000 1182.78 1188.89 1188.87 3560.53
1992000 1183.5 1189.14 1192.11 3564.75
1993000 1191.72 1196.26 1201.32 3589.29
1994000 1193.43 1196.17 1201.16 3590.75
1995000 1192.21 1195.28 1202.83 3590.32
1996000 1190.75 1193.77 1203.29 3587.81
1997000 1189 1191.85 1199.77 3580.63
1998000 1193.42 1197.54 1202.49 3593.44
1999000 1192.9 1200.2 1201.62 3594.71
2000000 1193.24 1202.08 1200.6 3595.92
2001000 1195.49 1201.78 1200.96 3598.22
2002000 1194.26 1202.91 1197.17 3594.34
2003000 1191.1 1202.76 1194.32 3588.19
2004000 1198.16 1207.79 1200.52 3606.48
2005000 1198.28 1208.79 1204.47 3611.54
2006000 1196.93 1205.37 1206.72 3609.02
2007000 1207.23 1214.46 1215.74 3637.43
2008000 1197.63 1207.31 1206.16 3611.1
2009000 1202.03 1215.05 1213.91 3630.99
2010000 1204.38 1216.91 1213.07 3634.36
2011000 1200.53 1211.12 1208.72 3620.37
2012000 1204.51 1215.42 1213.11 3633.04
2013000 1204.84 1216.12 1214.83 3635.79
2014000 1206.02 1219.33 1213.87 3639.21
2015000 1205.11 1220.62 1213.11 3638.85
2016000 1205.64 1222.87 1214.81 3643.32
2017000 1204.81 1222.36 1216.8 3643.97
2018000 1206.73 1226.98 1220.29 3654
2019000 1206.62 1228.37 1217.28 3652.26
2020000 1204.2 1228.07 1213.66 3645.92
2021000 1201.65 1225.54 1211.34 3638.53
2022000 1207.86 1228.71 1215.33 3651.89
2023000 1210.22 1232.8 1217.58 3660.6
2024000 1211.73 1231.2 1217.31 3660.24
2025000 1206.25 1224.57 1213.65 3644.47
2026000 1203.57 1221.78 1211.35 3636.7
2027000 1211.82 1230.48 1219.08 3661.38
2028000 1210.01 1230.05 1216.94 3656.99
2029000 1213.57 1234.28 1221.37 3669.22
2030000 1218.34 1235.78 1224.33 3678.44
2031000 1226.2 1242.45 1231.45 3700.1
2032000 1220.9 1235.24 1225.1 3681.24
2033000 1221.25 1236.04 1223.85 3681.14
2034000 1223.83 1235.93 1224.89 3684.65
2035000 1221.2 1234.52 1224.49 3680.2
2036000 1223.48 1236.91 1228.96 3689.35
2037000 1224.59 1238.2 1230.75 3693.54
2038000 1224.29 1238.92 1229.99 3693.19
2039000 1226.27 1240.93 1233.71 3700.9
2040000 1228.14 1241.29 1238.24 3707.67
2041000 1230.15 1240.88 1241.29 3712.31
2042000 1231 1241.87 1242.33 3715.19
2043000 1234.04 1249.53 1244.6 3728.17
2044000 1224.91 1240.75 1235 3700.65
2045000 1224.42 1241.71 1232.38 3698.51
2046000 1227.13 1243.5 1231.35 3701.98
2047000 1232.31 1247.25 1235.07 3714.63
2048000 1232 1248.01 1235.86 3715.87
2049000 1227.95 1244.48 1232.14 3704.56
2050000 1238.41 1254.22 1240.65 3733.28
2051000 1235.34 1250.01 1233.2 3718.54
2052000 1241.15 1256.44 1238.77 3736.37
2053000 1240.28 1256.31 1238.7 3735.29
2054000 1236.87 1252.24 1237.24 3726.35
2055000 1232.46 1244.88 1232.61 3709.94
2056000 1239.79 1250.07 1238.52 3728.38
2057000 1252.18 1260.11 1251.24 3763.54
2058000 1252.07 1258.4 1248.31 3758.78
2059000 1248.91 1255 1243.78 3747.69
2060000 1250.6 1257.28 1247.24 3755.12
2061000 1254.83 1260.71 1252.55 3768.09
2062000 1251.36 1257.62 1250.88 3759.86
2063000 1251.05 1261.18 1251.36 3763.58
2064000 1250.43 1262.4 1254.15 3766.98
2065000 1253.31 1264.75 1256.42 3774.48
2066000 1256.22 1268.42 1255.61 3780.25
2067000 1255.08 1265.01 1254.3 3774.39
2068000 1255.7 1269.58 1258.73 3784.01
2069000 1250.75 1265.05 1253.67 3769.47
2070000 1254.58 1269.27 1256.94 3780.79
2071000 1257.89 1273.38 1259.92 3791.2
2072000 1260.69 1276.81 1262.22 3799.72
2073000 1256.43 1273.09 1258.46 3787.97
2074000 1256.99 1273.84 1256.75 3787.58
2075000 1259.03 1277.44 1261.49 3797.96
2076000 1253.08 1272.2 1259.31 3784.59
2077000 1252.6 1272.2 1262.3 3787.11
2078000 1252.53 1274.14 1260.89 3787.56
2079000 1259.89 1276.91 1266.8 3803.6
2080000 1261.54 1278.15 1266.86 3806.55
2081000 1261.14 1278.81 1263.8 3803.74
2082000 1267.39 1283.24 1269.02 3819.66
2083000 1262.38 1279.66 1264.16 3806.2
2084000 1270.84 1288.18 1271.27 3830.29
2085000 1272.5 1293.6 1276.15 3842.24
2086000 1264.33 1283.63 1267.03 3815
2087000 1268.46 1283.04 1268.38 3819.88
2088000 1267.01 1280.21 1269.26 3816.48
2089000 1271.11 1284.48 1273.29 3828.89
2090000 1279.71 1293.09 1279.01 3851.8
2091000 1280.62 1295.34 1280.77 3856.73
2092000 1274.51 1289.96 1275.07 3839.53
2093000 1273.52 1288.96 1274.62 3837.1
2094000 1276.62 1295.06 1275.27 3846.95
2095000 1274.05 1294.4 1272.61 3841.05
2096000 1270 1292.31 1269.81 3832.12
2097000 1279.32 1298.81 1280 3858.12
2098000 1274.09 1296.71 1278.03 3848.83
2099000 1274.51 1295.03 1276.5 3846.04
2100000 1276.48 1296.34 1279.7 3852.52
2101000 1280.86 1302.15 1282.92 3865.92
2102000 1275.04 1295.93 1277.49 3848.46
2103000 1272.08 1290.63 1275.51 3838.22
2104000 1280 1297.8 1283.98 3861.77
2105000 1279.61 1297.3 1281.55 3858.46
2106000 1283.25 1299.74 1285.91 3868.9
2107000 1283.4 1297.27 1285.65 3866.32
2108000 1291.89 1303.54 1290.33 3885.75
2109000 1291.74 1302.08 1287.5 3881.32
2110000 1295.4 1309.05 1290.71 3895.16
2111000 1290.46 1307.1 1284.7 3882.26
2112000 1295.58 1310.63 1289.87 3896.08
2113000 1294.71 1310.32 1289 3894.03
2114000 1291.28 1308.32 1290.1 3889.7
2115000 1298.08 1312.29 1293.18 3903.56
2116000 1297.08 1312.66 1292.44 3902.17
2117000 1296.18 1313.45 1291.5 3901.13
2118000 1297.12 1317.57 1293.44 3908.13
2119000 1297.73 1318.15 1293.92 3909.79
2120000 1294.42 1316 1289.81 3900.23
2121000 1297.18 1320.68 1292.84 3910.7
2122000 1304.94 1328.23 1299.17 3932.34
2123000 1305.1 1328.16 1299.15 3932.41
2124000 1304.43 1326.18 1296.86 3927.47
2125000 1303.91 1325.19 1295.51 3924.62
2126000 1306.71 1325.85 1296.96 3929.52
2127000 1299.88 1318.39 1288.31 3906.59
2128000 1304.68 1324.81 1293.22 3922.72
2129000 1303.52 1323.7 1292.21 3919.43
2130000 1302.18 1320.47 1290.34 3912.99
2131000 1307.21 1323.29 1294.75 3925.25
2132000 1307.66 1323.73 1296 3927.39
2133000 1303.54 1318.41 1291.44 3913.39
2134000 1305.64 1320.18 1292.81 3918.64
2135000 1311.63 1321.93 1295.56 3929.13
2136000 1311.38 1324.31 1296.68 3932.37
2137000 1306.27 1321.28 1294.01 3921.56
2138000 1309.04 1323.9 1293.45 3926.39
2139000 1310.21 1321.66 1296.08 3927.95
2140000 1318.06 1331.25 1308.92 3958.23
2141000 1312.5 1329 1306.3 3947.8
2142000 1311.26 1328.52 1303.26 3943.04
2143000 1315.46 1334.49 1307.23 3957.18
2144000 1315.11 1332.46 1305.71 3953.28
2145000 1317.44 1329.73 1305.61 3952.78
2146000 1320.83 1332.66 1307.68 3961.17
2147000 1309.48 1323.13 1299.77 3932.38
2148000 1319.99 1333.33 1307.67 3961
2149000 1315.75 1330.73 1305.08 3951.55
2150000 1315.51 1325.85 1302.58 3943.93
2151000 1321.72 1332.33 1312.18 3966.24
2152000 1322.5 1334.88 1314.01 3971.39
2153000 1316.2 1332.32 1312.1 3960.63
2154000 1322.12 1339.96 1318.26 3980.35
2155000 1329.37 1350 1325.38 4004.75
2156000 1330.67 1352.23 1326.36 4009.26
2157000 1326.28 1348.18 1324.19 3998.65
2158000 1325.8 1349.49 1325.71 4001
2159000 1324.38 1345.82 1324.39 3994.59
2160000 1328.5 1348.68 1326.03 4003.21
2161000 1321.86 1344.83 1317.03 3983.72
2162000 1322.65 1344.76 1318.75 3986.15
2163000 1326.67 1352.07 1325.6 4004.35
2164000 1318.81 1346.2 1315.39 3980.41
2165000 1324.09 1351.8 1321.16 3997.05
2166000 1321.82 1351.66 1320.22 3993.7
2167000 1331.34 1362.89 1328.23 4022.46
2168000 1326.43 1357.86 1323.48 4007.78
2169000 1328.05 1356.78 1325.23 4010.05
2170000 1333.53 1358.07 1327.52 4019.12
2171000 1333.25 1361.11 1327.93 4022.29
2172000 1338.4 1365.73 1331.63 4035.77
2173000 1343.21 1368.64 1331.08 4042.93
2174000 1343.47 1370.12 1331.99 4045.58
2175000 1336.02 1361.91 1324.01 4021.95
2176000 1326.97 1356.92 1317.69 4001.57
2177000 1332.85 1365.71 1323.8 4022.37
2178000 1338.92 1374.51 1329.72 4043.14
2179000 1337.8 1373.11 1330.94 4041.85
2180000 1340.09 1374.22 1334.38 4048.68
2181000 1334.02 1367.17 1327.94 4029.12
2182000 1343.8 1376.14 1334.18 4054.13
2183000 1342.2 1374.99 1331.55 4048.74
2184000 1340.44 1372.81 1327.01 4040.27
2185000 1344.65 1372.7 1324.52 4041.87
2186000 1349.9 1374.22 1326.37 4050.49
2187000 1348.68 1375.4 1330.46 4054.54
2188000 1348.3 1376.16 1331.25 4055.71
2189000 1354.77 1383.92 1340.31 4079
2190000 1350.68 1376.75 1336.5 4063.94
2191000 1347.55 1372.24 1336.52 4056.3
2192000 1346.51 1373.26 1338.19 4057.96
2193000 1343.43 1370.05 1334.52 4047.99
2194000 1346.84 1376.45 1340.12 4063.41
2195000 1346.37 1376.72 1339.27 4062.36
2196000 1343.01 1376.68 1335.16 4054.85
2197000 1345.24 1381.39 1338.59 4065.22
2198000 1343.33 1381.54 1336.21 4061.07
2199000 1349.6 1388.26 1341.64 4079.51
2200000 1341.58 1382.32 1332.5 4056.41
2201000 1349.81 1390.36 1340.68 4080.86
2202000 1354.51 1394.43 1343.89 4092.83
2203000 1353.82 1394.46 1343.36 4091.63
2204000 1350.3 1387.06 1341.29 4078.64
2205000 1347.57 1384.77 1341.15 4073.49
2206000 1350.44 1389.79 1341.73 4081.96
2207000 1350.97 1391.38 1343.87 4086.23
2208000 1352.26 1390 1342.38 4084.64
2209000 1354.77 1391.59 1343.62 4089.97
2210000 1359.9 1398.21 1347.61 4105.71
2211000 1361.82 1399.88 1351.61 4113.31
2212000 1361.93 1401.72 1352.48 4116.13
2213000 1359.38 1399.48 1349.51 4108.38
2214000 1358.73 1398.22 1347.23 4104.18
2215000 1362.34 1400.6 1351.98 4114.92
2216000 1369.09 1410.08 1359.94 4139.11
2217000 1367.17 1409.62 1358.16 4134.95
2218000 1360.26 1402.93 1352.37 4115.56
2219000 1357.62 1401.11 1350.99 4109.71
2220000 1362.23 1405.91 1358.35 4126.49
2221000 1367.77 1408.85 1363.62 4140.24
2222000 1373.96 1413.53 1370.19 4157.69
2223000 1374.64 1411.83 1371.74 4158.21
2224000 1368.52 1404.64 1367.29 4140.46
2225000 1368.29 1403.82 1367.03 4139.15
2226000 1365.66 1402.91 1366.54 4135.12
2227000 1366.99 1399.33 1366.74 4133.06
2228000 1375.81 1406.9 1374.54 4157.25
2229000 1371.76 1404.14 1371.47 4147.36
2230000 1370.02 1403.88 1374.07 4147.97
2231000 1372.5 1409.64 1378.22 4160.36
2232000 1370.8 1407.78 1377.89 4156.47
2233000 1368.75 1407.36 1377.28 4153.39
2234000 1376.8 1413.19 1385.39 4175.38
2235000 1381.7 1419.49 1390.36 4191.55
2236000 1382.27 1419.13 1389.17 4190.57
2237000 1387.5 1422.32 1394.54 4204.36
2238000 1380.23 1418.55 1388.36 4187.14
2239000 1385.43 1425.67 1390.72 4201.82
2240000 1387.14 1421.84 1389.6 4198.58
2241000 1392.24 1423.93 1392.44 4208.61
2242000 1389.94 1427.99 1394.71 4212.64
2243000 1389.56 1431.91 1396.34 4217.81
2244000 1391.4 1434.62 1399.83 4225.85
2245000 1389.08 1432.6 1394.88 4216.56
2246000 1387.47 1430.99 1394.5 4212.96
2247000 1388.35 1431.32 1395.36 4215.03
2248000 1388.92 1432.04 1396.69 4217.65
2249000 1388.45 1431.09 1393.87 4213.41
2250000 1390.88 1436.06 1396.82 4223.75
2251000 1392.45 1436.26 1396.75 4225.46
2252000 1391.23 1435.98 1394.42 4221.63
2253000 1395.49 1442.81 1399.7 4238
2254000 1392.68 1440.63 1401.62 4234.93
2255000 1391.1 1438.48 1401.1 4230.67
2256000 1394.17 1442.23 1403.1 4239.5
2257000 1393.6 1439.1 1402.82 4235.52
2258000 1390.93 1437.44 1400.77 4229.14
2259000 1387.5 1438.11 1400.4 4226.01
2260000 1384.12 1437.37 1396.16 4217.64
2261000 1387.6 1442.45 1401.05 4231.1
2262000 1396.11 1450.73 1405.05 4251.89
2263000 1398.25 1451.83 1408.17 4258.25
2264000 1394.11 1444.51 1401.12 4239.74
2265000 1393.88 1441.69 1402.1 4237.67
2266000 1391.74 1442.61 1397.9 4232.24
2267000 1394.84 1444.78 1397.22 4236.83
2268000 1400.79 1450.98 1401.96 4253.74
2269000 1401.2 1452.03 1400.62 4253.85
2270000 1402.39 1448.94 1399.08 4250.41
2271000 1400.19 1447.74 1398.66 4246.59
2272000 1404.53 1453.06 1401.89 4259.48
2273000 1402.44 1451.32 1397.96 4251.73
2274000 1402.64 1452.35 1398.85 4253.84
2275000 1405.48 1454.81 1401.42 4261.71
2276000 1417.01 1465.93 1415.11 4298.05
2277000 1411.1 1456.9 1406.44 4274.44
2278000 1409.44 1458.29 1406.13 4273.86
2279000 1410.69 1461.14 1409.51 4281.35
2280000 1407.43 1458.64 1407.44 4273.5
2281000 1401.13 1455.2 1404.79 4261.11
2282000 1398.19 1452.2 1402.56 4252.95
2283000 1400.19 1452.26 1403.07 4255.52
2284000 1393.87 1449.43 1399.65 4242.94
2285000 1403.43 1461.89 1409.38 4274.7
2286000 1407.99 1466.18 1410.86 4285.04
2287000 1406.92 1466.34 1411.21 4284.47
2288000 1415.63 1474.68 1417.89 4308.2
2289000 1420.87 1478.24 1423.87 4322.97
2290000 1420.62 1476 1422.78 4319.39
2291000 1417.81 1473.05 1421.27 4312.13
2292000 1420.26 1474.49 1426.94 4321.7
2293000 1418.67 1474.26 1427.31 4320.24
2294000 1416.66 1471.09 1427.79 4315.54
2295000 1416.48 1468.74 1426.55 4311.77
2296000 1411.42 1464.12 1423.22 4298.76
2297000 1414.22 1464.63 1425.86 4304.72
2298000 1422.86 1471.73 1434.21 4328.8
2299000 1415.08 1466.51 1429.74 4311.33
2300000 1414.55 1467.5 1430.51 4312.56
2301000 1418.25 1471.03 1434.01 4323.28
2302000 1422.08 1472.49 1435.98 4330.55
2303000 1420.73 1473.13 1435.44 4329.3
2304000 1422.17 1476.73 1434.73 4333.63
2305000 1425.37 1479.13 1439.88 4344.38
2306000 1427.2 1481.1 1437.96 4346.26
2307000 1429.18 1483.03 1438.1 4350.31
2308000 1430.22 1482.07 1438.09 4350.37
2309000 1431.71 1482.49 1441.45 4355.65
2310000 1432.07 1488.27 1442.97 4363.31
2311000 1433.87 1490.37 1443.86 4368.11
2312000 1438 1495.82 1447.35 4381.16
2313000 1430.55 1486.55 1441.14 4358.24
2314000 1432.79 1489.84 1442.88 4365.5
2315000 1435.56 1492.55 1447.19 4375.3
2316000 1433.56 1489.21 1447.67 4370.44
2317000 1436.2 1490.77 1449.43 4376.4
2318000 1425.15 1480.47 1441.18 4346.8
2319000 1437.84 1491.49 1453.02 4382.36
2320000 1437.85 1489.44 1451.37 4378.65
2321000 1442.06 1491.9 1454.52 4388.48
2322000 1438.75 1484.08 1448.04 4370.87
2323000 1443.81 1487.78 1452 4383.59
2324000 1437.66 1485.92 1451.04 4374.61
2325000 1443.23 1494.55 1463.5 4401.29
2326000 1439.88 1491.19 1459.5 4390.57
2327000 1442.39 1496 1466.44 4404.83
2328000 1448.27 1498.72 1473.53 4420.51
2329000 1450.25 1497.47 1472.84 4420.56
2330000 1454.8 1498.28 1476.22 4429.31
2331000 1451.75 1496.17 1472.11 4420.03
2332000 1445 1491.15 1466.78 4402.93
2333000 1448.42 1493.52 1471.73 4413.66
2334000 1453.06 1500.11 1476.84 4430.02
2335000 1451.79 1496.62 1472.82 4421.23
2336000 1454.59 1499.05 1473.73 4427.36
2337000 1462.62 1507.54 1478.34 4448.51
2338000 1458.6 1506.49 1475.61 4440.7
2339000 1446.97 1497.57 1468.55 4413.08
2340000 1449.19 1504.68 1476.06 4429.93
2341000 1461.02 1514.72 1486.41 4462.15
2342000 1459.06 1510.73 1483.43 4453.22
2343000 1450.46 1498.86 1471.07 4420.39
2344000 1459.05 1506.69 1477.72 4443.47
2345000 1463.09 1510.97 1482.43 4456.48
2346000 1461.95 1508.18 1481.88 4452.01
2347000 1458.85 1504.57 1479.56 4442.98
2348000 1460.8 1506.65 1481.42 4448.87
2349000 1467.38 1512.07 1485.54 4464.99
2350000 1472.66 1517.57 1490.64 4480.87
2351000 1469.63 1515.89 1488.28 4473.8
2352000 1470.1 1520.39 1487.66 4478.14
2353000 1476.59 1525.93 1493 4495.52
2354000 1475.11 1526.82 1492.87 4494.81
2355000 1477.03 1529.49 1496.22 4502.75
2356000 1471.65 1523.65 1494.07 4489.37
2357000 1473.14 1523.93 1494.86 4491.93
2358000 1473.74 1523.41 1498.19 4495.34
2359000 1479.12 1531.08 1505.64 4515.84
2360000 1474.19 1525.67 1501.37 4501.23
2361000 1467.31 1518.97 1495.56 4481.84
2362000 1469.68 1521.01 1497.02 4487.71
2363000 1474.72 1521.51 1498.85 4495.08
2364000 1480.63 1527.93 1507.5 4516.06
2365000 1476.07 1524.39 1503.38 4503.84
2366000 1480.84 1525.43 1505.72 4512
2367000 1484.85 1527.52 1507.94 4520.31
2368000 1482.02 1525.86 1507.15 4515.02
2369000 1472.74 1517.56 1500.01 4490.3
2370000 1479.28 1523.47 1507.84 4510.59
2371000 1482.96 1526.38 1510.81 4520.15
2372000 1491.93 1530.53 1518.61 4541.07
2373000 1490.13 1529.67 1517.59 4537.39
2374000 1484.68 1525.19 1512.63 4522.5
2375000 1487.77 1527.05 1516.19 4531
2376000 1493.54 1533.8 1521.99 4549.34
2377000 1497.05 1536.83 1525.14 4559.03
2378000 1493.6 1531.97 1522.97 4548.54
2379000 1493.25 1534.55 1524.15 4551.95
2380000 1486.48 1527.07 1518.05 4531.61
2381000 1492.93 1534.76 1524.28 4551.97
2382000 1490.94 1533.19 1524.33 4548.47
2383000 1501.05 1540.33 1532.91 4574.29
2384000 1490.92 1527.2 1522.27 4540.39
2385000 1496.46 1528.77 1530.17 4555.4
2386000 1500.04 1528.93 1533.4 4562.37
2387000 1493.19 1521.54 1524.87 4539.61
2388000 1493.14 1517.96 1524.23 4535.32
2389000 1499.74 1522.84 1530.47 4553.04
2390000 1508.44 1532.66 1540.14 4581.24
2391000 1500.59 1529.34 1536.61 4566.54
2392000 1508.9 1536.31 1546.71 4591.92
2393000 1502.71 1531.82 1539.73 4574.26
2394000 1502.02 1531.85 1538.21 4572.09
2395000 1505 1534.25 1540.17 4579.42
2396000 1501.49 1530.02 1539.32 4570.83
2397000 1501.63 1527.4 1539.76 4568.79
2398000 1508.46 1533.77 1547.92 4590.15
2399000 1512.25 1538.44 1552.69 4603.37
2400000 1518.09 1542.58 1559.3 4619.97
2401000 1508.6 1535.23 1552.45 4596.27
2402000 1504.76 1533.17 1547.4 4585.33
2403000 1505.68 1534.01 1545.3 4584.99
2404000 1509.43 1535.78 1546.5 4591.71
2405000 1512.4 1540.13 1550.92 4603.46
2406000 1507.74 1536.18 1547.21 4591.13
2407000 1506.4 1535.33 1548.75 4590.48
2408000 1520.97 1547.09 1559.6 4627.66
2409000 1526.48 1548.68 1562.65 4637.8
2410000 1522.97 1542.67 1556.43 4622.07
2411000 1524.06 1548.91 1557.17 4630.15
2412000 1521.68 1551 1553.6 4626.28
2413000 1527.16 1558.79 1561.04 4647
2414000 1523.37 1555.31 1554 4632.68
2415000 1519.92 1554.2 1548.52 4622.64
2416000 1520 1554.82 1548.97 4623.79
2417000 1529.85 1567.6 1561.08 4658.53
2418000 1523.9 1559.63 1555.4 4638.94
2419000 1525.06 1563.46 1558.45 4646.96
2420000 1526.65 1565.54 1559.33 4651.53
2421000 1524.45 1563.58 1557.19 4645.22
2422000 1527.28 1567.03 1561.9 4656.21
2423000 1532.37 1573.05 1565.48 4670.91
2424000 1531.26 1570.89 1562.4 4664.55
2425000 1538.54 1577.01 1568.45 4684
2426000 1536.47 1575.6 1563.86 4675.93
2427000 1532.34 1572.01 1561.76 4666.11
2428000 1533.07 1574.23 1564.6 4671.9
2429000 1533.61 1576.48 1567.36 4677.44
2430000 1531.97 1574.31 1569.53 4675.82
2431000 1538.32 1575.2 1574.93 4688.44
2432000 1537.66 1568.41 1571.39 4677.46
2433000 1530.4 1560.28 1563 4653.67
2434000 1528.95 1560.31 1563.53 4652.8
2435000 1529.79 1563.88 1566.62 4660.29
2436000 1530.58 1567.52 1564.69 4662.78
2437000 1531.3 1570.66 1565.05 4667.01
2438000 1536.22 1574.83 1568.35 4679.41
2439000 1540.95 1580.27 1575.78 4697.01
2440000 1538.28 1583.82 1575.07 4697.18
2441000 1532.96 1581.27 1571.93 4686.16
2442000 1537.24 1586.69 1578.07 4702
2443000 1539.01 1589.41 1583.17 4711.59
2444000 1539.83 1591.14 1585.06 4716.04
2445000 1536.28 1589.99 1581.71 4707.98
2446000 1540.41 1594.61 1582.17 4717.19
2447000 1539.86 1591.88 1580.04 4711.78
2448000 1542.82 1593.96 1583.93 4720.71
2449000 1548.03 1598.32 1584.95 4731.29
2450000 1551.73 1602.4 1587.01 4741.14
2451000 1555.68 1606.6 1594.38 4756.65
2452000 1550.53 1604.53 1588.05 4743.11
2453000 1546.7 1602.33 1584.17 4733.2
2454000 1545.49 1600.69 1584.04 4730.22
2455000 1547.32 1602.91 1587 4737.22
2456000 1557.44 1610.87 1595.5 4763.81
2457000 1553.3 1605.02 1592.46 4750.78
2458000 1553.95 1606.17 1596.17 4756.29
2459000 1552.7 1607.67 1596.59 4756.96
2460000 1545.34 1602.13 1590.31 4737.78
2461000 1536.56 1592.45 1581.54 4710.55
2462000 1546.41 1600.58 1592.06 4739.05
2463000 1550.47 1603.73 1595.28 4749.48
2464000 1558.91 1614.27 1606.39 4779.57
2465000 1554.48 1613.99 1607.18 4775.65
2466000 1553.19 1620.29 1610.55 4784.03
2467000 1547.78 1619.33 1611.04 4778.15
2468000 1539.35 1612.62 1606.27 4758.25
2469000 1542.59 1611.94 1610.21 4764.73
2470000 1546.72 1615.2 1616.89 4778.81
2471000 1556.47 1624.13 1626.28 4806.88
2472000 1554.61 1623.98 1623.05 4801.65
2473000 1552.25 1624.25 1624.77 4801.27
2474000 1546.45 1618.8 1618.82 4784.07
2475000 1557.86 1630.87 1629.05 4817.79
2476000 1553.45 1626.11 1623.57 4803.13
2477000 1558 1632.17 1629.69 4819.86
2478000 1560.13 1634.07 1629.87 4824.07
2479000 1561.24 1633.35 1631.4 4826
2480000 1561.26 1631.29 1632.73 4825.28
2481000 1564.21 1634.15 1636.22 4834.59
2482000 1570.44 1636.63 1641.01 4848.08
2483000 1562.66 1626.32 1634.07 4823.05
2484000 1556.26 1619.07 1628.87 4804.2
2485000 1553.87 1619.61 1628.13 4801.61
2486000 1565.75 1630.83 1639.13 4835.71
2487000 1571.98 1640.27 1648.03 4860.28
2488000 1569.53 1635.27 1644.49 4849.29
2489000 1569.87 1633.87 1642.52 4846.26
2490000 1571.68 1632.22 1642.31 4846.21
2491000 1571.23 1630.14 1637.58 4838.95
2492000 1571.02 1629.37 1637.46 4837.85
2493000 1569.64 1628.69 1638.65 4836.98
2494000 1577.53 1637.55 1647.57 4862.64
2495000 1575.02 1639.14 1646.94 4861.1
2496000 1571.55 1633.93 1637.69 4843.18
2497000 1574.73 1633.25 1637.96 4845.93
2498000 1577.64 1632.29 1640.3 4850.23
2499000 1579.31 1631.26 1641.12 4851.69
2500000 1591.35 1643.17 1652.36 4886.88
2501000 1586.48 1640.97 1643.88 4871.33
2502000 1585.54 1636.86 1633.93 4856.32
2503000 1588.96 1638.29 1636.63 4863.88
2504000 1587.37 1640.62 1636.46 4864.45
2505000 1589.04 1643.14 1640 4872.17
2506000 1587.53 1639.53 1636.58 4863.64
2507000 1591.35 1641.2 1645.25 4877.8
2508000 1599.12 1650.47 1654.12 4903.71
2509000 1603.01 1653.13 1656.11 4912.25
2510000 1601.89 1650.15 1651.4 4903.44
2511000 1600.22 1650.92 1648.41 4899.56
2512000 1599.1 1647.09 1644.49 4890.68
2513000 1606.55 1653.59 1649.71 4909.86
2514000 1601.55 1646.46 1647.09 4895.1
2515000 1608.34 1649.1 1653.56 4911
2516000 1600.66 1641.87 1651.62 4894.14
2517000 1597.76 1638.46 1648.08 4884.3
2518000 1612.42 1651.91 1661.71 4926.03
2519000 1607.98 1649.69 1658.77 4916.44
2520000 1609.03 1648.79 1662.44 4920.26
2521000 1602.4 1645.34 1658.3 4906.04
2522000 1603.14 1651.38 1661.4 4915.93
2523000 1599.69 1648.74 1655.92 4904.35
2524000 1604.07 1651.95 1662.31 4918.33
2525000 1606.77 1656.34 1663.88 4926.99
2526000 1610.22 1656.17 1665.13 4931.53
2527000 1607.57 1652.87 1663.42 4923.85
2528000 1609.87 1653.22 1663.57 4926.67
2529000 1621.91 1664.14 1674.43 4960.48
2530000 1621.75 1665.57 1672.4 4959.72
2531000 1616.36 1659.67 1664.19 4940.22
2532000 1617.74 1656.66 1664.15 4938.54
2533000 1616.7 1650.96 1661.05 4928.71
2534000 1618.03 1654.13 1664.72 4936.89
2535000 1618.39 1656.89 1668.57 4943.85
2536000 1627.54 1666.26 1679.2 4972.99
2537000 1628.95 1667.58 1682.81 4979.34
2538000 1625.99 1664.4 1675.23 4965.62
2539000 1630.2 1672.21 1678.71 4981.11
2540000 1628.56 1673.31 1676.66 4978.53
2541000 1634.54 1678.23 1682.33 4995.1
2542000 1629.87 1676.26 1677.83 4983.96
2543000 1633.06 1680.17 1676.38 4989.62
2544000 1637.6 1683.78 1682.16 5003.54
2545000 1633.84 1681.75 1681.76 4997.35
2546000 1639.56 1683.82 1685.5 5008.87
2547000 1643.88 1689.64 1692.57 5026.08
2548000 1642.81 1686.89 1691.31 5021.02
2549000 1648.32 1689.87 1693.02 5031.22
2550000 1643.14 1685.29 1688.24 5016.67
2551000 1642.11 1685.56 1691.04 5018.7
2552000 1639.47 1680.58 1687.63 5007.68
2553000 1641.67 1680.91 1688.23 5010.81
2554000 1653.6 1692.17 1702.81 5048.58
2555000 1651.68 1687.29 1701.88 5040.85
2556000 1653.6 1688.43 1702.48 5044.51
2557000 1650.33 1683.23 1696.08 5029.65
2558000 1655.04 1683.3 1698.41 5036.75
2559000 1659.55 1683.37 1698.9 5041.83
2560000 1665.81 1687.71 1707.03 5060.55
2561000 1659.37 1681.73 1700.41 5041.51
2562000 1661.36 1684.59 1704.71 5050.65
2563000 1667.18 1689.94 1711.68 5068.8
2564000 1666.74 1688 1714.49 5069.23
2565000 1663.38 1682.95 1712.93 5059.25
2566000 1667.54 1685.5 1714.96 5067.99
2567000 1668.05 1686.5 1713.19 5067.73
2568000 1666.95 1683.19 1709.82 5059.96
2569000 1669.33 1684.01 1711.9 5065.24
2570000 1671.92 1687.34 1715.17 5074.43
2571000 1669.48 1683.46 1709.28 5062.23
2572000 1666.68 1678.22 1707.64 5052.54
2573000 1665.77 1680.03 1706.72 5052.52
2574000 1672.16 1690.16 1719.08 5081.4
2575000 1669 1686.55 1717.05 5072.6
2576000 1666.13 1681.24 1714.16 5061.53
2577000 1667.77 1685.09 1721.4 5074.27
2578000 1660.82 1677.33 1712.85 5050.99
2579000 1663.35 1679.35 1722.54 5065.25
2580000 1662.67 1679.52 1721.45 5063.65
2581000 1669.58 1685.65 1727.33 5082.56
2582000 1668.8 1685.69 1723.61 5078.11
2583000 1669.69 1693.04 1725.46 5088.19
2584000 1666.58 1691.95 1721.65 5080.18
2585000 1674.9 1699.11 1727.99 5102
2586000 1671.01 1697.46 1724.88 5093.36
2587000 1673.77 1698.48 1726.64 5098.89
2588000 1669.33 1693.04 1718.18 5080.56
2589000 1670.53 1693.67 1719.17 5083.37
2590000 1674.38 1695.37 1720.62 5090.37
2591000 1670.64 1693.56 1717.91 5082.11
2592000 1674.51 1696.12 1720.35 5090.98
2593000 1678.4 1697.43 1724.1 5099.94
2594000 1677.73 1691.66 1722.46 5091.85
2595000 1671.38 1683.62 1715.01 5070.01
2596000 1676.06 1690.21 1719.46 5085.73
2597000 1691.76 1706.38 1732.08 5130.22
2598000 1688.3 1700.45 1723.25 5111.99
2599000 1688.03 1696.75 1717.55 5102.33
2600000 1694.27 1700.71 1720.28 5115.26
