# Time-averaged data for fix thermo_avg_npt
# TimeStep v_epsilon_co v_temp v_press v_pe v_ke v_etotal v_vol v_dens
101000 0.25 299.89 -74.0921 -20597.7 3354.86 -17242.8 54819.3 1.04065
102000 0.25 300.87 -81.9229 -20580 3365.83 -17214.2 54980.9 1.03759
103000 0.25 299.11 1.68901 -20559.6 3346.13 -17213.4 54991.5 1.03739
104000 0.25 298.332 66.0007 -20629.2 3337.44 -17291.7 54740 1.04215
105000 0.25 297.825 320.152 -20668.9 3331.77 -17337.2 54866.5 1.03977
106000 0.25 297.786 -166.157 -20520.8 3331.32 -17189.5 55579.6 1.02641
107000 0.25 300.775 196.918 -20617 3364.77 -17252.2 54887.3 1.03938
108000 0.25 299.857 162.312 -20581.7 3354.49 -17227.2 54782.8 1.04134
109000 0.25 297.874 29.8289 -20570.8 3332.31 -17238.5 55110.2 1.03515
110000 0.25 299.159 4.11252 -20538.2 3346.69 -17191.5 55358.4 1.03051
111000 0.25 299.047 35.8484 -20557.9 3345.43 -17212.5 55143.9 1.03454
112000 0.25 301.142 206.614 -20612.9 3368.87 -17244 54647.6 1.04392
113000 0.25 301.5 -111 -20603.8 3372.87 -17230.9 54833.9 1.04037
114000 0.25 300.269 183.253 -20643.2 3359.1 -17284.1 54793.2 1.04115
115000 0.25 299.561 -75.2403 -20570.9 3351.18 -17219.7 55325.7 1.03112
116000 0.25 300.525 -16.7023 -20588.4 3361.97 -17226.4 55258.8 1.03238
117000 0.25 299.327 47.9816 -20661.4 3348.57 -17312.8 54746.8 1.04203
118000 0.25 298.27 109.208 -20668.1 3336.74 -17331.3 55097.2 1.0354
119000 0.25 299.551 -300.838 -20566.1 3351.07 -17215 55414.4 1.02947
120000 0.25 301.171 -258.868 -20511.7 3369.19 -17142.5 55171.1 1.03402
121000 0.25 301.268 -43.0572 -20542 3370.28 -17171.8 54599.9 1.04483
122000 0.25 300.434 6.70397 -20536 3360.95 -17175 54757.6 1.04183
123000 0.25 300.512 -217.615 -20584.2 3361.83 -17222.4 55263.3 1.03229
124000 0.25 299.448 24.6606 -20614.2 3349.92 -17264.3 54958.6 1.03802
125000 0.25 300.684 442.859 -20606.6 3363.74 -17242.9 54614.9 1.04454
126000 0.25 298.953 150.756 -20603 3344.38 -17258.6 54966 1.03788
127000 0.25 302.51 -203.341 -20597.2 3384.17 -17213 55415.3 1.02945
128000 0.25 300.663 -58.0598 -20555.8 3363.51 -17192.3 54980.4 1.03761
129000 0.25 301.772 86.5637 -20565.6 3375.92 -17189.7 54941.8 1.03833
130000 0.25 299.388 18.2889 -20502 3349.24 -17152.8 54953 1.03812
131000 0.25 300.843 -224.571 -20567.6 3365.52 -17202.1 54770.9 1.04157
132000 0.25 299.928 82.3532 -20581.9 3355.28 -17226.7 54652.3 1.04383
133000 0.25 300.257 -83.1741 -20523 3358.97 -17164.1 54685.9 1.04318
134000 0.25 300.985 203.853 -20561.6 3367.12 -17194.5 54837.2 1.04032
135000 0.25 299.349 -293.111 -20538 3348.81 -17189.2 55239.9 1.03273
136000 0.25 299.976 338.072 -20540.4 3355.83 -17184.6 54546.5 1.04585
137000 0.25 299.904 22.932 -20545 3355.02 -17189.9 54995.1 1.03733
138000 0.25 301.02 -255.266 -20548.2 3367.51 -17180.6 55288.8 1.03181
139000 0.25 300.384 128.391 -20599.6 3360.39 -17239.2 54953.4 1.03811
140000 0.25 300.467 164.293 -20570 3361.32 -17208.7 55068.4 1.03594
141000 0.25 296.559 115.458 -20554.5 3317.6 -17236.9 55380.3 1.03011
142000 0.25 300.255 0.251179 -20592.7 3358.95 -17233.8 55347.9 1.03071
143000 0.25 300.816 206.632 -20661.1 3365.22 -17295.9 54955.2 1.03807
144000 0.25 299.674 -217.544 -20628.8 3352.45 -17276.4 55233.2 1.03285
145000 0.25 300.199 -202.414 -20580.6 3358.32 -17222.3 55274.5 1.03208
146000 0.25 297.782 115.792 -20545.4 3331.28 -17214.1 55006.4 1.03711
147000 0.25 300.325 17.3674 -20622.4 3359.73 -17262.7 54886.4 1.03937
148000 0.25 300.665 213.032 -20565.1 3363.53 -17201.6 54957.3 1.03803
149000 0.25 299.043 -160.059 -20556.3 3345.39 -17210.9 55313.9 1.03134
150000 0.25 297.986 93.4615 -20540.1 3333.56 -17206.5 54956 1.03807
151000 0.25 302.234 198.475 -20612.3 3381.09 -17231.3 54449.5 1.04772
152000 0.25 300.705 -102.487 -20556 3363.98 -17192.1 54500.9 1.04675
153000 0.25 299.726 -492.995 -20548.8 3353.03 -17195.8 55463.8 1.02856
154000 0.25 300.958 -228.539 -20591.9 3366.81 -17225 55329.7 1.03106
155000 0.25 299.896 89.8998 -20581.3 3354.93 -17226.3 54877.6 1.03954
156000 0.25 299.751 123.054 -20508.8 3353.3 -17155.5 55222.1 1.03307
157000 0.25 300.846 80.0343 -20536.9 3365.55 -17171.4 55309.4 1.03143
158000 0.25 298.58 -0.417199 -20524.6 3340.21 -17184.4 55003.6 1.03716
159000 0.25 301.089 -206.045 -20567.9 3368.27 -17199.6 55210.4 1.03327
160000 0.25 299.611 -65.5813 -20569.5 3351.74 -17217.8 55121.2 1.03495
161000 0.25 299.742 117.134 -20582.2 3353.21 -17228.9 54886.1 1.03938
162000 0.25 298.883 33.1779 -20590.6 3343.6 -17247 54940.7 1.03835
163000 0.25 299.275 81.0325 -20606.1 3347.98 -17258.1 54956.4 1.03805
164000 0.25 298.46 -161.53 -20576.4 3338.86 -17237.5 54961.1 1.03796
165000 0.25 298.703 21.802 -20645.6 3341.58 -17304 54654.3 1.04379
166000 0.25 298.649 241.463 -20557.7 3340.99 -17216.7 54826.4 1.04052
167000 0.25 297.198 -116.429 -20500.5 3324.75 -17175.8 55324.2 1.03115
168000 0.25 299.827 41.2367 -20563.6 3354.16 -17209.4 54938.7 1.0384
169000 0.25 301.8 87.497 -20664.4 3376.24 -17288.2 54509.3 1.04656
170000 0.25 301.559 15.873 -20555.2 3373.53 -17181.7 54853.2 1.04001
171000 0.25 300.606 -288.933 -20572.3 3362.88 -17209.4 55130.4 1.03477
172000 0.25 299.265 94.7617 -20536.5 3347.87 -17188.6 54888.2 1.03934
173000 0.25 300.078 -27.2198 -20542.5 3356.96 -17185.5 55230.6 1.03291
174000 0.25 299.125 -141.087 -20532.7 3346.3 -17186.4 55437.1 1.02905
175000 0.25 301.316 264.475 -20470.8 3370.81 -17100 54855.1 1.03997
176000 0.25 299.996 186.184 -20560.4 3356.05 -17204.3 54841 1.04024
177000 0.25 297.907 73.3618 -20606.1 3332.68 -17273.4 54998 1.03726
178000 0.25 299.282 119.917 -20636.1 3348.07 -17288 54884.4 1.03941
179000 0.25 299.586 213.507 -20604.2 3351.46 -17252.7 55011.4 1.03702
180000 0.25 300.118 -204.66 -20572.9 3357.42 -17215.4 55584.2 1.02633
181000 0.25 298.235 61.7968 -20572.7 3336.34 -17236.3 55091.2 1.03553
182000 0.25 299.113 107.674 -20583.2 3346.17 -17237 54614.9 1.04454
183000 0.25 301.117 273.047 -20551.4 3368.59 -17182.8 54567 1.04546
184000 0.25 300.614 -176.23 -20546.2 3362.96 -17183.3 55055.6 1.03618
185000 0.25 300.031 195.787 -20525.9 3356.44 -17169.5 55248.1 1.03257
186000 0.25 299.97 -244.758 -20568.3 3355.76 -17212.5 55008.5 1.03707
187000 0.25 300.788 72.6009 -20573.9 3364.91 -17208.9 54862.7 1.03982
188000 0.25 300.577 -233.4 -20485.9 3362.55 -17123.3 55235.8 1.0328
189000 0.25 299.075 6.86876 -20548.3 3345.74 -17202.5 55086.5 1.03561
190000 0.25 301.691 246.483 -20532.7 3375.02 -17157.7 54755.2 1.04186
191000 0.25 299.72 -55.8076 -20537.3 3352.96 -17184.4 54838.5 1.04028
192000 0.25 300.453 -322.675 -20493 3361.16 -17131.9 55147.2 1.03446
193000 0.25 299.94 90.3203 -20581.7 3355.43 -17226.3 54978.7 1.03763
194000 0.25 300.649 -193.581 -20543.5 3363.36 -17180.1 55031.4 1.03664
195000 0.25 299.522 416.308 -20603.4 3350.75 -17252.6 54695.8 1.043
196000 0.25 300.95 -535.599 -20600.6 3366.72 -17233.9 55364.3 1.03041
197000 0.25 301.339 -46.2167 -20564 3371.07 -17192.9 55080.7 1.03573
198000 0.25 299.31 390.753 -20589 3348.37 -17240.6 54521.9 1.04633
199000 0.25 298.622 -227.559 -20567.8 3340.67 -17227.2 55261.5 1.03232
200000 0.25 298.962 -185.791 -20518.8 3344.48 -17174.3 55056.3 1.03618
201000 0.25 298.282 -41.236 -20580.9 3336.88 -17244.1 54753.2 1.0419
202000 0.25 300.845 157.424 -20610 3365.55 -17244.5 54819.3 1.04065
203000 0.25 299.49 171.178 -20542.2 3350.39 -17191.8 55056.3 1.03617
204000 0.25 299.442 -132.839 -20570.3 3349.85 -17220.4 55277 1.03203
205000 0.25 301.238 -186.229 -20615.7 3369.95 -17245.8 55191 1.03364
206000 0.25 300.335 -1.37973 -20660.9 3359.84 -17301.1 54858.6 1.0399
207000 0.25 299.241 77.5523 -20602.1 3347.6 -17254.5 55043.5 1.03643
208000 0.25 300.061 -121.411 -20510.9 3356.78 -17154.1 55575.8 1.02649
209000 0.25 299.811 134.082 -20622.3 3353.98 -17268.4 55018.2 1.03689
210000 0.25 300.164 -163.041 -20555.9 3357.93 -17198 54927.6 1.03859
211000 0.25 297.453 -1.56091 -20591.1 3327.6 -17263.5 54711.7 1.04269
212000 0.25 300.366 135.659 -20606.6 3360.19 -17246.4 54836 1.04034
213000 0.25 299.482 -348.572 -20593.1 3350.3 -17242.8 55353.8 1.0306
214000 0.25 300.78 400.847 -20503.1 3364.82 -17138.3 54627.6 1.04431
215000 0.25 299.957 -51.0578 -20520.8 3355.61 -17165.2 54911.6 1.03891
216000 0.25 297.567 102.42 -20522.5 3328.88 -17193.6 55176 1.03392
217000 0.25 301.368 -16.109 -20548.6 3371.4 -17177.2 55535.8 1.02722
218000 0.25 299.925 30.945 -20512.9 3355.25 -17157.7 55708.2 1.02404
219000 0.25 300.277 270.494 -20570.9 3359.19 -17211.7 54894.4 1.03926
220000 0.25 299.198 403.305 -20552.2 3347.12 -17205.1 54634.1 1.04418
221000 0.25 301.185 -99.0741 -20569.9 3369.35 -17200.5 55201.9 1.03344
222000 0.25 300.659 15.2368 -20619.2 3363.47 -17255.7 55397.5 1.02979
223000 0.25 297.441 212.46 -20578.6 3327.47 -17251.2 55167.1 1.03409
224000 0.25 297.393 115.99 -20560.6 3326.93 -17233.7 55116.8 1.03503
225000 0.25 300.53 81.5994 -20592.2 3362.02 -17230.2 55102 1.03531
226000 0.25 299.696 42.4588 -20570.5 3352.7 -17217.8 55135.4 1.03468
227000 0.25 300.105 -28.155 -20577.4 3357.27 -17220.2 55193.9 1.03358
228000 0.25 299.996 101.901 -20596 3356.05 -17240 54659.2 1.0437
229000 0.25 300.18 -51.6696 -20588 3358.1 -17229.9 54737.1 1.04222
230000 0.25 298.256 -30.1564 -20558.9 3336.58 -17222.3 55134.3 1.0347
231000 0.25 300.622 91.5145 -20558.6 3363.05 -17195.6 54866.6 1.03975
232000 0.25 298.753 -29.947 -20559.6 3342.15 -17217.5 55004.3 1.03714
233000 0.25 300.996 189.967 -20611.6 3367.24 -17244.3 55038.9 1.03649
234000 0.25 300.401 -266.335 -20622.8 3360.58 -17262.2 55181.6 1.03381
235000 0.25 300.959 -42.4419 -20614 3366.83 -17247.2 54932.5 1.03851
236000 0.25 300.695 -190.235 -20536.2 3363.87 -17172.3 54889.1 1.03932
237000 0.25 300.91 83.4063 -20506.1 3366.27 -17139.9 55195.9 1.03356
238000 0.25 299.44 135.829 -20615.6 3349.82 -17265.8 55138.3 1.03463
239000 0.25 301.467 21.5868 -20637.1 3372.51 -17264.6 54931.8 1.03852
240000 0.25 301.16 -83.5577 -20549.3 3369.07 -17180.2 54720.9 1.04252
241000 0.25 299.719 -211.245 -20579.9 3352.95 -17227 55472.5 1.02841
242000 0.25 301.41 -187.126 -20562.1 3371.86 -17190.3 55434 1.02913
243000 0.25 299.716 230.323 -20555.4 3352.92 -17202.5 54661.8 1.04365
244000 0.25 298.901 64.5388 -20487.6 3343.8 -17143.8 54998.8 1.03726
245000 0.25 300.34 27.1193 -20508.2 3359.89 -17148.3 55104.7 1.03526
246000 0.25 298.726 102.91 -20530.5 3341.85 -17188.7 54883 1.03944
247000 0.25 302.339 -54.7256 -20481.9 3382.26 -17099.7 54838.5 1.04028
248000 0.25 298.644 -108.16 -20586.1 3340.92 -17245.2 55013.1 1.03698
249000 0.25 298.79 -87.3011 -20562.5 3342.56 -17219.9 55286.4 1.03185
250000 0.25 300.954 115.256 -20511.3 3366.77 -17144.6 54818.8 1.04067
251000 0.25 301.419 -98.4241 -20575.4 3371.97 -17203.4 54748.9 1.04198
252000 0.25 298.735 -168.88 -20486.1 3341.95 -17144.2 55202.7 1.03343
253000 0.25 299.98 -93.0425 -20564.7 3355.87 -17208.8 55055.5 1.03619
254000 0.25 301.012 294.492 -20558.1 3367.41 -17190.6 54398.7 1.0487
255000 0.25 300.82 44.157 -20547.8 3365.27 -17182.6 54831 1.04047
256000 0.25 302.113 -357.968 -20572.1 3379.73 -17192.3 55539.5 1.02716
257000 0.25 297.534 458.175 -20518.8 3328.5 -17190.3 54605 1.04475
258000 0.25 297.958 -188.353 -20552.2 3333.24 -17219 54624.3 1.04436
259000 0.25 298.39 118.582 -20603.6 3338.09 -17265.5 54559.3 1.04561
260000 0.25 300.656 -118.035 -20630.8 3363.43 -17267.3 54613.3 1.04457
261000 0.25 301.365 -103.387 -20568.4 3371.37 -17197 55031 1.03665
262000 0.25 297.946 -44.6714 -20618.1 3333.11 -17285 55244.5 1.03264
263000 0.25 299.334 257.838 -20553.9 3348.64 -17205.2 54995.7 1.03731
264000 0.25 299.131 -42.873 -20598.2 3346.37 -17251.8 55237.9 1.03277
265000 0.25 301.228 -319.286 -20562 3369.83 -17192.1 55362.9 1.03044
266000 0.25 302.078 300.163 -20589.5 3379.34 -17210.2 54724 1.04246
267000 0.25 300.755 -196.848 -20474 3364.54 -17109.5 55198 1.03352
268000 0.25 301.405 113.543 -20521.3 3371.82 -17149.5 54966.5 1.03787
269000 0.25 300.473 -18.2173 -20509.2 3361.39 -17147.8 54854.5 1.03998
270000 0.25 298.269 -159.498 -20598.7 3336.73 -17261.9 55280.9 1.03197
271000 0.25 298.254 -4.36445 -20582.2 3336.56 -17245.7 55307.2 1.03147
272000 0.25 302.424 -257.456 -20564.5 3383.21 -17181.3 54949.9 1.03818
273000 0.25 298.305 -119.542 -20618.7 3337.14 -17281.5 54536.6 1.04604
274000 0.25 299.274 -167.114 -20520.9 3347.98 -17173 54839 1.04028
275000 0.25 301.371 148.669 -20615.1 3371.43 -17243.7 54437.7 1.04796
276000 0.25 298.825 73.5499 -20543.9 3342.95 -17200.9 54452.3 1.04768
277000 0.25 300.612 -169.037 -20514.5 3362.94 -17151.6 55293.9 1.03173
278000 0.25 299.552 -32.8264 -20557.3 3351.09 -17206.2 55350.5 1.03067
279000 0.25 301.021 86.5872 -20588 3367.52 -17220.5 54991.3 1.03739
280000 0.25 300.888 -122.494 -20515.6 3366.03 -17149.5 54654.6 1.04378
281000 0.25 299.76 127.542 -20598.9 3353.41 -17245.5 54552.3 1.04574
282000 0.25 299.3 168.656 -20519.2 3348.26 -17171 54464.8 1.04742
283000 0.25 300.286 -53.0928 -20625.9 3359.29 -17266.6 54480.6 1.04712
284000 0.25 299.422 80.4995 -20609.5 3349.63 -17259.9 54661.1 1.04367
285000 0.25 301.197 -186.201 -20613.8 3369.49 -17244.3 55456.4 1.0287
286000 0.25 300.418 -61.7382 -20607.2 3360.77 -17246.4 55402.4 1.02969
287000 0.25 299.952 -105.979 -20557.3 3355.56 -17201.7 55447.9 1.02885
288000 0.25 300.168 236.235 -20586.1 3357.98 -17228.1 55208.3 1.03332
289000 0.25 300.424 195.861 -20612.3 3360.83 -17251.5 54850.5 1.04006
290000 0.25 300.224 1.74701 -20642.3 3358.6 -17283.7 54978.9 1.03763
291000 0.25 299.795 -5.36781 -20602.1 3353.81 -17248.3 55203.6 1.0334
292000 0.25 301.349 173.471 -20657.4 3371.19 -17286.2 54799.5 1.04102
293000 0.25 297.262 -417.039 -20515.6 3325.46 -17190.2 55238.6 1.03275
294000 0.25 299.44 128.598 -20589.3 3349.83 -17239.4 54937.1 1.03843
295000 0.25 302.173 251.885 -20581.5 3380.41 -17201.1 54412 1.04844
296000 0.25 300.448 18.2855 -20501.1 3361.11 -17140 54881 1.0395
297000 0.25 300.373 -271.832 -20469.6 3360.27 -17109.3 55356.3 1.03055
298000 0.25 299.954 88.1034 -20651.2 3355.58 -17295.6 55005.1 1.03713
299000 0.25 300.256 -57.03 -20580 3358.96 -17221.1 55236.5 1.03279
300000 0.25 300.08 64.9203 -20566.6 3356.99 -17209.6 55217.6 1.03314
301000 0.25 299.682 70.3956 -20599.2 3352.54 -17246.7 55159.3 1.03424
302000 0.25 301.524 32.8026 -20527.9 3373.15 -17154.8 55015.8 1.03695
303000 0.25 298.94 87.1528 -20638.5 3344.24 -17294.3 55110.6 1.03519
304000 0.25 299.018 26.5774 -20660.6 3345.11 -17315.5 55244 1.03266
305000 0.25 298.343 66.8346 -20627.6 3337.56 -17290 55065.1 1.03601
306000 0.25 298.886 -37.0581 -20571.4 3343.63 -17227.7 54782.5 1.04136
307000 0.25 300.191 38.8576 -20628.7 3358.23 -17270.5 54691.7 1.04309
308000 0.25 300.733 -101.825 -20602.4 3364.29 -17238.1 55029.4 1.03668
309000 0.25 302.288 33.03 -20604.6 3381.69 -17222.9 54832.4 1.04045
310000 0.25 301.982 46.4752 -20616.9 3378.26 -17238.7 54550.9 1.04577
311000 0.25 299.144 189.241 -20592 3346.52 -17245.5 54654.6 1.04378
312000 0.25 299.942 -100.144 -20560.4 3355.44 -17204.9 54670.8 1.0435
313000 0.25 301.384 -155.418 -20471.9 3371.58 -17100.3 55163.1 1.03418
314000 0.25 300.265 36.4609 -20542.9 3359.06 -17183.9 54751.3 1.04196
315000 0.25 299.906 314.365 -20490.3 3355.04 -17135.3 54914.1 1.03887
316000 0.25 301.947 99.3034 -20575.5 3377.87 -17197.7 54671.1 1.04348
317000 0.25 300.614 68.0888 -20618.6 3362.96 -17255.6 55251.7 1.03254
318000 0.25 299.601 118.254 -20658.1 3351.63 -17306.5 55044 1.03642
319000 0.25 300.991 -50.9221 -20704.6 3367.18 -17337.4 55166.5 1.0341
320000 0.25 298.955 -94.7369 -20633 3344.41 -17288.6 55274.4 1.0321
321000 0.25 299.06 198.269 -20572.6 3345.58 -17227.1 55030.6 1.03668
322000 0.25 298.544 -69.0979 -20603.4 3339.81 -17263.5 55107 1.03522
323000 0.25 298.823 -80.8569 -20590.5 3342.93 -17247.5 54607 1.04471
324000 0.25 298.348 76.035 -20567.5 3337.61 -17229.8 54451.7 1.04768
325000 0.25 301.11 -44.8755 -20582.8 3368.51 -17214.3 54761.3 1.04177
326000 0.25 299.474 96.4342 -20537.1 3350.21 -17186.8 55036.7 1.03658
327000 0.25 300.673 10.0679 -20524.2 3363.62 -17160.5 55319.4 1.03125
328000 0.25 299.856 -302.839 -20555.5 3354.48 -17201 55234.5 1.03283
329000 0.25 300.708 221.3 -20501.8 3364.02 -17137.8 55120.3 1.03498
330000 0.25 300.263 45.9054 -20518.1 3359.03 -17159.1 54816.8 1.0407
331000 0.25 299.939 72.8336 -20529.6 3355.41 -17174.2 54817.1 1.04071
332000 0.25 300.69 -134.133 -20566 3363.82 -17202.2 54595.4 1.04491
333000 0.25 299.117 -356.449 -20554.5 3346.21 -17208.3 54905.3 1.03903
334000 0.25 300.061 -179.601 -20577 3356.78 -17220.3 55018.6 1.03692
335000 0.25 301.524 -24.4925 -20609.9 3373.14 -17236.8 55228.7 1.03294
336000 0.25 301.2 -90.7115 -20602.9 3369.52 -17233.4 54950.7 1.03817
337000 0.25 297.614 123.357 -20576.6 3329.4 -17247.2 54915.1 1.03884
338000 0.25 298.863 -53.3862 -20630.6 3343.37 -17287.2 55078.1 1.03578
339000 0.25 301.616 -222.685 -20628.3 3374.17 -17254.1 55099 1.03537
340000 0.25 301.041 55.5432 -20594.7 3367.74 -17226.9 54994.3 1.03733
341000 0.25 298.065 202.663 -20540 3334.45 -17205.6 54607.5 1.04468
342000 0.25 300.529 191.777 -20599.5 3362.01 -17237.5 54529.4 1.04619
343000 0.25 299.452 53.432 -20546 3349.97 -17196 54985.8 1.0375
344000 0.25 301.347 165.493 -20584 3371.16 -17212.8 54636.7 1.04413
345000 0.25 299.827 -119.247 -20562.9 3354.16 -17208.8 54861.9 1.03984
346000 0.25 300.093 -10.2472 -20601.1 3357.14 -17244 55324.7 1.03115
347000 0.25 297.719 -67.5575 -20626.2 3330.57 -17295.6 55025.8 1.03674
348000 0.25 298.947 111.138 -20589.5 3344.31 -17245.2 54995 1.03733
349000 0.25 299.931 -65.5157 -20607.4 3355.32 -17252.1 55273.9 1.03215
350000 0.25 300.066 92.5173 -20530.2 3356.84 -17173.4 54902.5 1.03907
351000 0.25 299.666 -2.79352 -20513.9 3352.35 -17161.6 54828.9 1.04047
352000 0.25 298.937 -99.3128 -20520.2 3344.21 -17176 55068.4 1.03598
353000 0.25 299.941 115.015 -20616 3355.43 -17260.6 55143.7 1.03456
354000 0.25 300.789 -76.9761 -20647.8 3364.92 -17282.8 55513 1.02765
355000 0.25 300.645 -17.9455 -20613.7 3363.31 -17250.4 55004 1.03715
356000 0.25 300.285 30.4118 -20608.9 3359.28 -17249.7 54949.1 1.0382
357000 0.25 302.368 99.0352 -20574.1 3382.59 -17191.5 54920.6 1.03874
358000 0.25 298.612 11.8023 -20565 3340.57 -17224.4 55045.1 1.0364
359000 0.25 299.132 -0.361057 -20625.9 3346.38 -17279.5 54838.4 1.0403
360000 0.25 301.774 80.9771 -20605.4 3375.94 -17229.5 54728 1.04241
361000 0.25 299.184 -112.73 -20661.2 3346.96 -17314.2 55029.3 1.03669
362000 0.25 299.775 -143.085 -20543 3353.57 -17189.5 54672 1.04348
363000 0.25 302.425 127.799 -20565.3 3383.22 -17182.1 54713 1.04268
364000 0.25 297.595 -247.968 -20555.7 3329.19 -17226.5 54683.9 1.04324
365000 0.25 301.587 96.2233 -20495.8 3373.85 -17121.9 54876.2 1.03961
366000 0.25 298.982 -9.73911 -20586.2 3344.7 -17241.5 54986.3 1.0375
367000 0.25 301.037 63.2692 -20571.9 3367.69 -17204.2 54970.3 1.0378
368000 0.25 301.597 -52.3113 -20579.1 3373.96 -17205.1 54906.9 1.039
369000 0.25 300.69 -238.537 -20585.4 3363.81 -17221.6 55398.9 1.02976
370000 0.25 299.131 -92.5198 -20590.9 3346.37 -17244.5 55019.6 1.03688
371000 0.25 298.063 135.172 -20613.8 3334.43 -17279.3 54920 1.03874
372000 0.25 299.742 39.0358 -20590 3353.21 -17236.8 55166.9 1.03409
373000 0.25 298.429 46.0032 -20547.5 3338.52 -17209 54985.2 1.03751
374000 0.25 297.867 -212.971 -20572.9 3332.24 -17240.7 55403.3 1.02971
375000 0.25 301.069 171.445 -20565.7 3368.06 -17197.7 54828.1 1.04048
376000 0.25 299.741 39.5033 -20523.9 3353.2 -17170.7 54869.9 1.03973
377000 0.25 300.448 -2.35383 -20550 3361.1 -17188.9 55224.1 1.03304
378000 0.25 299.019 -90.5927 -20581.9 3345.12 -17236.8 54627.3 1.04433
379000 0.25 301.058 -313.711 -20615.1 3367.93 -17247.1 55101.3 1.03534
380000 0.25 298.055 220.042 -20623.1 3334.34 -17288.8 54816.3 1.04071
381000 0.25 299.737 230.096 -20554.8 3353.16 -17201.6 54643.6 1.04401
382000 0.25 300.109 -177.505 -20514.9 3357.31 -17157.6 55352.8 1.03063
383000 0.25 299.232 -17.8964 -20595.7 3347.5 -17248.2 55182.7 1.0338
384000 0.25 299.662 212.619 -20591.1 3352.31 -17238.8 55046.6 1.03636
385000 0.25 299.67 267.297 -20532.5 3352.41 -17180.1 54766.1 1.0417
386000 0.25 300.282 -67.5914 -20541.3 3359.25 -17182 54905.1 1.03902
387000 0.25 299.843 30.9562 -20587.2 3354.34 -17232.8 54952.5 1.03814
388000 0.25 300.109 30.1511 -20576.3 3357.31 -17218.9 55052.7 1.03625
389000 0.25 299.511 175.618 -20662.2 3350.62 -17311.6 54834.3 1.04037
390000 0.25 297.611 84.1249 -20543.2 3329.36 -17213.8 54979.8 1.03766
391000 0.25 302.142 -62.8301 -20540.2 3380.06 -17160.2 54803.7 1.04097
392000 0.25 299.864 -4.96006 -20612.4 3354.58 -17257.8 55063.3 1.03605
393000 0.25 300.836 202.991 -20595.7 3365.44 -17230.3 55074.1 1.03584
394000 0.25 300.668 -71.4913 -20618.7 3363.57 -17255.1 54978.5 1.03764
395000 0.25 298.426 -16.5847 -20629.9 3338.48 -17291.4 54964.7 1.03791
396000 0.25 300.682 78.6834 -20589.7 3363.72 -17225.9 54650.4 1.04387
397000 0.25 299.787 -150.267 -20541.3 3353.71 -17187.6 54518.1 1.0464
398000 0.25 301.063 -252.663 -20538.4 3367.99 -17170.4 54871.3 1.0397
399000 0.25 299.645 44.755 -20532.7 3352.12 -17180.6 55197.3 1.03354
400000 0.25 300.279 82.0835 -20595.3 3359.22 -17236.1 54964.6 1.03795
401000 0.25 301.209 276.837 -20618.4 3369.62 -17248.7 55040.8 1.03647
402000 0.25 300.477 -124.729 -20583.7 3361.43 -17222.2 55154.3 1.03433
403000 0.25 300.029 -95.8422 -20593.1 3356.42 -17236.7 54929.7 1.03856
404000 0.25 299.663 47.7056 -20563.8 3352.33 -17211.5 55122.4 1.03495
405000 0.25 301.264 107.945 -20567.8 3370.23 -17197.5 55200.5 1.0335
406000 0.25 301.366 166.522 -20545.3 3371.37 -17174 54790 1.04125
407000 0.25 299.569 93.4066 -20578.3 3351.27 -17227 54747.6 1.04205
408000 0.25 300.029 -1.23301 -20576.5 3356.42 -17220.1 54934 1.03849
409000 0.25 301.187 1.32045 -20528.3 3369.37 -17158.9 55101.3 1.03534
410000 0.25 299.374 -118.198 -20555.2 3349.09 -17206.1 55003.3 1.03718
411000 0.25 300.128 -280.087 -20592.2 3357.52 -17234.7 54811.8 1.0408
412000 0.25 302.281 60.6601 -20566.2 3381.61 -17184.6 55053.2 1.03623
413000 0.25 298.755 -13.0644 -20613.2 3342.16 -17271 55074 1.03585
414000 0.25 302.008 -151.594 -20592.9 3378.56 -17214.3 54867.9 1.03973
415000 0.25 298 42.8213 -20566.3 3333.72 -17232.6 55166 1.03412
416000 0.25 301.331 12.3937 -20602.6 3370.98 -17231.6 55268.2 1.0322
417000 0.25 300.742 67.7948 -20585.2 3364.4 -17220.8 54896.3 1.03923
418000 0.25 301.109 -150.852 -20637.5 3368.51 -17269 55239.9 1.03274
419000 0.25 298.883 171.808 -20583.8 3343.6 -17240.2 55356.1 1.03056
420000 0.25 298.67 142.703 -20562.6 3341.22 -17221.4 54850.5 1.04011
421000 0.25 300.392 -334.458 -20587.9 3360.48 -17227.4 55281.5 1.03197
422000 0.25 300.092 118.172 -20534.9 3357.13 -17177.8 55197.8 1.03352
423000 0.25 301.276 -127.616 -20479.1 3370.37 -17108.8 55658.4 1.02498
424000 0.25 301.32 150.718 -20526.8 3370.86 -17155.9 54966.5 1.03789
425000 0.25 301.142 -159.405 -20604.9 3368.87 -17236.1 54940.7 1.03837
426000 0.25 301.707 -70.5021 -20592 3375.19 -17216.8 55026.1 1.03675
427000 0.25 299.068 150.567 -20609.4 3345.67 -17263.7 54723.4 1.04249
428000 0.25 300.524 31.8773 -20597.8 3361.96 -17235.8 55073 1.03585
429000 0.25 300.513 -75.5258 -20540.5 3361.83 -17178.7 55071 1.03589
430000 0.25 299.046 183.916 -20577.9 3345.42 -17232.5 55040.1 1.03648
431000 0.25 300.593 -84.888 -20570.1 3362.73 -17207.4 55191.5 1.03366
432000 0.25 298.145 -33.8247 -20600.9 3335.34 -17265.6 55153.6 1.03442
433000 0.25 298.021 -23.1929 -20606 3333.96 -17272.1 55297.4 1.03168
434000 0.25 301.298 -62.3255 -20601.1 3370.62 -17230.5 55066.1 1.03598
435000 0.25 299.756 65.2348 -20609.7 3353.37 -17256.4 54682 1.04326
436000 0.25 299.979 -125.542 -20518.2 3355.86 -17162.3 55072.6 1.03587
437000 0.25 299.564 31.2954 -20619.3 3351.22 -17268.1 55274.7 1.03209
438000 0.25 299.643 102.537 -20591.2 3352.1 -17239.1 54907.8 1.039
439000 0.25 300.533 44.5864 -20545.1 3362.05 -17183.1 54893.5 1.03925
440000 0.25 300.841 -230.352 -20512.9 3365.51 -17147.4 55020.2 1.03687
441000 0.25 300.025 32.3134 -20523.3 3356.37 -17167 54748.2 1.04201
442000 0.25 299.525 28.5051 -20560 3350.78 -17209.2 54454.1 1.04764
443000 0.25 300.681 75.1369 -20577.8 3363.71 -17214.1 54394.9 1.04878
444000 0.25 300.125 -61.4765 -20632.4 3357.49 -17274.9 55153.1 1.03439
445000 0.25 300.866 -87.9884 -20576.6 3365.78 -17210.8 54856.3 1.03996
446000 0.25 300.485 -216.289 -20570.6 3361.52 -17209 54813.7 1.04075
447000 0.25 299.742 -91.2651 -20558.7 3353.21 -17205.5 54861.2 1.03987
448000 0.25 298.417 152.543 -20536.6 3338.39 -17198.2 55063.2 1.03604
449000 0.25 302.871 -250.059 -20544.1 3388.21 -17155.9 54949.8 1.03818
450000 0.25 300.463 -13.9746 -20576.2 3361.27 -17215 54962.3 1.03795
451000 0.25 299.432 3.24012 -20565.8 3349.74 -17216.1 54826.2 1.04052
452000 0.25 302.304 -46.1571 -20526.8 3381.87 -17144.9 55110.3 1.03519
453000 0.25 299.81 90.2984 -20591 3353.97 -17237 54586.2 1.0451
454000 0.25 300.424 5.55161 -20677.1 3360.84 -17316.3 55070.8 1.0359
455000 0.25 300.345 137.698 -20582.1 3359.95 -17222.2 55347 1.03073
456000 0.25 299.396 143.709 -20516.3 3349.34 -17167 55190.3 1.03368
457000 0.25 300.876 -96.9943 -20509.4 3365.89 -17143.5 54894.8 1.03923
458000 0.25 299.49 -103.14 -20541.6 3350.38 -17191.2 54828 1.04048
459000 0.25 298.966 -29.6805 -20555.7 3344.53 -17211.2 54877 1.03957
460000 0.25 300.787 187.944 -20577.2 3364.9 -17212.3 54665.8 1.04362
461000 0.25 298.271 -150.152 -20562.5 3336.75 -17225.7 55359 1.03051
462000 0.25 301.678 117.061 -20514.3 3374.87 -17139.5 54831.2 1.04043
463000 0.25 298.585 -20.9889 -20529.5 3340.26 -17189.2 55037.7 1.03652
464000 0.25 301.661 -119.169 -20624.7 3374.68 -17250 55134 1.03476
465000 0.25 301.662 120.994 -20543.9 3374.68 -17169.2 55035.4 1.03658
466000 0.25 300.447 -36.3908 -20541.1 3361.09 -17180 55091.6 1.0355
467000 0.25 300.355 293.699 -20514 3360.06 -17153.9 54957.5 1.03803
468000 0.25 299.069 114.596 -20554 3345.68 -17208.3 55204 1.03345
469000 0.25 301.123 -101.311 -20553.5 3368.65 -17184.9 55371.3 1.03028
470000 0.25 299.894 -72.1471 -20543.6 3354.91 -17188.7 54907.8 1.03898
471000 0.25 300.426 54.533 -20566.9 3360.86 -17206 54646.5 1.04396
472000 0.25 300.718 69.9748 -20640.4 3364.12 -17276.3 55115.8 1.03506
473000 0.25 300.405 -108.756 -20604.2 3360.63 -17243.6 55428 1.02923
474000 0.25 298.534 153.097 -20662.3 3339.69 -17322.6 54841.8 1.04024
475000 0.25 299.375 -57.7048 -20581.4 3349.1 -17232.3 55247.7 1.03258
476000 0.25 301.678 60.5385 -20599.2 3374.87 -17224.3 55231.9 1.0329
477000 0.25 301.343 -138.418 -20610.2 3371.12 -17239.1 54989.4 1.03743
478000 0.25 301.184 154.292 -20600.7 3369.34 -17231.4 54747 1.04202
479000 0.25 299.255 -18.5284 -20522 3347.76 -17174.3 54816.3 1.04072
480000 0.25 299.438 38.0701 -20576.4 3349.81 -17226.6 54662.9 1.04364
481000 0.25 301.839 143.725 -20576.2 3376.67 -17199.6 54905.7 1.03901
482000 0.25 299.593 -78.3869 -20561.9 3351.55 -17210.4 54989 1.03745
483000 0.25 297.971 277.539 -20625.4 3333.4 -17292 54534.6 1.04611
484000 0.25 300.281 166.865 -20625.2 3359.23 -17266 55252.1 1.0325
485000 0.25 299.314 16.4522 -20653.8 3348.42 -17305.4 54748.8 1.04201
486000 0.25 299.266 81.371 -20556.6 3347.89 -17208.7 54783.8 1.04133
487000 0.25 300.946 -98.5815 -20578.8 3366.68 -17212.1 54782.7 1.04138
488000 0.25 299.699 -53.1909 -20553.5 3352.72 -17200.8 55017.2 1.03692
489000 0.25 299.898 -97.5847 -20533.6 3354.95 -17178.7 55153.8 1.03434
490000 0.25 299.677 99.0295 -20512.9 3352.48 -17160.4 55189.1 1.03368
491000 0.25 300.246 39.306 -20603.8 3358.85 -17245 54987.7 1.03746
492000 0.25 300.45 -18.787 -20607.7 3361.13 -17246.6 55468.8 1.02846
493000 0.25 300.871 -192.286 -20580.1 3365.84 -17214.2 54735.6 1.04231
494000 0.25 298.56 1.34611 -20543.5 3339.99 -17203.5 55130.9 1.03478
495000 0.25 300.679 26.9812 -20520.3 3363.69 -17156.7 55264.3 1.03227
496000 0.25 300.411 52.6937 -20567.3 3360.69 -17206.6 55127.3 1.03484
497000 0.25 299.964 105.132 -20567.2 3355.69 -17211.5 55036.1 1.03661
498000 0.25 299.727 27.0049 -20608.9 3353.04 -17255.9 55028 1.03672
499000 0.25 300.139 48.6089 -20642.3 3357.65 -17284.6 55160.7 1.03423
500000 0.25 299.169 249.41 -20619.9 3346.79 -17273.1 54868.9 1.03971
501000 0.25 298.968 -15.2659 -20620.8 3344.55 -17276.3 55113 1.0351
502000 0.25 299.415 77.1355 -20638.2 3349.55 -17288.7 55197.3 1.03356
503000 0.25 299.946 128.997 -20591.2 3355.49 -17235.7 55242.5 1.03269
504000 0.25 301.023 109.24 -20547.6 3367.54 -17180.1 55098.3 1.03538
505000 0.25 298.502 -0.0211803 -20516.2 3339.34 -17176.9 54804.7 1.04096
506000 0.25 298.952 -57.5916 -20561.4 3344.36 -17217 54959.9 1.03799
507000 0.25 298.345 -241.309 -20554.2 3337.58 -17216.6 55061.8 1.03607
508000 0.25 300.233 14.3639 -20551.6 3358.7 -17192.9 55422.3 1.02936
509000 0.25 299.165 -44.8562 -20564.6 3346.75 -17217.9 55531.2 1.02734
510000 0.25 301.388 137.02 -20570.5 3371.62 -17198.9 55273.7 1.03209
511000 0.25 299.784 276.54 -20569.6 3353.67 -17215.9 54906.9 1.03899
512000 0.25 299.363 5.5949 -20560.1 3348.97 -17211.1 55152.8 1.03435
513000 0.25 300.937 180.374 -20602.6 3366.58 -17236.1 54817.5 1.04069
514000 0.25 297.759 136.459 -20545.2 3331.02 -17214.2 54750.9 1.04196
515000 0.25 299.085 16.4836 -20594.7 3345.86 -17248.8 54841.7 1.04022
516000 0.25 298.543 9.52548 -20641.3 3339.79 -17301.5 54878.6 1.03953
517000 0.25 300.962 -20.7729 -20647.1 3366.86 -17280.2 54937.6 1.03841
518000 0.25 300.266 -130.008 -20612.3 3359.06 -17253.2 55203.8 1.03343
519000 0.25 300.31 115.253 -20622.5 3359.56 -17262.9 54600.5 1.04483
520000 0.25 299.569 131.819 -20633.8 3351.27 -17282.6 54950.2 1.03818
521000 0.25 299.547 77.1042 -20531.7 3351.03 -17180.6 54706.3 1.04281
522000 0.25 298.852 235.77 -20605.8 3343.25 -17262.6 54628.9 1.04428
523000 0.25 299.551 -130.385 -20623.9 3351.07 -17272.8 54822.3 1.04059
524000 0.25 299.74 -57.9532 -20548.1 3353.18 -17195 55077.5 1.03577
525000 0.25 300.082 -15.8024 -20582.6 3357.01 -17225.6 54968.5 1.03784
526000 0.25 299.334 -97.8983 -20577.5 3348.64 -17228.9 55289.6 1.03185
527000 0.25 299.874 -190.506 -20606.6 3354.69 -17251.9 54788 1.04128
528000 0.25 301.16 -3.64045 -20580.4 3369.07 -17211.3 54586.5 1.0451
529000 0.25 301.097 17.0683 -20550.7 3368.37 -17182.3 54690.2 1.04312
530000 0.25 300.512 -107.519 -20547.2 3361.82 -17185.3 55068.4 1.03594
531000 0.25 299.924 100.471 -20538.2 3355.25 -17183 55269.8 1.03217
532000 0.25 299.95 -36.6705 -20609 3355.53 -17253.5 55203.2 1.03341
533000 0.25 299.836 -5.22179 -20601 3354.26 -17246.8 55291 1.03178
534000 0.25 300.428 -121.258 -20560.1 3360.88 -17199.3 55024.4 1.03678
535000 0.25 299.099 72.8882 -20525.6 3346.01 -17179.6 54931.7 1.03855
536000 0.25 301.081 2.86891 -20532.3 3368.19 -17164.1 54898.2 1.03916
537000 0.25 301.225 133.028 -20618.6 3369.8 -17248.8 55023.7 1.03678
538000 0.25 299.892 -59.6236 -20620.8 3354.88 -17265.9 55004.1 1.03716
539000 0.25 299.391 25.3824 -20537.7 3349.28 -17188.4 54941.7 1.03835
540000 0.25 299.072 360.375 -20515.4 3345.72 -17169.7 54819.2 1.04066
541000 0.25 300.951 -33.6467 -20577.6 3366.73 -17210.9 54716.2 1.04261
542000 0.25 300 -171.54 -20500.4 3356.1 -17144.3 55038.8 1.03651
543000 0.25 299.303 133.436 -20495.3 3348.3 -17146.9 54741.2 1.04214
544000 0.25 300.135 -154.277 -20613.3 3357.61 -17255.7 55382.1 1.03015
545000 0.25 302.132 -36.0069 -20542.6 3379.94 -17162.7 55419.7 1.02938
546000 0.25 299.754 -154.44 -20604.9 3353.34 -17251.6 55146.1 1.03448
547000 0.25 300.495 22.9531 -20617.9 3361.63 -17256.3 55059.9 1.0361
548000 0.25 301.059 -116.017 -20572.1 3367.94 -17204.2 55175.4 1.03393
549000 0.25 300.721 -104.404 -20594.2 3364.16 -17230.1 54921.5 1.03872
550000 0.25 302.808 -290.966 -20645.1 3387.5 -17257.6 55296.5 1.03171
551000 0.25 298.85 41.9712 -20604 3343.23 -17260.7 55082.2 1.03572
552000 0.25 300.444 79.6217 -20565.7 3361.07 -17204.7 54909.4 1.03897
553000 0.25 299.127 213.002 -20526.4 3346.33 -17180 54813.4 1.04081
554000 0.25 300.869 142.765 -20604.1 3365.81 -17238.2 54714.6 1.04264
555000 0.25 300.239 174.161 -20580.1 3358.76 -17221.4 55184.4 1.03377
556000 0.25 298.296 -59.3458 -20616.2 3337.03 -17279.1 54982 1.03757
557000 0.25 299.819 -114.591 -20547.7 3354.07 -17193.6 55094.5 1.03545
558000 0.25 299.489 90.3231 -20538.4 3350.38 -17188 55043.7 1.03641
559000 0.25 300.032 186.987 -20537.4 3356.45 -17180.9 55124 1.0349
560000 0.25 298.336 -200.079 -20549.4 3337.48 -17211.9 55065.6 1.036
561000 0.25 298.897 -56.5452 -20568.9 3343.75 -17225.1 54994.4 1.03734
562000 0.25 301.054 -72.9533 -20670.4 3367.89 -17302.6 55190.2 1.03366
563000 0.25 299.567 85.6157 -20556.1 3351.25 -17204.8 55093.5 1.03549
564000 0.25 299.728 -208.234 -20555.2 3353.06 -17202.1 55292.7 1.03175
565000 0.25 300.844 -75.3566 -20500.6 3365.54 -17135.1 55087.9 1.03562
566000 0.25 300.084 -2.66544 -20594.6 3357.03 -17237.6 55130.1 1.03481
567000 0.25 298.696 68.2114 -20581.3 3341.51 -17239.8 55112.5 1.03511
568000 0.25 300.866 -13.1533 -20621.2 3365.78 -17255.4 55055.7 1.0362
569000 0.25 300.029 -45.4751 -20589.9 3356.41 -17233.5 55181.5 1.03383
570000 0.25 298.55 -65.5503 -20641.4 3339.87 -17301.5 54866.1 1.03977
571000 0.25 298.645 -45.3454 -20627.4 3340.94 -17286.4 54921 1.03873
572000 0.25 298.164 79.8189 -20566.1 3335.56 -17230.5 54904.2 1.03905
573000 0.25 300.465 -53.0164 -20548.6 3361.3 -17187.3 55215.1 1.0332
574000 0.25 299.25 44.195 -20543.1 3347.71 -17195.4 54870.5 1.03968
575000 0.25 301.881 -186.723 -20661.8 3377.14 -17284.6 55131.3 1.0348
576000 0.25 299.46 148.031 -20629.9 3350.05 -17279.8 55293.2 1.03173
577000 0.25 297.928 -16.7488 -20662 3332.92 -17329.1 55236.4 1.03279
578000 0.25 299.188 264.457 -20633.9 3347.01 -17286.8 55125.6 1.03487
579000 0.25 299.523 -100.627 -20614.2 3350.76 -17263.4 55348.8 1.03069
580000 0.25 299.91 268.96 -20593.4 3355.09 -17238.3 55018.7 1.0369
581000 0.25 301.303 -40.8128 -20530.7 3370.67 -17160 55211.9 1.03327
582000 0.25 300.728 -150.783 -20569.7 3364.24 -17205.5 55152.2 1.03437
583000 0.25 298.192 63.665 -20590.2 3335.87 -17254.4 54927.7 1.0386
584000 0.25 300.442 140.515 -20548.1 3361.03 -17187.1 54939.1 1.03838
585000 0.25 299.767 -111.606 -20583.9 3353.49 -17230.4 55028.5 1.0367
586000 0.25 300.619 -82.3745 -20571.3 3363.01 -17208.3 54967.1 1.03785
587000 0.25 300.998 -145.478 -20537.6 3367.26 -17170.4 55032.7 1.03663
588000 0.25 300.527 75.9521 -20583.3 3361.99 -17221.3 54952 1.03813
589000 0.25 301.412 -60.1864 -20553.6 3371.89 -17181.7 55063.5 1.03604
590000 0.25 301.188 -105.051 -20510.7 3369.39 -17141.3 55138 1.03468
591000 0.25 301.545 11.9504 -20512.3 3373.38 -17138.9 54819 1.04067
592000 0.25 298.93 -118.235 -20576.9 3344.13 -17232.8 54639.4 1.04407
593000 0.25 302.507 134.804 -20575.9 3384.14 -17191.8 54810.2 1.04082
594000 0.25 300.662 -68.4409 -20534.6 3363.49 -17171.1 54883.1 1.03944
595000 0.25 301.887 112.867 -20597.8 3377.2 -17220.6 54941.5 1.03834
596000 0.25 301.027 -273.77 -20608.4 3367.59 -17240.8 54977.9 1.03767
597000 0.25 298.497 101.123 -20634.9 3339.28 -17295.6 55091.1 1.03554
598000 0.25 301.265 -32.1241 -20645.6 3370.24 -17275.4 55015.6 1.03693
599000 0.25 302.138 95.8777 -20600.1 3380.01 -17220.1 55214.8 1.03319
600000 0.25 299.627 -72.1907 -20584.9 3351.93 -17232.9 54735.3 1.04227
