# Time-averaged data for fix msd_avg
# TimeStep c_msd_water[1] c_msd_water[2] c_msd_water[3] c_msd_water[4]
601000 0.65039 0.659529 0.63201 1.94193
602000 1.40194 1.42577 1.34013 4.16784
603000 2.05776 2.22755 2.22308 6.5084
604000 2.61815 3.04769 3.1531 8.81894
605000 3.19988 3.49934 3.97568 10.6749
606000 3.88071 4.41559 4.6218 12.9181
607000 4.63585 5.25936 5.20625 15.1015
608000 5.26813 5.89583 6.3029 17.4669
609000 6.06459 6.44488 7.47431 19.9838
610000 6.76577 7.60051 8.67333 23.0396
611000 7.40659 8.72152 9.82264 25.9508
612000 8.13379 9.69944 10.9177 28.751
613000 8.92938 10.4774 11.6628 31.0696
614000 9.9464 10.707 12.7466 33.3999
615000 10.8644 11.1941 13.3922 35.4506
616000 11.4469 11.893 14.0777 37.4176
617000 11.9274 12.7432 14.942 39.6127
618000 12.8227 13.7952 15.6011 42.219
619000 13.4499 14.9442 16.3104 44.7045
620000 14.0184 16.1705 17.3056 47.4945
621000 14.3297 16.9299 17.7121 48.9717
622000 15.0771 17.6585 18.5192 51.2549
623000 15.8613 18.7178 19.5729 54.152
624000 16.4817 19.4947 20.5991 56.5755
625000 17.5914 20.1857 22.204 59.9812
626000 18.2786 21.0707 23.324 62.6733
627000 19.0303 22.132 24.3781 65.5403
628000 19.4701 22.6076 25.3436 67.4213
629000 20.1799 23.4654 26.4983 70.1436
630000 21.3934 24.5632 27.214 73.1707
631000 21.7739 25.8309 28.623 76.2279
632000 22.5521 26.4444 29.9477 78.9443
633000 23.6009 26.3923 30.7258 80.7189
634000 24.1016 26.7615 31.4468 82.31
635000 24.7227 27.681 31.9244 84.3281
636000 25.7089 29.0257 33.0798 87.8145
637000 27.1869 30.527 34.7922 92.5061
638000 27.9491 31.5995 35.9023 95.4509
639000 28.5823 32.5386 36.8845 98.0055
640000 29.0059 33.3019 37.1985 99.5064
641000 29.9338 34.3314 37.437 101.702
642000 30.4843 35.244 37.8961 103.624
643000 31.1288 36.2199 38.8933 106.242
644000 32.0874 36.8312 39.8669 108.786
645000 33.0233 37.3371 40.8936 111.254
646000 34.2497 38.6925 42.3936 115.336
647000 34.951 39.4791 42.6861 117.116
648000 34.9399 39.8566 43.5393 118.336
649000 35.521 40.3129 44.2883 120.122
650000 36.5838 40.7496 44.9637 122.297
651000 37.4724 41.5378 45.2906 124.301
652000 38.0146 42.8802 45.9791 126.874
653000 38.8321 43.694 46.3657 128.892
654000 39.3591 43.8231 46.3099 129.492
655000 39.6697 43.8519 46.8692 130.391
656000 40.3541 44.3303 48.0853 132.77
657000 41.2036 44.753 48.535 134.492
658000 42.0434 45.2864 49.5403 136.87
659000 42.5757 45.9763 49.8804 138.432
660000 43.6742 46.9501 51.4173 142.042
661000 45.0518 48.3248 51.9539 145.331
662000 45.7575 49.2214 51.9294 146.908
663000 46.9991 50.6642 52.9259 150.589
664000 47.5973 50.7344 53.5524 151.884
665000 49.032 50.6741 54.4868 154.193
666000 50.0644 51.2042 55.4849 156.753
667000 51.1575 52.2 55.9694 159.327
668000 51.5342 52.6726 56.2161 160.423
669000 51.7049 53.2556 58.0224 162.983
670000 52.1839 54.039 58.4011 164.624
671000 52.5538 55.3731 58.4571 166.384
672000 53.4378 57.0409 59.0946 169.573
673000 54.4175 57.479 59.8452 171.742
674000 55.4519 58.756 60.5427 174.751
675000 55.9761 59.8111 61.3562 177.143
676000 56.5386 60.7435 62.1778 179.46
677000 56.7784 61.4696 62.6129 180.861
678000 57.5847 62.4972 63.7241 183.806
679000 58.8524 63.0612 65.1396 187.053
680000 59.8228 63.7487 65.2865 188.858
681000 61.0331 64.9683 66.3008 192.302
682000 61.2351 65.1338 66.4631 192.832
683000 62.1709 65.8824 67.4344 195.488
684000 63.0017 66.3493 68.471 197.822
685000 63.2292 66.5051 68.7891 198.523
686000 63.6536 67.4006 69.3347 200.389
687000 64.6564 68.4879 70.3377 203.482
688000 65.5922 68.8584 70.636 205.087
689000 66.7838 70.212 72.0352 209.031
690000 67.0986 71.3451 72.7504 211.194
691000 68.1323 73.1423 73.7293 215.004
692000 69.3287 73.0175 74.1924 216.539
693000 69.4575 73.1349 74.9444 217.537
694000 69.6105 73.8804 75.384 218.875
695000 70.9994 74.3685 76.2493 221.617
696000 71.9782 75.4455 76.3771 223.801
697000 72.076 76.4291 76.5581 225.063
698000 73.6453 77.1998 78.0251 228.87
699000 74.2899 78.1953 78.5136 230.999
700000 75.5116 78.4418 78.9643 232.918
701000 76.0987 79.4471 80.024 235.57
702000 76.9018 80.4881 80.6504 238.04
703000 77.3665 80.8383 80.9925 239.197
704000 77.8969 81.7444 81.8738 241.515
705000 78.7338 82.9067 83.1176 244.758
706000 80.4307 84.0349 83.5539 248.019
707000 81.579 84.4134 84.5644 250.557
708000 81.7833 84.7881 85.7215 252.293
709000 81.968 85.5796 86.5564 254.104
710000 83.38 86.074 87.4209 256.875
711000 84.2401 86.7403 88.6523 259.633
712000 85.152 87.6005 89.3726 262.125
713000 86.4024 88.6401 90.4148 265.457
714000 86.4202 89.6551 91.3233 267.399
715000 86.3006 90.2854 91.4928 268.079
716000 87.4466 91.0759 92.6413 271.164
717000 88.868 91.6869 93.7853 274.34
718000 90.4166 92.4293 94.648 277.494
719000 90.8087 92.3062 94.3578 277.473
720000 91.676 93.123 94.8216 279.621
721000 91.4461 93.6857 95.3666 280.498
722000 92.2578 93.8329 95.9913 282.082
723000 92.649 94.6875 96.5676 283.904
724000 93.0094 95.6152 97.0914 285.716
725000 94.6501 96.4598 98.8356 289.945
726000 95.311 97.7502 100.372 293.433
727000 96.4726 98.1504 101.157 295.78
728000 96.4636 99.5296 102.007 298
729000 97.5968 101.434 102.744 301.775
730000 98.1599 101.803 103.187 303.15
731000 99.3353 102.775 104.068 306.178
732000 98.9346 103.578 104.56 307.073
733000 99.0267 105.246 105.719 309.992
734000 100.003 105.451 107.6 313.054
735000 101.33 106.074 108.368 315.773
736000 102.386 106.087 108.988 317.461
737000 103.357 105.749 110.302 319.409
738000 104.181 105.712 111.085 320.978
739000 105.177 106.366 112.7 324.242
740000 105.889 106.299 112.893 325.081
741000 106.459 106.515 113.599 326.573
742000 106.527 107.684 114.368 328.579
743000 106.965 108.375 115.807 331.147
744000 107.201 109.401 115.979 332.581
745000 107.371 110.315 116.999 334.685
746000 109.139 111.167 118.06 338.366
747000 109.587 112.35 117.735 339.671
748000 109.646 112.731 117.86 340.237
749000 109.589 113.59 118.589 341.768
750000 110.435 113.873 119.542 343.849
751000 111.921 114.052 120.73 346.703
752000 113.057 114.863 122.441 350.361
753000 114.307 116.565 123.266 354.138
754000 115.29 116.136 123.127 354.553
755000 116.686 117.277 122.905 356.868
756000 118.276 118.227 123.856 360.359
757000 119.12 119.492 124.661 363.273
758000 119.57 120.665 125.194 365.428
759000 119.993 121.563 125.345 366.9
760000 120.524 122.998 125.228 368.749
761000 121.949 125.139 126.602 373.691
762000 123.127 126.175 127.233 376.536
763000 123.236 126.222 126.798 376.256
764000 124.168 127.225 127.62 379.013
765000 124.372 127.762 127.646 379.779
766000 125.431 128.842 128.299 382.573
767000 126.949 130.372 130.389 387.709
768000 127.645 130.533 130.531 388.709
769000 127.737 131.005 131.422 390.164
770000 129.273 132.672 132.226 394.171
771000 130.071 134.474 132.984 397.529
772000 130.805 136.161 133.632 400.599
773000 131.884 136.757 135.631 404.272
774000 132.124 136.791 137.136 406.051
775000 132.811 137.431 137.523 407.765
776000 134.703 137.279 138.519 410.501
777000 135.703 138.494 139.496 413.694
778000 136.84 140.018 141.161 418.018
779000 136.649 141.222 141.886 419.758
780000 135.7 141.217 142.085 419.001
781000 136.837 142.171 142.052 421.059
782000 137.763 143.951 143.574 425.289
783000 138.808 145.363 145.18 429.351
784000 138.241 145.607 145.278 429.127
785000 138.479 147.496 146.53 432.505
786000 140.306 147.9 147.369 435.575
787000 141.148 146.543 148.191 435.882
788000 142.164 147.542 148.794 438.5
789000 142.361 147.626 148.986 438.973
790000 143.246 148.546 149.801 441.594
791000 143.801 150.261 150.494 444.556
792000 144.082 150.214 150.913 445.21
793000 146.095 151.725 152.72 450.54
794000 145.815 152.04 153.853 451.708
795000 145.143 152.229 154.295 451.667
796000 144.967 152.504 154.185 451.656
797000 145.755 153.826 155.015 454.596
798000 147.24 155.62 156.32 459.179
799000 147.792 156.784 157.617 462.194
800000 147.626 156.437 158.533 462.596
801000 149.783 157.285 160.071 467.139
802000 151.231 158.192 160.509 469.932
803000 149.506 158.109 160.601 468.216
804000 150.984 157.886 160.699 469.569
805000 153.711 158.785 162.217 474.714
806000 154.706 159.492 163.132 477.33
807000 154.806 160.358 164.425 479.59
808000 154.714 160.757 164.73 480.201
809000 155.403 161.184 165.4 481.987
810000 156.479 162.058 165.763 484.3
811000 156.756 162.163 166.998 485.917
812000 158.497 164.204 169.744 492.445
813000 159.616 166.654 170.199 496.469
814000 160.808 167.4 170.963 499.171
815000 160.717 167.776 171.885 500.379
816000 161.452 168.2 172.526 502.178
817000 162.073 168.993 173.368 504.434
818000 164.429 169.239 175.417 509.085
819000 166.246 171.396 177.273 514.915
820000 166.583 170.317 176.024 512.924
821000 166.516 171.57 176.464 514.549
822000 167.305 172.164 176.606 516.075
823000 169.346 173.935 179.267 522.548
824000 169.62 174.094 180.027 523.741
825000 171.468 175.218 180.709 527.395
826000 171.59 176.057 181.145 528.793
827000 172.689 176.998 182.144 531.831
828000 173.1 177.677 182.845 533.622
829000 175.346 180.068 184.798 540.212
830000 174.676 180.016 184.658 539.349
831000 175.183 179.186 186.118 540.488
832000 175.697 180.271 188.095 544.063
833000 177.839 182.661 189.363 549.863
834000 177.968 183.492 188.335 549.796
835000 178.273 184.749 189.505 552.526
836000 179.29 185.963 190.743 555.996
837000 180.067 188.405 192.388 560.859
838000 179.48 189.13 192.807 561.417
839000 179.613 188.662 193.382 561.657
840000 180.875 189.725 192.692 563.291
841000 183.371 190.211 193.239 566.82
842000 183.469 190.85 194.743 569.063
843000 185.103 191.842 194.502 571.447
844000 188.702 193.352 196.825 578.879
845000 187.624 193.466 197.385 578.476
846000 188.048 194.577 198.021 580.646
847000 188.904 195.646 199.834 584.384
848000 189.354 196.702 199.905 585.961
849000 191.05 197.513 201.666 590.229
850000 192.338 197.841 201.349 591.528
851000 195.015 200.292 202.629 597.936
852000 196.213 201.799 203.551 601.563
853000 196.819 201.911 205.094 603.824
854000 196.491 202.452 206.034 604.977
855000 198.218 202.99 206.79 607.998
856000 199.854 204.695 208.072 612.621
857000 202.655 206.077 208.507 617.239
858000 204.047 206.292 207.781 618.121
859000 205.084 207.492 207.709 620.285
860000 204.398 208.282 208.461 621.141
861000 204.694 209.163 209.417 623.275
862000 204.123 209.127 209.728 622.977
863000 204.508 210.048 212.365 626.921
864000 203.868 210.767 211.867 626.502
865000 206.335 211.794 214.032 632.162
866000 208.409 213.305 216.14 637.853
867000 208.723 212.739 216.227 637.689
868000 209.87 213.789 217.376 641.035
869000 209.948 213.157 217.434 640.539
870000 210.753 213.888 217.782 642.423
871000 212.454 215.321 218.133 645.908
872000 214.181 216.903 219.312 650.396
873000 214.934 218.064 221.281 654.28
874000 215.741 218.114 222.96 656.815
875000 217.075 219.053 224.471 660.599
876000 218.397 220.612 226.739 665.747
877000 218.391 221.506 227.287 667.184
878000 218.726 220.811 227.685 667.221
879000 220.865 221.713 229.315 671.893
880000 221.197 222.329 229.796 673.322
881000 221.835 223.929 230.852 676.616
882000 223.81 225.008 232.973 681.791
883000 223.844 225.504 233.007 682.355
884000 225.277 226.142 233.986 685.404
885000 226.861 227.246 234.9 689.007
886000 225.873 227.421 235.52 688.814
887000 227.045 228.115 237.022 692.181
888000 227.208 229.672 238.221 695.101
889000 229.125 232.131 238.836 700.093
890000 230.497 234.945 241.149 706.59
891000 230.888 235.021 241.447 707.356
892000 232.761 235.776 242.016 710.554
893000 233.603 235.494 240.889 709.985
894000 233.577 235.493 241.234 710.303
895000 234.233 236.149 241.556 711.938
896000 234.36 236.124 241.719 712.202
897000 233.655 234.969 240.945 709.569
898000 234.81 236.78 243.296 714.887
899000 233.668 237.854 244.732 716.254
900000 234.563 239.444 246.427 720.434
901000 235.871 241.22 248.721 725.811
902000 236.526 242.935 249.351 728.812
903000 236.668 243.915 250.053 730.635
904000 238.617 245.004 251.567 735.188
905000 241.112 246.152 253.269 740.533
906000 242.613 245.772 253.571 741.957
907000 243.336 245.568 252.564 741.469
908000 244.633 244.942 251.971 741.546
909000 248.241 248.489 254.453 751.182
910000 249.895 250.146 255.324 755.366
911000 248.644 249.879 255.216 753.739
912000 249.973 251.75 257.807 759.529
913000 251.669 252.579 259.783 764.03
914000 252.116 253.69 260.607 766.413
915000 253.687 254.687 261.885 770.258
916000 253.83 255.388 261.368 770.585
917000 254.331 256.264 261.355 771.95
918000 254.684 258.588 262.467 775.74
919000 256.857 258.574 263.315 778.746
920000 258.505 259.772 264.557 782.834
921000 258.946 260.326 264.502 783.774
922000 260.75 261.415 265.969 788.135
923000 259.77 261.773 266.348 787.891
924000 261.803 263.941 267.288 793.032
925000 262.356 263.781 267.543 793.68
926000 263.453 266.164 269.428 799.045
927000 263.18 267.321 268.433 798.934
928000 264.23 268.162 269.53 801.921
929000 263.933 268.186 269.616 801.736
930000 264.882 270.134 271.313 806.329
931000 265.421 269.189 270.11 804.721
932000 268.095 272.464 271.673 812.233
933000 267.661 273.09 271.418 812.168
934000 269.089 272.893 273.099 815.081
935000 268.428 271.049 272.062 811.539
936000 269.266 270.979 272.585 812.83
937000 271.024 272.561 274.042 817.627
938000 272.988 274.566 275.796 823.35
939000 273.359 276.066 275.884 825.309
940000 273.082 275.798 275.247 824.126
941000 273.102 277.983 276.476 827.56
942000 274.456 280.439 276.865 831.761
943000 274.569 281.608 277.692 833.869
944000 274.159 280.408 277.159 831.727
945000 274.073 281.249 278.092 833.414
946000 273.597 281.404 278.898 833.899
947000 274.061 281.962 278.565 834.588
948000 274.196 284.121 278.407 836.724
949000 273.6 283.466 278.93 835.997
950000 273.223 285.009 280.601 838.833
951000 275.656 286.774 282.807 845.237
952000 276.74 288.442 284.188 849.37
953000 276.813 289.873 283.942 850.629
954000 275.19 288.948 281.858 845.997
955000 276.006 289.325 282.723 848.054
956000 275.709 289.884 283.689 849.282
957000 276.932 290.329 285.28 852.541
958000 278.83 292.254 286.33 857.415
959000 281.039 294.185 287.991 863.216
960000 282.569 295.57 289.686 867.824
961000 284.879 297.312 290.471 872.662
962000 285.747 298.429 291.73 875.906
963000 285.18 299.141 292.354 876.675
964000 287.682 300.229 293.753 881.665
965000 287.985 300.323 294.25 882.559
966000 287.244 300.202 294.268 881.714
967000 289.563 300.375 296.925 886.863
968000 291.316 302.018 296.843 890.178
969000 293.406 302.204 297.885 893.495
970000 294.565 302.956 298.117 895.638
971000 296.426 304.131 300.185 900.742
972000 297.158 305.168 300.668 902.994
973000 299.36 308.146 302.7 910.205
974000 298.318 307.926 300.661 906.905
975000 299.737 308.216 300.853 908.806
976000 302.052 311.054 302.97 916.076
977000 301.854 311.713 303.499 917.065
978000 302.695 312.901 304.571 920.167
979000 304.305 313.853 305.511 923.67
980000 305.083 314.563 305.605 925.252
981000 305.829 314.303 305.887 926.018
982000 305.38 315.119 307.299 927.797
983000 304.773 314.727 307.844 927.343
984000 305.454 313.518 306.514 925.486
985000 306.606 314.861 309.299 930.766
986000 306.176 314.673 309.121 929.969
987000 307.065 315.369 308.671 931.104
988000 308.662 315.658 309.095 933.415
989000 308.692 316.281 309.197 934.17
990000 310.312 317.763 309.927 938.003
991000 310.069 318.492 311.148 939.709
992000 309.717 318.452 311.448 939.618
993000 309.814 319.955 313.324 943.093
994000 308.942 319.392 313.279 941.613
995000 309.431 320.113 315.232 944.776
996000 310.272 321.242 317.282 948.795
997000 311.021 321.842 318.093 950.955
998000 311.122 320.724 316.52 948.366
999000 313.598 323.979 318.494 956.07
1000000 313.588 323.694 317.886 955.168
1001000 313.074 322.139 317.584 952.797
1002000 315.322 323.221 318.952 957.496
1003000 315.735 324.397 320.06 960.193
1004000 315.477 323.897 319.974 959.348
1005000 315.137 324.884 320.344 960.364
1006000 318.802 328.891 322.746 970.44
1007000 317.427 328.859 321.274 967.56
1008000 316.962 330.494 321.252 968.707
1009000 316.856 330.28 322.48 969.616
1010000 316.527 328.847 321.774 967.148
1011000 318.651 330.111 322.895 971.657
1012000 318.319 330.909 322.972 972.2
1013000 318.368 329.603 323.191 971.162
1014000 320.059 329.769 324.169 973.997
1015000 323.042 331.717 325.629 980.388
1016000 321.65 332.989 326.064 980.704
1017000 320.577 334.143 325.853 980.573
1018000 322.565 335.3 328.052 985.917
1019000 321.383 334.307 327.828 983.519
1020000 321.858 334.119 328.896 984.873
1021000 324.107 335.069 330.188 989.363
1022000 324.841 336.326 331.059 992.225
1023000 324.107 335.378 329.923 989.407
1024000 324.735 336.5 329.524 990.758
1025000 326.505 337.294 330.963 994.761
1026000 324.734 335.5 330.506 990.74
1027000 324.732 336.798 331.003 992.532
1028000 326.183 339.579 333.581 999.342
1029000 325.41 339.584 333.118 998.112
1030000 326.286 339.552 332.954 998.792
1031000 328.247 340.125 334.242 1002.61
1032000 329.472 341.298 335.801 1006.57
1033000 330.861 341.538 335.081 1007.48
1034000 333.881 342.632 337.533 1014.05
1035000 335.727 343.534 338.653 1017.91
1036000 337.433 345.714 341.82 1024.97
1037000 336.647 344.326 339.762 1020.74
1038000 338.31 345.897 339.86 1024.07
1039000 339.137 346.037 341.13 1026.3
1040000 342.485 347.363 343.297 1033.14
1041000 343.519 347.833 343.977 1035.33
1042000 343.914 347.775 343.522 1035.21
1043000 345.79 349.771 344.282 1039.84
1044000 346.542 352.409 346.011 1044.96
1045000 344.079 351.54 346.21 1041.83
1046000 344.86 351.174 345.824 1041.86
1047000 347.605 355.483 347.159 1050.25
1048000 344.973 355.492 345.834 1046.3
1049000 344.715 356.368 345.302 1046.38
1050000 343.778 356.964 346.401 1047.14
1051000 344.935 359.236 347.868 1052.04
1052000 344.972 359.047 347.419 1051.44
1053000 347.053 359.906 348.765 1055.72
1054000 346.592 360.166 348.984 1055.74
1055000 348.134 362.287 349.298 1059.72
1056000 349.83 363.956 350.376 1064.16
1057000 350.753 365.39 350.477 1066.62
1058000 350.583 365.459 350.921 1066.96
1059000 352.48 367.153 351.205 1070.84
1060000 354.911 368.706 352.981 1076.6
1061000 356.96 368.997 353.017 1078.97
1062000 358.311 371.114 353.817 1083.24
1063000 356.896 370.955 355.687 1083.54
1064000 357.124 371.714 355.26 1084.1
1065000 359.097 373.837 355.77 1088.7
1066000 357.784 373.037 354.645 1085.47
1067000 357.663 373.356 353.418 1084.44
1068000 359.313 375.067 354.414 1088.79
1069000 363.633 378.102 356.61 1098.34
1070000 363.227 377.308 355.936 1096.47
1071000 366.008 381.274 357.178 1104.46
1072000 366.341 382.26 357.025 1105.63
1073000 367.457 381.783 357.81 1107.05
1074000 367.594 380.935 358.083 1106.61
1075000 369.379 382.1 359.952 1111.43
1076000 369.464 380.424 360.335 1110.22
1077000 371.772 381.431 362.638 1115.84
1078000 373.905 382.881 364.362 1121.15
1079000 375.65 383.901 365.996 1125.55
1080000 375.433 383.215 368.674 1127.32
1081000 376.032 384.053 368.973 1129.06
1082000 374.146 383.502 367.688 1125.34
1083000 378.009 385.359 370.142 1133.51
1084000 378.2 385.708 370.252 1134.16
1085000 377.785 385.415 369.321 1132.52
1086000 381.11 388.438 370.557 1140.1
1087000 382.033 390.722 371.613 1144.37
1088000 385.333 393.218 372.868 1151.42
1089000 385.65 393.201 372.804 1151.66
1090000 385.758 391.621 371.883 1149.26
1091000 387.463 391.953 372.327 1151.74
1092000 388.146 393.352 371.375 1152.87
1093000 389.67 395.904 373.306 1158.88
1094000 389.807 397.812 375.787 1163.41
1095000 390.817 398.344 376.767 1165.93
1096000 392.893 399.927 377.956 1170.78
1097000 393.52 399.357 376.805 1169.68
1098000 391.514 398.716 377.482 1167.71
1099000 391.941 399.732 378.764 1170.44
1100000 394.233 402.808 381.371 1178.41
1101000 394.115 403.281 381.062 1178.46
1102000 395.061 403.03 380.519 1178.61
1103000 395.664 404.416 381.892 1181.97
1104000 397.736 405.667 384.052 1187.46
1105000 396.647 405.41 383.384 1185.44
1106000 395.661 405.286 382.075 1183.02
1107000 395.864 406.908 383.092 1185.86
1108000 398.67 409.301 384.596 1192.57
1109000 398.375 408.546 384.007 1190.93
1110000 396.9 408.147 383.304 1188.35
1111000 399.223 410.093 385.875 1195.19
1112000 399.822 410.751 387.066 1197.64
1113000 402.819 414.524 387.852 1205.2
1114000 401.391 415.297 387.309 1204
1115000 401.898 415.549 387.128 1204.58
1116000 399.695 413.29 386.052 1199.04
1117000 402.519 415.033 387.97 1205.52
1118000 404.565 417.164 390.744 1212.47
1119000 408.054 420.11 393.032 1221.2
1120000 407.986 416.356 391.429 1215.77
1121000 407.332 413.634 389.222 1210.19
1122000 410.359 416.22 390.892 1217.47
1123000 410.78 415.843 391.991 1218.61
1124000 411.053 416.092 391.764 1218.91
1125000 414.136 419.068 394.227 1227.43
1126000 413.538 420.211 396.083 1229.83
1127000 413.891 421.575 396.864 1232.33
1128000 418.196 425.264 400.922 1244.38
1129000 417.311 423.694 401.378 1242.38
1130000 416.484 423.073 400.359 1239.92
1131000 417.405 423.605 400.145 1241.16
1132000 419.663 425.215 400.841 1245.72
1133000 420.43 424.288 399.65 1244.37
1134000 420.651 425.671 399.996 1246.32
1135000 421.916 427.539 401.933 1251.39
1136000 422.692 428.173 404.688 1255.55
1137000 423.674 429.146 404.697 1257.52
1138000 425.314 431.23 405.843 1262.39
1139000 423.984 430.893 405.071 1259.95
1140000 424.94 431.921 406.346 1263.21
1141000 428.05 432.683 410.044 1270.78
1142000 430.512 435.321 412.767 1278.6
1143000 432.207 437.517 413.637 1283.36
1144000 431.388 438.21 413.587 1283.18
1145000 434.984 442.373 418.31 1295.67
1146000 433.312 441.883 417.601 1292.8
1147000 433.398 443.021 418.718 1295.14
1148000 437.117 445.496 421.561 1304.17
1149000 435.389 445.186 421.791 1302.37
1150000 435.809 445.632 421.036 1302.48
1151000 437.871 447.14 423.09 1308.1
1152000 438.417 446.125 422.978 1307.52
1153000 438.036 445.177 421.918 1305.13
1154000 438.685 447.744 424.608 1311.04
1155000 441.251 447.686 427.243 1316.18
1156000 442.118 445.708 427.056 1314.88
1157000 442.36 444.191 427.644 1314.2
1158000 443.202 445.105 427.968 1316.28
1159000 445.151 447.686 429.838 1322.68
1160000 445.462 446.606 429.495 1321.56
1161000 447.402 450.011 432.164 1329.58
1162000 446.072 449.403 432.106 1327.58
1163000 448.597 450.697 434.914 1334.21
1164000 449.457 451.61 434.778 1335.84
1165000 450.162 452.779 435.217 1338.16
1166000 451.86 454.039 436.937 1342.83
1167000 450.784 453.715 435.853 1340.35
1168000 452.103 454.665 436.426 1343.19
1169000 452.682 455.603 436.898 1345.18
1170000 453.323 458.538 438.696 1350.56
1171000 456.275 462.871 440.789 1359.94
1172000 456.759 462.473 439.211 1358.44
1173000 456.899 461.589 437.807 1356.3
1174000 457.032 463.752 438.323 1359.11
1175000 458.177 466.497 439.777 1364.45
1176000 460.815 467.388 440.204 1368.41
1177000 460.928 465.79 439.192 1365.91
1178000 461.475 467.048 441.538 1370.06
1179000 463.059 468.903 441.136 1373.1
1180000 463.284 470.519 443.629 1377.43
1181000 462.626 470.335 442.147 1375.11
1182000 461.777 470.308 442.217 1374.3
1183000 460.463 469.06 441.784 1371.31
1184000 463.174 471.019 444.33 1378.52
1185000 464.848 472.355 447.013 1384.22
1186000 465.285 472.456 447.187 1384.93
1187000 468.583 474.252 447.381 1390.22
1188000 469.975 474.648 449.737 1394.36
1189000 469.986 473.74 451.579 1395.31
1190000 469.792 472.552 451.166 1393.51
1191000 469.468 474.01 452.468 1395.95
1192000 470.057 475.267 455.914 1401.24
1193000 468.568 474.656 454.805 1398.03
1194000 471.452 480.379 457.944 1409.78
1195000 474.683 483.796 462.179 1420.66
1196000 478.705 485.744 465.035 1429.48
1197000 479.629 485.072 466.31 1431.01
1198000 481.167 486.427 467.033 1434.63
1199000 479.975 485.063 466.058 1431.1
1200000 479.001 486.309 466.172 1431.48
1201000 477.351 486.072 464.571 1427.99
1202000 478.204 487.472 465.092 1430.77
1203000 479.922 488.394 465.044 1433.36
1204000 481.267 489.958 465.985 1437.21
1205000 481.991 491.173 465.96 1439.12
1206000 484.081 493.694 466.566 1444.34
1207000 483.694 493.895 465.72 1443.31
1208000 487.013 496.074 469.024 1452.11
1209000 488.72 496.393 470.177 1455.29
1210000 485.509 492.767 468.867 1447.14
1211000 485.495 492.341 468.74 1446.58
1212000 487.263 493.798 468.639 1449.7
1213000 487.624 494.768 467.274 1449.67
1214000 489.084 496.9 468.622 1454.61
1215000 490.532 498.758 470.597 1459.89
1216000 493.218 502.716 473.635 1469.57
1217000 494.628 503.327 474.527 1472.48
1218000 495.014 502.515 474.85 1472.38
1219000 494.99 503.093 474.383 1472.47
1220000 497.032 505.751 476.715 1479.5
1221000 496 504.043 477.63 1477.67
1222000 495.952 504.771 479.587 1480.31
1223000 498.002 505.839 480.907 1484.75
1224000 501.894 506.706 481.056 1489.66
1225000 505.796 508.732 483.263 1497.79
1226000 502.861 507.481 482.169 1492.51
1227000 502.34 506.963 481.632 1490.94
1228000 505.587 508.1 484.557 1498.24
1229000 505.506 509.245 485.926 1500.68
1230000 507.488 509.613 486.054 1503.15
1231000 509.313 509.108 487.737 1506.16
1232000 508.052 507.084 487.12 1502.26
1233000 507.674 506.611 487.917 1502.2
1234000 508.264 506.717 488.337 1503.32
1235000 509.594 509.219 488.426 1507.24
1236000 508.775 508.387 488.648 1505.81
1237000 509.907 508.925 489.983 1508.82
1238000 511.162 507.658 490.906 1509.73
1239000 511.965 508.43 491.077 1511.47
1240000 514.704 510.971 493.56 1519.23
1241000 516.594 512.398 496.84 1525.83
1242000 515.751 510.783 494.494 1521.03
1243000 514.42 510.82 495.288 1520.53
1244000 518.341 512.736 497.304 1528.38
1245000 515.961 513.13 495.726 1524.82
1246000 515.63 514.803 494.725 1525.16
1247000 514.712 513.577 494.274 1522.56
1248000 516.124 514.359 497.644 1528.13
1249000 514.556 513.199 497.311 1525.07
1250000 516.44 514.96 499.554 1530.95
1251000 520.306 518.991 504.731 1544.03
1252000 522.47 520.258 506.434 1549.16
1253000 524.714 523.594 508.143 1556.45
1254000 524.634 523.402 508.084 1556.12
1255000 526.584 523.647 509.827 1560.06
1256000 524.432 520.259 505.77 1550.46
1257000 526.466 522.039 506.1 1554.6
1258000 527.361 522.603 506.793 1556.76
1259000 528.379 522.702 506.441 1557.52
1260000 528.864 525.829 508.683 1563.38
1261000 529.685 527.873 510.474 1568.03
1262000 531.453 530.489 511.77 1573.71
1263000 534.755 534.01 512.8 1581.56
1264000 532.752 533.181 513.217 1579.15
1265000 531.6 532.638 511.586 1575.82
1266000 535.615 536.868 515.945 1588.43
1267000 537.805 538.629 517.139 1593.57
1268000 538.56 541.299 520.357 1600.22
1269000 537.864 539.917 520.059 1597.84
1270000 538.738 538.938 520.826 1598.5
1271000 539.125 536.522 521.885 1597.53
1272000 540.638 536.614 523.346 1600.6
1273000 542.902 540.086 525.991 1608.98
1274000 544.613 543.646 527.458 1615.72
1275000 546.57 545.718 528.741 1621.03
1276000 545.195 546.32 528.51 1620.02
1277000 544.696 545.307 525.87 1615.87
1278000 548.518 548.345 527.697 1624.56
1279000 547.9 549.066 527.688 1624.65
1280000 552.102 554.193 533.032 1639.33
1281000 551.879 555.154 532.206 1639.24
1282000 550.983 553.393 529.529 1633.9
1283000 553.061 555.536 530.81 1639.41
1284000 556.336 560.68 532.994 1650.01
1285000 555.014 558.969 530.264 1644.25
1286000 554.201 558.367 530.868 1643.44
1287000 557.777 560.084 534.35 1652.21
1288000 555.373 559.046 531.836 1646.26
1289000 554.852 559.176 529.676 1643.7
1290000 559.356 563.009 532.88 1655.24
1291000 560.605 562.667 531.664 1654.94
1292000 562.021 564.086 532.896 1659
1293000 560.815 563.097 532.095 1656.01
1294000 562.616 565.928 534.565 1663.11
1295000 564.759 568.438 535.784 1668.98
1296000 568.103 573.188 537.951 1679.24
1297000 569.531 575.267 537.747 1682.54
1298000 570.065 577.853 538.048 1685.97
1299000 570.868 580.897 538.735 1690.5
1300000 569.683 580.649 538.015 1688.35
1301000 571.595 583.231 539.282 1694.11
1302000 573.092 584.127 541.673 1698.89
1303000 574.336 584.643 541.933 1700.91
1304000 575.271 585.787 540.322 1701.38
1305000 575.628 586.608 541.101 1703.34
1306000 578.27 590.101 543.693 1712.06
1307000 575.816 587.097 541.756 1704.67
1308000 576.969 588.574 542.661 1708.2
1309000 579.204 589.405 545.47 1714.08
1310000 584.726 591.619 550.295 1726.64
1311000 584.425 588.607 547.392 1720.42
1312000 585.009 588.811 546.956 1720.78
1313000 589.217 591.126 549.385 1729.73
1314000 588.34 588.011 547.855 1724.21
1315000 588.912 589.068 549.666 1727.65
1316000 589.794 589.527 549.294 1728.61
1317000 593.54 591.355 551.934 1736.83
1318000 595.641 592.358 551.946 1739.94
1319000 595.527 590.816 552.355 1738.7
1320000 595.37 592.737 554.855 1742.96
1321000 592.877 590.896 551.855 1735.63
1322000 598.972 596.509 557.626 1753.11
1323000 601.487 598.577 558.502 1758.57
1324000 601.519 598.472 560.468 1760.46
1325000 600.162 600.04 561.182 1761.38
1326000 597.793 597.594 559.17 1754.56
1327000 600.273 600.011 562.392 1762.68
1328000 602.174 601.387 563.364 1766.93
1329000 599.765 599.684 561.478 1760.93
1330000 601.162 601.385 563.853 1766.4
1331000 602.138 600.906 563.981 1767.03
1332000 603.596 602.667 565.091 1771.35
1333000 605.577 604.579 565.344 1775.5
1334000 607.081 605.908 565.258 1778.25
1335000 610.133 608.798 567.085 1786.02
1336000 609.551 607.922 566.023 1783.5
1337000 612.181 610.584 568.423 1791.19
1338000 612.934 611.564 569.714 1794.21
1339000 614.096 612.564 569.424 1796.08
1340000 613.688 612.661 568.877 1795.23
1341000 613.896 614.148 570.972 1799.02
1342000 615.766 614.841 572.693 1803.3
1343000 616.92 613.269 571.305 1801.49
1344000 619.477 613.967 573.957 1807.4
1345000 617.398 616.276 573.343 1807.02
1346000 615.704 615.403 570.421 1801.53
1347000 617.57 618.661 573.539 1809.77
1348000 618.207 619.482 573.586 1811.27
1349000 621.898 623.017 576.349 1821.26
1350000 624.303 625.099 577.887 1827.29
1351000 624.997 628.055 580.411 1833.46
1352000 621.886 626.916 577.787 1826.59
1353000 624.042 628.502 580.958 1833.5
1354000 623.896 628.048 579.991 1831.93
1355000 624.501 628.184 579.047 1831.73
1356000 628.086 630.656 582.39 1841.13
1357000 630.218 633.518 585.911 1849.65
1358000 630.527 635.078 585.989 1851.59
1359000 625.616 632.533 583.653 1841.8
1360000 626.035 634.772 584.598 1845.4
1361000 628.987 637.244 584.316 1850.55
1362000 627.811 634.131 583.399 1845.34
1363000 627.438 635.218 583.374 1846.03
1364000 626.519 635.918 583.946 1846.38
1365000 630.791 640.881 588.897 1860.57
1366000 633.487 640.757 589.889 1864.13
1367000 634.171 641.15 588.045 1863.37
1368000 634.981 640.997 586.973 1862.95
1369000 634.324 640.296 589.101 1863.72
1370000 635.434 641.508 591.867 1868.81
1371000 635.48 642.737 593.346 1871.56
1372000 634.725 642.056 593.821 1870.6
1373000 634.488 642.116 593.213 1869.82
1374000 636.599 645.922 596.28 1878.8
1375000 636.303 647.558 597.564 1881.43
1376000 635.767 647.98 597.961 1881.71
1377000 639.05 649.246 599.595 1887.89
1378000 638.279 649.186 598.926 1886.39
1379000 641.805 651.867 601.122 1894.79
1380000 641.899 652.258 601.145 1895.3
1381000 639.002 651.213 600.572 1890.79
1382000 641.921 653.624 603.496 1899.04
1383000 642.482 653.669 603.121 1899.27
1384000 643.649 654.932 604.195 1902.78
1385000 640.018 650.672 599.251 1889.94
1386000 642.715 653.159 603.476 1899.35
1387000 644.586 650.595 603.288 1898.47
1388000 645.442 652.15 603.238 1900.83
1389000 647.71 653.252 605.413 1906.37
1390000 649.781 655.554 607.557 1912.89
1391000 650.699 655.74 607.866 1914.3
1392000 650.659 656.382 606.675 1913.72
1393000 652.553 657.934 608.336 1918.82
1394000 655.016 658.498 608.997 1922.51
1395000 655.073 657.976 607.992 1921.04
1396000 657.885 660.215 608.418 1926.52
1397000 655.108 660.1 606.815 1922.02
1398000 655.482 657.898 607.519 1920.9
1399000 655.226 655.267 606.958 1917.45
1400000 657.627 655.58 608.571 1921.78
1401000 659.733 656.075 610.615 1926.42
1402000 656.74 654.27 608.013 1919.02
1403000 661.427 660.057 612.647 1934.13
1404000 663.319 662.224 613.378 1938.92
1405000 659.685 656.94 611.069 1927.69
1406000 660.477 659.207 613.821 1933.51
1407000 664.648 662.126 617.1 1943.87
1408000 664.353 661.57 617.094 1943.02
1409000 662.58 660.018 614.465 1937.06
1410000 666.37 666.756 619.624 1952.75
1411000 667.375 668.744 620.854 1956.97
1412000 662.861 665.277 617.3 1945.44
1413000 662.958 666.674 617.873 1947.51
1414000 663.302 666.573 619.569 1949.44
1415000 662.299 666.661 621.683 1950.64
1416000 667.239 669.344 625.22 1961.8
1417000 665.231 668.105 624.847 1958.18
1418000 666.841 669.53 627.292 1963.66
1419000 665.385 670.229 626.244 1961.86
1420000 664.932 671.001 627.05 1962.98
1421000 666.812 674.49 627.795 1969.1
1422000 671.715 679.765 632.069 1983.55
1423000 668.414 677.601 627.867 1973.88
1424000 666.134 676.313 623.867 1966.31
1425000 667.652 677.069 622.763 1967.48
1426000 667.192 679.36 625.13 1971.68
1427000 665.336 678.235 624.959 1968.53
1428000 669.308 683.248 627.893 1980.45
1429000 667.363 680.764 624.488 1972.61
1430000 669.223 681.204 624.459 1974.89
1431000 671.697 684.321 627.289 1983.31
1432000 671.75 684.505 628.53 1984.78
1433000 671.079 684.32 626.037 1981.44
1434000 673.026 683.848 628.593 1985.47
1435000 675.408 686.231 631.369 1993.01
1436000 678.223 690.652 632.761 2001.64
1437000 679.801 691.238 633.721 2004.76
1438000 676.494 687.455 630.478 1994.43
1439000 680.502 692.163 634.342 2007.01
1440000 679.783 691.574 633.324 2004.68
1441000 678.954 690.844 631.345 2001.14
1442000 681.023 690.585 633.155 2004.76
1443000 681.174 691.064 634.093 2006.33
1444000 681.424 690.389 634.018 2005.83
1445000 683.974 693.154 636.432 2013.56
1446000 683.5 694.535 639.784 2017.82
1447000 681.076 691.682 636.68 2009.44
1448000 681.431 693.627 637.167 2012.22
1449000 685.374 698.978 639.983 2024.33
1450000 686.542 699.866 640.377 2026.78
1451000 687.875 702.487 642.985 2033.35
1452000 686.581 700.329 641.922 2028.83
1453000 688.911 702.262 644.292 2035.47
1454000 688.625 701.326 644.003 2033.95
1455000 690.663 704.196 646.399 2041.26
1456000 692.923 705.331 647.661 2045.92
1457000 693.439 706.195 647.652 2047.29
1458000 692.752 706.953 647.788 2047.49
1459000 695.619 708.886 651.128 2055.63
1460000 697.442 710.619 652.108 2060.17
1461000 700.85 715.096 656.079 2072.03
1462000 698.694 713.105 657.737 2069.54
1463000 698.093 712.208 657.945 2068.25
1464000 696.918 712.523 656.637 2066.08
1465000 698.481 716.318 658.369 2073.17
1466000 698.126 719.233 660.455 2077.81
1467000 698.059 720.063 660.696 2078.82
1468000 702.479 723.303 664.488 2090.27
1469000 699.162 718.941 663.197 2081.3
1470000 698.22 716.38 662.595 2077.2
1471000 698.151 714.935 662.98 2076.07
1472000 697.675 714.79 660.221 2072.69
1473000 699.353 717.314 661.272 2077.94
1474000 699.387 718.806 660.312 2078.5
1475000 697.968 720.815 659.599 2078.38
1476000 697.998 724.543 662.298 2084.84
1477000 696.018 722.131 659.098 2077.25
1478000 695.407 719.557 659.898 2074.86
1479000 697.803 719.074 662.79 2079.67
1480000 702.879 725.583 667.718 2096.18
1481000 702.611 724.508 668.346 2095.46
1482000 704.944 726.811 668.963 2100.72
1483000 705.546 726.44 667.281 2099.27
1484000 708.107 727.818 668.668 2104.59
1485000 710.374 729.242 668.853 2108.47
1486000 709.929 733.016 669.349 2112.29
1487000 709.858 732.647 668.556 2111.06
1488000 712.328 733.778 671.549 2117.66
1489000 713.523 735.051 672.085 2120.66
1490000 715.989 737.236 673.644 2126.87
1491000 717.019 737.786 672.964 2127.77
1492000 715.15 735.72 671.217 2122.09
1493000 720.363 743.093 676.768 2140.22
1494000 717.551 740.889 674.259 2132.7
1495000 721.681 744.047 676.003 2141.73
1496000 725.285 746.802 679.405 2151.49
1497000 725.418 747.914 679.948 2153.28
1498000 728.08 749.037 682.346 2159.46
1499000 729.651 748.717 680.938 2159.31
1500000 729.974 748.586 681.035 2159.6
1501000 728.812 747.128 681.543 2157.48
1502000 728.144 746.997 682.186 2157.33
1503000 729.653 747.283 683.084 2160.02
1504000 729.827 745.701 682.557 2158.08
1505000 732.842 748.184 684.798 2165.82
1506000 733.764 749.44 684.317 2167.52
1507000 735.075 749.367 683.753 2168.2
1508000 738.753 753.533 687.291 2179.58
1509000 742.095 756.507 689.369 2187.97
1510000 743.817 757.46 688.96 2190.24
1511000 740.825 753.538 686.869 2181.23
1512000 741.261 754.561 688.098 2183.92
1513000 738.83 749.346 684.488 2172.66
1514000 745.366 753.165 688.512 2187.04
1515000 749.171 757.016 693.599 2199.79
1516000 745.082 754.088 691.43 2190.6
1517000 744.588 754.692 691.474 2190.75
1518000 746.723 757.208 693.935 2197.87
1519000 751.049 760.429 698.876 2210.35
1520000 752.474 763.231 700.306 2216.01
1521000 750.482 762.574 698.856 2211.91
1522000 745.831 759.917 694.613 2200.36
1523000 747.772 764.336 698.324 2210.43
1524000 744.963 760.241 696.267 2201.47
1525000 748.68 764.423 699.31 2212.41
1526000 748.403 762.662 700.483 2211.55
1527000 746.4 759.352 699.88 2205.63
1528000 750.096 760.783 702.636 2213.52
1529000 753.41 762.025 705.267 2220.7
1530000 755.72 764.917 706.042 2226.68
1531000 756.93 768.12 707.322 2232.37
1532000 753.608 765.474 703.288 2222.37
1533000 754.348 765.934 702.395 2222.68
1534000 761.805 773.578 707.603 2242.99
1535000 763.128 775.534 708.423 2247.08
1536000 761.923 775.106 710.206 2247.24
1537000 759.559 775.065 712.037 2246.66
1538000 761.188 775.245 711.43 2247.86
1539000 759.901 773.036 709.593 2242.53
1540000 760.38 775.62 711.78 2247.78
1541000 761.86 777.337 712.266 2251.46
1542000 764.181 778.406 712.343 2254.93
1543000 765.217 776.119 711.586 2252.92
1544000 771.033 781.366 718.305 2270.7
1545000 767.888 780.968 718.091 2266.95
1546000 771.341 784.85 722.576 2278.77
1547000 770.527 782.753 723.863 2277.14
1548000 772.748 782.692 725.42 2280.86
1549000 773.676 781.287 724.476 2279.44
1550000 779.617 784.815 728.04 2292.47
1551000 780.442 782.762 727.983 2291.19
1552000 781.274 781.348 725.88 2288.5
1553000 781.856 780.758 724.181 2286.79
1554000 782.698 785.361 726.858 2294.92
1555000 782.625 786.678 726.813 2296.12
1556000 786.528 791.121 731.4 2309.05
1557000 786.209 790.413 733.03 2309.65
1558000 787.226 792.345 735.53 2315.1
1559000 789.716 794.058 737.966 2321.74
1560000 789.739 792.327 734.857 2316.92
1561000 792.036 792.686 736.918 2321.64
1562000 790.933 790.931 737.393 2319.26
1563000 793.414 793.72 739.051 2326.19
1564000 790.74 791.502 735.106 2317.35
1565000 789.005 790.132 732.465 2311.6
1566000 791.344 792.997 733.713 2318.05
1567000 789.329 793.82 733.728 2316.88
1568000 789.921 795.674 734.275 2319.87
1569000 790.357 797.253 735.724 2323.33
1570000 792.337 798.785 736.176 2327.3
1571000 792.692 799.358 737.009 2329.06
1572000 795.433 801.375 741.412 2338.22
1573000 795.427 802.126 742.284 2339.84
1574000 796.021 804.632 742.444 2343.1
1575000 799.295 805.202 744.68 2349.18
1576000 799.512 804.061 744.45 2348.02
1577000 797.818 804.94 742.389 2345.15
1578000 799.282 805.153 742.431 2346.87
1579000 801.757 806.182 742.506 2350.45
1580000 802.591 807.448 742.783 2352.82
1581000 804.98 807.112 743.278 2355.37
1582000 807.358 806.621 742.487 2356.47
1583000 813.097 810.793 745.147 2369.04
1584000 811.56 808.784 743.185 2363.53
1585000 815.074 811.006 745.224 2371.3
1586000 816.298 813.624 747.369 2377.29
1587000 816.558 812.229 746.609 2375.4
1588000 818.068 812.982 748.381 2379.43
1589000 820.746 815.118 749.036 2384.9
1590000 821.113 815.299 749.668 2386.08
1591000 821.796 815.035 749.895 2386.73
1592000 820.073 813.315 751.318 2384.71
1593000 820.023 810.983 750.575 2381.58
1594000 826.548 816.02 753.593 2396.16
1595000 827.853 816.218 753.78 2397.85
1596000 828.753 816.184 753.778 2398.72
1597000 832.772 822.093 757.41 2412.28
1598000 831.952 822.536 757.285 2411.77
1599000 830.334 819.215 757.202 2406.75
1600000 833.831 821.991 759.567 2415.39
