# Time-averaged data for fix thermo_avg_npt
# TimeStep v_epsilon_co v_temp v_press v_pe v_ke v_etotal v_vol v_dens
101000 0.95 301.135 -17.7767 -22001.3 3368.79 -18632.5 53945.1 1.05751
102000 0.95 301.404 -49.1437 -22040.6 3371.8 -18668.8 53333.7 1.06964
103000 0.95 300.84 -12.5316 -22065 3365.49 -18699.5 53397.5 1.06836
104000 0.95 299.599 -120.968 -22030.4 3351.6 -18678.8 53989.5 1.05665
105000 0.95 300.94 -40.9986 -22046.1 3366.61 -18679.5 54104.4 1.0544
106000 0.95 302.716 130.287 -22043.3 3386.48 -18656.8 53711 1.06212
107000 0.95 300.459 241.606 -22042.5 3361.23 -18681.3 53702.9 1.06228
108000 0.95 299.623 154.585 -22019.9 3351.88 -18668 53613.2 1.06406
109000 0.95 299.638 58.3369 -22038.8 3352.04 -18686.8 53351.8 1.06927
110000 0.95 299.107 -29.413 -22059.7 3346.1 -18713.6 53241.4 1.07149
111000 0.95 299.808 -309.142 -22049.9 3353.95 -18696 53510.4 1.06611
112000 0.95 300.368 -115.472 -22027.1 3360.22 -18666.8 53753.8 1.06127
113000 0.95 298.053 -56.6157 -22041.6 3334.32 -18707.3 53935.5 1.0577
114000 0.95 300.173 -299.607 -21972.8 3358.03 -18614.7 53967.4 1.05708
115000 0.95 300.02 44.5276 -22023 3356.32 -18666.6 53209.4 1.07216
116000 0.95 299.994 255.634 -22070 3356.02 -18713.9 52640 1.08373
117000 0.95 298.855 -53.2484 -22028.6 3343.28 -18685.3 53406.6 1.0682
118000 0.95 297.657 -19.1081 -21990.2 3329.88 -18660.3 53478.3 1.06676
119000 0.95 298.993 141.427 -22001.8 3344.83 -18656.9 53244.6 1.07143
120000 0.95 299.974 -106.233 -21999.9 3355.81 -18644.1 53506 1.06619
121000 0.95 299.263 97.0748 -22018.7 3347.85 -18670.9 53230.6 1.07171
122000 0.95 299.751 55.9935 -22042.8 3353.31 -18689.5 53476.6 1.06679
123000 0.95 299.602 -272.701 -22059.3 3351.65 -18707.7 53763.8 1.06108
124000 0.95 300.55 -126.83 -22059.2 3362.24 -18697 53545.6 1.0654
125000 0.95 299.112 -44.0337 -22089.2 3346.16 -18743 53552.7 1.06526
126000 0.95 300.327 -170.85 -22079.5 3359.75 -18719.7 53744.1 1.06147
127000 0.95 300.029 -219.373 -21997 3356.41 -18640.6 53629.1 1.06376
128000 0.95 298.654 398.225 -22052 3341.04 -18711 52972.7 1.07693
129000 0.95 301.337 51.2643 -22000.5 3371.05 -18629.4 53593.8 1.06446
130000 0.95 300.971 -59.7134 -22021.8 3366.96 -18654.9 53545 1.06543
131000 0.95 299.394 211.745 -22051.6 3349.32 -18702.3 53118.4 1.07397
132000 0.95 301.213 158.978 -22027.6 3369.66 -18657.9 53341.1 1.06949
133000 0.95 300.274 -167.321 -21985.6 3359.15 -18626.5 53692.5 1.06249
134000 0.95 299.715 117.943 -22130.3 3352.91 -18777.3 53472.8 1.06685
135000 0.95 299.637 1.58705 -22163.2 3352.03 -18811.2 53607.8 1.06416
136000 0.95 298.723 -146.171 -22102.3 3341.81 -18760.5 53549.8 1.06532
137000 0.95 300.832 26.9045 -22113.1 3365.4 -18747.7 53291.9 1.07047
138000 0.95 299.697 -215.64 -22008.1 3352.7 -18655.4 53540.4 1.06551
139000 0.95 299.603 116.858 -21984.5 3351.65 -18632.8 53745.6 1.06144
140000 0.95 302.911 -95.2107 -22019.5 3388.65 -18630.9 53822.4 1.05992
141000 0.95 300.004 -71.9769 -22015.8 3356.14 -18659.7 53727.2 1.0618
142000 0.95 299.826 -295.402 -22050.4 3354.14 -18696.2 53109.2 1.0742
143000 0.95 297.749 474.773 -22105.7 3330.92 -18774.8 52840.8 1.07963
144000 0.95 300.631 -184.796 -22026.5 3363.15 -18663.3 53655.9 1.06322
145000 0.95 300.335 -219.774 -22036.8 3359.85 -18677 53769.2 1.06097
146000 0.95 301.528 248.024 -22012 3373.19 -18638.8 53449.4 1.06732
147000 0.95 299.384 -7.0277 -21982.6 3349.2 -18633.4 53642.5 1.06348
148000 0.95 301.122 250.525 -22001.4 3368.64 -18632.8 53254.3 1.07124
149000 0.95 301.614 107.726 -22011.3 3374.15 -18637.2 53049 1.07538
150000 0.95 299.872 -11.0959 -21949.9 3354.66 -18595.2 53599.2 1.06434
151000 0.95 301.557 -6.4493 -22002.7 3373.51 -18629.2 53540.4 1.0655
152000 0.95 300.246 -141.765 -21992.6 3358.84 -18633.7 53771.4 1.06093
153000 0.95 300.444 139.654 -22011.2 3361.06 -18650.2 53529.7 1.06572
154000 0.95 299.298 97.4131 -22028.5 3348.24 -18680.3 53849.5 1.05939
155000 0.95 299.589 -77.5895 -22069.3 3351.5 -18717.8 53919.7 1.05801
156000 0.95 299.694 -26.8794 -22108.1 3352.67 -18755.4 53614.5 1.06403
157000 0.95 301.132 18.4308 -22108.4 3368.75 -18739.6 53828.5 1.05981
158000 0.95 300.89 -16.761 -22037.2 3366.05 -18671.1 53849.6 1.05939
159000 0.95 300.566 298.024 -21990.8 3362.42 -18628.3 53443.1 1.06745
160000 0.95 299.026 182.729 -22049.5 3345.2 -18704.3 53461.3 1.06709
161000 0.95 299.682 -138.292 -22008.4 3352.54 -18655.9 54139.5 1.05372
162000 0.95 300.28 -159.232 -22079.6 3359.23 -18720.4 54042.8 1.0556
163000 0.95 298.034 171.82 -22107.3 3334.1 -18773.2 53576.7 1.0648
164000 0.95 300.443 199.081 -22058.6 3361.05 -18697.5 52900.7 1.07839
165000 0.95 301.591 -65.917 -22021.8 3373.89 -18647.9 53154.5 1.07325
166000 0.95 299.719 -220.739 -22017.3 3352.95 -18664.4 53445.4 1.0674
167000 0.95 301.682 -326.02 -21947.4 3374.91 -18572.5 53415.6 1.068
168000 0.95 301.76 188.422 -22069.6 3375.79 -18693.9 52670.1 1.08312
169000 0.95 299.535 -64.0961 -21993.3 3350.89 -18642.4 53392.5 1.06851
170000 0.95 302.092 -390.117 -21951.3 3379.5 -18571.8 54025.9 1.05593
171000 0.95 300.343 185.027 -22052.9 3359.94 -18693 53544.1 1.06543
172000 0.95 299.647 -172.849 -22092.1 3352.14 -18740 53347.4 1.06937
173000 0.95 300.663 52.6216 -22059.8 3363.51 -18696.3 53164.1 1.07305
174000 0.95 301.065 169.199 -22005.8 3368.01 -18637.8 53349.8 1.06931
175000 0.95 299.822 -0.532569 -21961.3 3354.11 -18607.2 53639.4 1.06354
176000 0.95 300.57 -32.1182 -21996.9 3362.47 -18634.5 53760.7 1.06114
177000 0.95 301.757 -48.5637 -22061.4 3375.75 -18685.6 53641.6 1.0635
178000 0.95 298.991 310.239 -22042.1 3344.81 -18697.3 53073 1.0749
179000 0.95 299.515 -187.405 -22040.1 3350.67 -18689.4 53317.6 1.06997
180000 0.95 298.512 -176.087 -22072.5 3339.44 -18733.1 53649 1.06335
181000 0.95 300.435 -12.5008 -22080.5 3360.96 -18719.5 53353.3 1.06925
182000 0.95 298.994 -249.068 -22008.4 3344.84 -18663.5 53303.7 1.07024
183000 0.95 299.718 -50.4515 -22025.5 3352.94 -18672.5 53216 1.072
184000 0.95 300.059 -210.075 -22014.4 3356.75 -18657.7 53194.6 1.07243
185000 0.95 300.596 -29.1395 -22010.6 3362.76 -18647.8 53414.4 1.06802
186000 0.95 302.708 14.0749 -21997.4 3386.38 -18611.1 53683.6 1.06266
187000 0.95 300.268 99.1335 -22006.3 3359.09 -18647.3 53656.4 1.0632
188000 0.95 299.764 -37.8923 -22004.4 3353.45 -18651 53529.5 1.06572
189000 0.95 301.73 -33.208 -21983.4 3375.45 -18608 53684.2 1.06265
190000 0.95 302.094 -301.179 -21914.1 3379.52 -18534.5 53835.8 1.05966
191000 0.95 300.495 -190.109 -22000.8 3361.63 -18639.1 53444.6 1.06743
192000 0.95 298.952 425.622 -22062.7 3344.37 -18718.4 53101.8 1.07431
193000 0.95 301.418 -163.341 -22010.5 3371.96 -18638.5 53754.9 1.06126
194000 0.95 299.377 -14.0022 -22025.1 3349.13 -18675.9 53496.9 1.06638
195000 0.95 299.461 216.38 -22024.9 3350.06 -18674.8 53009.5 1.07618
196000 0.95 299.47 -177.101 -22001.8 3350.16 -18651.7 53388.4 1.06855
197000 0.95 299.518 -217.758 -22031.3 3350.7 -18680.6 53559.6 1.06513
198000 0.95 301.206 280.258 -22066 3369.59 -18696.4 52984.1 1.07669
199000 0.95 300.516 87.6207 -22049.8 3361.87 -18687.9 53237.7 1.07158
200000 0.95 300.336 -58.1541 -22020.1 3359.85 -18660.2 53603.9 1.06424
201000 0.95 300.412 338.599 -22022.7 3360.71 -18662 53468.6 1.06694
202000 0.95 300.497 -34.9264 -21979.4 3361.65 -18617.8 53614.9 1.06402
203000 0.95 298.789 -153.056 -22009.9 3342.54 -18667.3 53800.8 1.06035
204000 0.95 298.367 335.223 -22056.1 3337.83 -18718.3 53682.2 1.06269
205000 0.95 298.64 -152.724 -22024.6 3340.88 -18683.7 53774.4 1.06087
206000 0.95 300.366 103.119 -22006.5 3360.19 -18646.4 53691.1 1.06252
207000 0.95 299.924 98.6989 -22022.4 3355.24 -18667.2 53431 1.06768
208000 0.95 299.359 293.551 -22055.2 3348.92 -18706.3 53489.5 1.06652
209000 0.95 300.185 -186.988 -21995 3358.17 -18636.8 53897.2 1.05845
210000 0.95 299.473 -53.6525 -22010.3 3350.2 -18660.1 53580.3 1.06473
211000 0.95 301.442 87.3862 -22063.6 3372.23 -18691.4 53257.5 1.07117
212000 0.95 300.612 -161.68 -22075.8 3362.95 -18712.8 53732.5 1.0617
213000 0.95 298.724 114.664 -22035.4 3341.82 -18693.6 53771.4 1.06093
214000 0.95 301.624 -423.972 -22007.8 3374.26 -18633.5 53876.2 1.05887
215000 0.95 300.91 -89.3469 -21965 3366.28 -18598.7 53806.6 1.06023
216000 0.95 300.599 291.07 -22008 3362.8 -18645.2 53269.6 1.07093
217000 0.95 300.406 160.669 -22047.8 3360.64 -18687.2 53107.1 1.0742
218000 0.95 300.127 28.3071 -22003.8 3357.51 -18646.2 53504.9 1.06622
219000 0.95 299.074 -314.774 -21912.4 3345.74 -18566.7 53827.8 1.05982
220000 0.95 299.885 287.034 -22039.8 3354.81 -18685 53373.3 1.06884
221000 0.95 300.403 -73.7553 -21977.9 3360.6 -18617.3 53255.4 1.0712
222000 0.95 301.368 312.307 -22030.4 3371.4 -18659 53376.7 1.06877
223000 0.95 300.417 -214.497 -22044 3360.76 -18683.3 53913.9 1.05813
224000 0.95 299.556 -87.5252 -22024.8 3351.13 -18673.6 53602.1 1.0643
225000 0.95 299.74 70.7474 -21979.4 3353.19 -18626.2 53208.1 1.07216
226000 0.95 300.813 -111.055 -22010.9 3365.19 -18645.7 53505.7 1.0662
227000 0.95 300.55 -73.2289 -22019.6 3362.24 -18657.4 53426.8 1.06777
228000 0.95 301.893 8.97352 -22052.2 3377.27 -18675 53141.3 1.07351
229000 0.95 298.374 -77.9002 -22040.8 3337.9 -18702.9 53534.7 1.06564
230000 0.95 297.552 -220.458 -21963.5 3328.71 -18634.8 53977.3 1.05689
231000 0.95 297.978 134.289 -22021 3333.48 -18687.5 53153.8 1.07328
232000 0.95 301.478 107.84 -22048.5 3372.63 -18675.8 53112 1.07412
233000 0.95 300.951 -223.109 -22013.1 3366.73 -18646.4 53691.9 1.0625
234000 0.95 300.001 -200.555 -21985 3356.1 -18628.9 53498.6 1.06634
235000 0.95 300.624 166.219 -21961.3 3363.07 -18598.2 53172.7 1.07287
236000 0.95 299.942 -34.4503 -21955.4 3355.44 -18599.9 53325.4 1.0698
237000 0.95 300.661 -239.493 -22009.2 3363.49 -18645.7 53515.2 1.06601
238000 0.95 301.68 -212.414 -22018.4 3374.89 -18643.5 53538.5 1.06554
239000 0.95 299.745 246.703 -22016.6 3353.24 -18663.3 53131.1 1.07372
240000 0.95 300.154 442.425 -22048.3 3357.82 -18690.5 53150.2 1.07333
241000 0.95 300.745 -187.595 -21962.9 3364.43 -18598.4 53622.6 1.06387
242000 0.95 300.109 15.9942 -22070.3 3357.32 -18713 53623.1 1.06386
243000 0.95 299.882 -150.69 -22048.3 3354.78 -18693.5 53576.2 1.06479
244000 0.95 300.104 92.0937 -22066.3 3357.25 -18709 52802.5 1.08042
245000 0.95 298.348 177.213 -22030 3337.61 -18692.4 52940.5 1.0776
246000 0.95 301.004 -197.017 -21991 3367.33 -18623.7 53375.6 1.06879
247000 0.95 300.879 467.572 -22017.8 3365.93 -18651.9 53102.3 1.0743
248000 0.95 302.634 70.4603 -22048 3385.56 -18662.5 53189 1.07254
249000 0.95 301.571 154.764 -22021.4 3373.67 -18647.8 53248.1 1.07135
250000 0.95 297.97 -49.1765 -22049.4 3333.38 -18716.1 53787.2 1.06062
251000 0.95 301.081 -338.269 -22055.6 3368.19 -18687.4 54283.9 1.05091
252000 0.95 302.294 140.161 -22155.1 3381.76 -18773.4 53655.4 1.06326
253000 0.95 302.067 -178.282 -22064.3 3379.22 -18685.1 53198.3 1.07235
254000 0.95 299.724 74.8679 -22045.6 3353 -18692.6 53201 1.0723
255000 0.95 298.747 1.02339 -22012.6 3342.08 -18670.5 53224.4 1.07183
256000 0.95 300.533 -119.925 -22033.2 3362.05 -18671.2 53484.2 1.06664
257000 0.95 300.833 -169.69 -22047.6 3365.42 -18682.2 53793.2 1.06051
258000 0.95 300.456 134.009 -22090.7 3361.19 -18729.5 53258.2 1.07115
259000 0.95 301.407 -200.359 -22059.7 3371.84 -18687.8 53382.3 1.06866
260000 0.95 299.868 -50.2267 -22092.7 3354.62 -18738.1 53372.5 1.06885
261000 0.95 298.903 -51.6788 -22030.1 3343.82 -18686.2 53548.9 1.06534
262000 0.95 300.372 85.1684 -22027.9 3360.26 -18667.6 53271.3 1.07089
263000 0.95 299.653 183.439 -21986.8 3352.21 -18634.6 53710.8 1.06214
264000 0.95 300.402 -240.524 -22058.7 3360.59 -18698.1 53878 1.05884
265000 0.95 301.341 326.829 -22081.3 3371.1 -18710.2 53166.9 1.07299
266000 0.95 299.528 -16.9885 -22104.4 3350.81 -18753.6 53347.8 1.06935
267000 0.95 301.171 -119.427 -22069.7 3369.2 -18700.5 53339.9 1.06951
268000 0.95 301.636 -25.5742 -22055.5 3374.4 -18681.1 53478.9 1.06673
269000 0.95 301.771 -104.839 -22052.9 3375.91 -18677 53800.7 1.06035
270000 0.95 298.328 143.922 -22037.8 3337.39 -18700.5 53617 1.06399
271000 0.95 298.329 62.835 -22024.1 3337.4 -18686.7 53356.3 1.06918
272000 0.95 300.984 -119.647 -22009.4 3367.1 -18642.3 53309.3 1.07013
273000 0.95 299.547 225.596 -22038.3 3351.03 -18687.2 52770 1.08106
274000 0.95 300.888 -196.466 -22100.2 3366.03 -18734.2 53384.7 1.06865
275000 0.95 298.35 -203.164 -22061.1 3337.64 -18723.4 53916.2 1.05808
276000 0.95 302.021 89.9045 -22051.2 3378.7 -18672.5 53718.9 1.06196
277000 0.95 300.034 -198.813 -22044.5 3356.48 -18688.1 53469.2 1.06693
278000 0.95 299.338 121.381 -22064.7 3348.69 -18716 53278.9 1.07074
279000 0.95 301.29 -18.9523 -22121.9 3370.53 -18751.4 53620.7 1.06391
280000 0.95 299.874 119.887 -22058.9 3354.68 -18704.2 53339.2 1.06954
281000 0.95 300.457 334.331 -22095.7 3361.2 -18734.5 53054.1 1.07527
282000 0.95 301.844 -270.356 -22032.7 3376.72 -18656 53676.4 1.06281
283000 0.95 299.022 -73.8165 -22004.4 3345.16 -18659.3 53540 1.06552
284000 0.95 299.235 256.264 -22006.1 3347.53 -18658.6 53294.9 1.07041
285000 0.95 301.866 169.374 -22030.6 3376.97 -18653.6 53424.5 1.06782
286000 0.95 300.631 -213.258 -22035.7 3363.16 -18672.6 53540.4 1.0655
287000 0.95 299.987 90.7524 -22061.1 3355.95 -18705.2 53366.2 1.06898
288000 0.95 299.575 37.6977 -22038.9 3351.34 -18687.6 53402 1.06826
289000 0.95 297.873 185.379 -22011 3332.3 -18678.7 53528.2 1.06575
290000 0.95 300.609 -26.0031 -21988.6 3362.91 -18625.7 53625.5 1.06381
291000 0.95 300.492 74.7045 -22013.4 3361.6 -18651.8 53575.1 1.06481
292000 0.95 300.461 76.4923 -21988 3361.25 -18626.8 53696.1 1.06241
293000 0.95 302.966 -207.483 -22026.8 3389.27 -18637.5 53610.6 1.06411
294000 0.95 299.215 108.79 -22061.8 3347.31 -18714.5 53132.7 1.07368
295000 0.95 301.516 -258.919 -22052.3 3373.06 -18679.2 53411.3 1.06809
296000 0.95 299.815 7.82297 -22066 3354.03 -18712 53845.8 1.05946
297000 0.95 296.915 -68.5979 -22033.3 3321.58 -18711.7 53643.7 1.06346
298000 0.95 298.56 127.954 -22116.9 3339.98 -18776.9 53216.7 1.07199
299000 0.95 300.989 -251.189 -21979.2 3367.16 -18612 53496.3 1.06639
300000 0.95 300.555 -95.4106 -22033.5 3362.3 -18671.2 53619.3 1.06394
301000 0.95 299.782 -53.1081 -22109.9 3353.66 -18756.2 53460.8 1.06709
302000 0.95 299.572 -264.223 -22042.1 3351.3 -18690.8 53391.5 1.06848
303000 0.95 300.461 -254.344 -22024.1 3361.25 -18662.9 53354.5 1.06926
304000 0.95 299.448 -52.1206 -21970.2 3349.91 -18620.3 53405.9 1.06823
305000 0.95 300.213 -70.8744 -22023.3 3358.48 -18664.8 53143.4 1.07348
306000 0.95 299.089 -125.049 -22043.4 3345.9 -18697.5 53095.3 1.07448
307000 0.95 300.393 13.1012 -22010.5 3360.49 -18650 53357.4 1.06916
308000 0.95 299.663 -133.158 -21956.4 3352.33 -18604 53727.2 1.06187
309000 0.95 299.132 -61.8749 -21958.7 3346.38 -18612.4 53627.6 1.0638
310000 0.95 301.015 -45.8641 -22042.8 3367.45 -18675.4 53656 1.06322
311000 0.95 299.169 94.0937 -22013.9 3346.79 -18667.1 53214.5 1.07204
312000 0.95 299.978 -259.153 -22045 3355.85 -18689.2 53772.5 1.06097
313000 0.95 300.511 180.154 -22045.5 3361.81 -18683.6 53602 1.06428
314000 0.95 299.326 -143.076 -22062 3348.56 -18713.5 53895.9 1.05851
315000 0.95 299.963 -33.3323 -21983.9 3355.68 -18628.2 53434.2 1.06764
316000 0.95 299.629 62.0946 -21969.5 3351.95 -18617.5 53388.3 1.06855
317000 0.95 300.548 311.343 -21952.8 3362.23 -18590.6 53543.9 1.06545
318000 0.95 298.888 -28.5807 -22027.2 3343.66 -18683.6 53659.4 1.06315
319000 0.95 299.584 -122.183 -22078.4 3351.45 -18726.9 53509.2 1.06614
320000 0.95 299.344 50.7487 -22037.3 3348.75 -18688.6 53795.8 1.06045
321000 0.95 299.483 107.162 -22006 3350.31 -18655.6 53533.3 1.06567
322000 0.95 299.783 59.8989 -21982.8 3353.67 -18629.2 53689 1.06257
323000 0.95 298.449 45.5609 -22028.9 3338.74 -18690.2 53947 1.05756
324000 0.95 299.609 60.3982 -22014.2 3351.72 -18662.5 53672.5 1.06289
325000 0.95 299.727 -44.5175 -22001.3 3353.03 -18648.3 53710 1.06215
326000 0.95 300.173 -252.205 -22067.7 3358.03 -18709.7 53466.2 1.06698
327000 0.95 298.843 -66.7253 -22064.6 3343.15 -18721.5 53153.1 1.07329
328000 0.95 298.284 -124.092 -22015.5 3336.89 -18678.6 53403.1 1.06825
329000 0.95 300.029 128.243 -21959.9 3356.42 -18603.5 53396.7 1.06837
330000 0.95 299.547 11.7621 -22036.6 3351.02 -18685.5 53152.6 1.07328
331000 0.95 300.928 247.465 -22019 3366.47 -18652.5 53621.3 1.06392
332000 0.95 300.264 -36.542 -22021 3359.05 -18661.9 53107 1.07421
333000 0.95 299.411 11.3919 -22031.9 3349.51 -18682.4 53222.8 1.0719
334000 0.95 299.989 -19.9297 -22073.5 3355.97 -18717.5 53328.4 1.06974
335000 0.95 299.702 22.2128 -22030.2 3352.76 -18677.5 53534.6 1.06563
336000 0.95 300.077 270.509 -22043.1 3356.95 -18686.1 53299.7 1.07033
337000 0.95 300.795 -149.603 -22048.2 3364.99 -18683.2 52974.9 1.07688
338000 0.95 300.051 131.126 -22028 3356.67 -18671.3 53435.8 1.06761
339000 0.95 299.634 19.0253 -22032.8 3352 -18680.8 53571.6 1.06492
340000 0.95 299.908 -82.6986 -22034.1 3355.07 -18679 54014 1.05617
341000 0.95 297.842 -11.091 -22085 3331.96 -18753 53560.4 1.06511
342000 0.95 299.101 127.564 -22083.6 3346.04 -18737.5 53636.4 1.06361
343000 0.95 299.231 249.872 -22151.3 3347.49 -18803.8 53545.9 1.06541
344000 0.95 300.278 -76.9725 -21977.9 3359.21 -18618.7 53970 1.05706
345000 0.95 300 240.397 -22033.5 3356.09 -18677.4 53258.1 1.07115
346000 0.95 301.2 -5.92208 -22069.7 3369.52 -18700.1 53323.7 1.06984
347000 0.95 299.523 59.7365 -22022.3 3350.75 -18671.5 53686 1.06262
348000 0.95 300.066 95.1156 -22021 3356.84 -18664.2 53792.4 1.06052
349000 0.95 299.441 89.0442 -22043.1 3349.84 -18693.3 53662 1.06312
350000 0.95 302.526 -177.122 -22050.1 3384.35 -18665.7 53357.6 1.06916
351000 0.95 301.208 -45.1604 -22062.9 3369.6 -18693.3 53543.7 1.06544
352000 0.95 299.148 -121.805 -22040.4 3346.56 -18693.9 53565.2 1.06504
353000 0.95 298 63.1202 -22023.8 3333.72 -18690.1 53490.3 1.06651
354000 0.95 301.452 46.3141 -22074.4 3372.34 -18702.1 53700.4 1.06233
355000 0.95 300.113 36.0942 -22096.5 3357.36 -18739.2 53494.3 1.06646
356000 0.95 300.129 125.667 -22040 3357.54 -18682.5 53554.3 1.06525
357000 0.95 298.131 42.6683 -22020 3335.18 -18684.8 53355 1.06923
358000 0.95 297.633 -188.581 -21998.5 3329.62 -18668.9 53557.8 1.06516
359000 0.95 300.277 13.8309 -22049 3359.19 -18689.8 53375.2 1.06881
360000 0.95 300.176 145.504 -22049.3 3358.06 -18691.3 53580.9 1.06471
361000 0.95 302.229 -209.357 -22024.3 3381.03 -18643.3 53714.8 1.06206
362000 0.95 300.396 246.645 -21995.5 3360.52 -18635 53395.9 1.06839
363000 0.95 301.576 -8.47084 -22054.1 3373.73 -18680.4 53495.2 1.06642
364000 0.95 299.672 105.218 -22028.3 3352.42 -18675.9 53561.2 1.0651
365000 0.95 300.436 94.9642 -21949.4 3360.97 -18588.4 53614.7 1.06403
366000 0.95 300.442 -89.6377 -22043.4 3361.04 -18682.4 53562.8 1.06507
367000 0.95 299.9 -13.8956 -21966.9 3354.97 -18612 53559.5 1.06513
368000 0.95 298.107 129.869 -22045.1 3334.91 -18710.2 53495.4 1.0664
369000 0.95 302.346 -66.8998 -22041 3382.34 -18658.6 53462.4 1.06708
370000 0.95 298.975 56.1132 -22062.4 3344.63 -18717.8 53355.3 1.06922
371000 0.95 300.266 27.8832 -21936.2 3359.07 -18577.1 53635.6 1.06363
372000 0.95 301.634 -70.361 -22076.4 3374.38 -18702 53490.9 1.0665
373000 0.95 300.147 101.178 -22012.8 3357.73 -18655 53396.4 1.0684
374000 0.95 301.635 8.61885 -22003.1 3374.39 -18628.7 53397.6 1.06835
375000 0.95 298.951 35.0016 -22056.2 3344.36 -18711.9 53328.9 1.06974
376000 0.95 299.773 121.087 -22072 3353.55 -18718.5 53503.5 1.06624
377000 0.95 301.124 -122.103 -22066.6 3368.67 -18697.9 53637.6 1.06359
378000 0.95 299.075 67.6406 -22044.5 3345.74 -18698.7 53534.5 1.06564
379000 0.95 300.229 75.3069 -22094.9 3358.65 -18736.2 53521.9 1.06587
380000 0.95 300.644 -167.971 -22016.9 3363.3 -18653.6 53699.6 1.06235
381000 0.95 300.136 27.4483 -22051.9 3357.61 -18694.3 53357.3 1.06919
382000 0.95 299.224 -154.809 -22091.2 3347.41 -18743.8 53414.2 1.06803
383000 0.95 298.609 156.46 -22100.4 3340.53 -18759.8 53515.3 1.06602
384000 0.95 298.878 177.109 -22086.8 3343.55 -18743.3 53513 1.06605
385000 0.95 299.592 -2.795 -22025.4 3351.53 -18673.9 53253.9 1.07124
386000 0.95 300.166 86.2981 -22092.8 3357.95 -18734.8 53149.9 1.07333
387000 0.95 299.34 -119.886 -22025 3348.71 -18676.3 53105.5 1.07423
388000 0.95 299.607 -23.69 -21983.4 3351.69 -18631.7 53057.9 1.07521
389000 0.95 301.528 100.496 -22049.6 3373.19 -18676.4 53256 1.07123
390000 0.95 300.655 -231.304 -22020.5 3363.42 -18657.1 53456.2 1.06719
391000 0.95 300.758 176.301 -22062.9 3364.57 -18698.3 53272.5 1.0709
392000 0.95 297.277 -34.3875 -22052 3325.63 -18726.4 53502.7 1.06629
393000 0.95 301.66 58.4252 -22005 3374.67 -18630.3 53629.5 1.06375
394000 0.95 298.316 -113.776 -22006.5 3337.26 -18669.3 53697.1 1.0624
395000 0.95 298.27 0.166427 -22003 3336.74 -18666.2 53738 1.06159
396000 0.95 298.488 219.931 -22043 3339.18 -18703.8 53958.6 1.05731
397000 0.95 300.468 -62.2162 -22118.9 3361.33 -18757.6 53262.9 1.07105
398000 0.95 302.721 -15.0435 -22032.8 3386.53 -18646.3 53678.2 1.06279
399000 0.95 299.901 -83.9155 -22021.4 3354.99 -18666.4 53347.7 1.06936
400000 0.95 298.12 168.959 -22018 3335.06 -18683 53585.4 1.06461
401000 0.95 299.952 -59.2649 -22019.5 3355.55 -18664 53960.1 1.05724
402000 0.95 300.615 96.1627 -22074.4 3362.97 -18711.5 53641.8 1.06354
403000 0.95 299.552 374.228 -21987.1 3351.08 -18636 53710.6 1.06217
404000 0.95 299.436 18.8331 -22045.5 3349.78 -18695.8 53533.5 1.06566
405000 0.95 298.938 -95.3356 -22073.4 3344.22 -18729.2 53403.3 1.06826
406000 0.95 300.215 40.1861 -22034.1 3358.5 -18675.6 53075 1.07487
407000 0.95 299.58 -26.6072 -22072.7 3351.4 -18721.3 53408.2 1.06815
408000 0.95 301.598 -194.38 -22010.4 3373.97 -18636.5 53953.7 1.05735
409000 0.95 299.896 220.395 -22048.9 3354.93 -18693.9 53673.9 1.06286
410000 0.95 299.722 -15.1659 -22086.7 3352.99 -18733.7 53772.1 1.06094
411000 0.95 299.426 292.401 -22110.5 3349.68 -18760.8 53458.4 1.06714
412000 0.95 299.06 -33.2541 -22059.3 3345.58 -18713.7 53349.2 1.06935
413000 0.95 301.628 -61.4622 -22002.1 3374.31 -18627.8 53364 1.06903
414000 0.95 299.233 -90.107 -22038.6 3347.52 -18691.1 53399.9 1.06831
415000 0.95 299.694 134.972 -21995.3 3352.67 -18642.7 53177.4 1.07283
416000 0.95 302.091 -22.6734 -21969 3379.48 -18589.5 53323.2 1.06987
417000 0.95 300.468 70.6269 -22022.8 3361.33 -18661.5 53659.4 1.06316
418000 0.95 299.013 217.754 -22010.5 3345.05 -18665.4 53724 1.06188
419000 0.95 300.11 53.1095 -22037 3357.33 -18679.7 53453.9 1.06725
420000 0.95 299.23 -155.247 -22012.9 3347.48 -18665.5 53576 1.06482
421000 0.95 297.971 95.8802 -21967.3 3333.4 -18633.9 53698.3 1.06238
422000 0.95 300.532 32.6737 -22048.5 3362.04 -18686.4 53506.7 1.06618
423000 0.95 300.013 132.87 -22058.6 3356.24 -18702.3 53308.3 1.07015
424000 0.95 299.501 161.768 -22027.7 3350.51 -18677.2 53120.2 1.07397
425000 0.95 300.445 17.8182 -21978.2 3361.07 -18617.1 53444.8 1.06742
426000 0.95 300.318 -65.3002 -21993.6 3359.66 -18634 53215.4 1.07202
427000 0.95 300.565 69.905 -21969 3362.41 -18606.5 53449.9 1.06731
428000 0.95 298.069 -94.1772 -22072.5 3334.49 -18738 53560.4 1.06511
429000 0.95 301.219 -65.1754 -22060.3 3369.74 -18690.5 53717.6 1.06199
430000 0.95 299.807 -37.3104 -21999 3353.93 -18645 53627.8 1.06378
431000 0.95 297.797 -89.8259 -22002.5 3331.45 -18671 53306.2 1.07019
432000 0.95 299.951 -60.2901 -21949.2 3355.55 -18593.6 53374 1.06889
433000 0.95 299.449 190.425 -22001.9 3349.93 -18651.9 53116.2 1.07404
434000 0.95 301.62 -236.478 -22014 3374.22 -18639.8 53528.1 1.06576
435000 0.95 298.571 -139.889 -22011.7 3340.11 -18671.6 53574.1 1.06484
436000 0.95 299.504 67.584 -21993.6 3350.54 -18643.1 53770.4 1.06096
437000 0.95 302.027 150.663 -22018.9 3378.77 -18640.2 53255.6 1.07122
438000 0.95 300.388 15.7183 -21973.1 3360.44 -18612.7 53495.5 1.06643
439000 0.95 297.999 219.225 -21999.4 3333.71 -18665.7 53568.1 1.06498
440000 0.95 301.236 107.674 -21994.3 3369.92 -18624.3 53474.9 1.06686
441000 0.95 298.783 -151.835 -22046.2 3342.48 -18703.7 53269.6 1.07092
442000 0.95 300.184 -61.1916 -22038.6 3358.15 -18680.5 53600.8 1.06432
443000 0.95 301.018 -124.423 -22016.6 3367.49 -18649.1 53420.4 1.0679
444000 0.95 299.123 -143.269 -22065.8 3346.29 -18719.6 53243.9 1.07144
445000 0.95 299.171 147.412 -22007.1 3346.82 -18660.3 53223.4 1.07186
446000 0.95 301.423 35.506 -22020.7 3372.01 -18648.7 53468.6 1.06694
447000 0.95 299.536 -23.2546 -22055.7 3350.9 -18704.8 53719.3 1.06198
448000 0.95 301.036 -9.37595 -22037.5 3367.69 -18669.8 53949.9 1.05743
449000 0.95 299.494 41.9221 -22037.5 3350.43 -18687.1 53766.6 1.06103
450000 0.95 300.285 96.1472 -22037.8 3359.28 -18678.5 53259.7 1.07112
451000 0.95 300.504 156.186 -21990.5 3361.73 -18628.8 53571.9 1.06489
452000 0.95 298.963 23.139 -22097.1 3344.5 -18752.6 53489 1.06654
453000 0.95 299.902 66.4455 -22056.1 3355 -18701.1 53431.8 1.0677
454000 0.95 298.041 375.483 -22178.7 3334.18 -18844.5 53372 1.06888
455000 0.95 300.254 157.613 -22144.6 3358.93 -18785.7 53388.7 1.06856
456000 0.95 301.153 38.4654 -22073.7 3369 -18704.7 53651.7 1.06332
457000 0.95 300.016 -153.967 -22133.1 3356.27 -18776.8 53623.9 1.06385
458000 0.95 298.604 162.108 -22146 3340.47 -18805.5 53500.4 1.06631
459000 0.95 300.129 45.623 -22010.4 3357.54 -18652.9 53692.5 1.0625
460000 0.95 297.656 13.526 -22010.9 3329.87 -18681 53421.3 1.0679
461000 0.95 298.648 50.3543 -22045.3 3340.97 -18704.4 53374.4 1.06883
462000 0.95 301.817 229.255 -22030.2 3376.42 -18653.7 53579.9 1.06472
463000 0.95 300.986 -170.859 -22112.9 3367.13 -18745.7 53616.1 1.06401
464000 0.95 298.614 184.731 -22075.4 3340.59 -18734.8 53976 1.0569
465000 0.95 301.768 31.3836 -22065.4 3375.88 -18689.6 53889.4 1.05861
466000 0.95 300.14 164.778 -22083.2 3357.66 -18725.5 53462.5 1.06708
467000 0.95 299.784 94.8356 -22043.5 3353.68 -18689.9 53320.6 1.06991
468000 0.95 302.718 37.7307 -22018.5 3386.5 -18632 53398.4 1.06834
469000 0.95 299.088 -71.1956 -21956.8 3345.89 -18610.9 53622.4 1.06389
470000 0.95 299.715 17.7448 -22079.9 3352.91 -18727 53435.9 1.06759
471000 0.95 299.66 15.3708 -22115 3352.29 -18762.7 53640.1 1.06354
472000 0.95 300.242 -218.484 -22088.6 3358.8 -18729.8 53555.7 1.06521
473000 0.95 300.748 -22.5289 -22064.1 3364.47 -18699.6 53753.8 1.06127
474000 0.95 297.497 71.2182 -22055 3328.09 -18726.9 53547.1 1.06539
475000 0.95 299.422 -36.3741 -21983.1 3349.63 -18633.5 53366.1 1.06904
476000 0.95 301.155 -33.5073 -22039.3 3369.02 -18670.3 53202.9 1.07227
477000 0.95 302.25 -234.079 -22035.9 3381.27 -18654.6 53709.2 1.06216
478000 0.95 301.495 -45.0873 -22007.7 3372.82 -18634.9 53528.8 1.06574
479000 0.95 299.976 35.5872 -22107.3 3355.83 -18751.4 53409 1.06813
480000 0.95 298.102 188.504 -22098.2 3334.87 -18763.3 53562.7 1.06506
481000 0.95 299.857 -231.183 -22014.2 3354.49 -18659.7 53798 1.06042
482000 0.95 299.524 258.385 -22025.6 3350.77 -18674.8 53569.4 1.06496
483000 0.95 298.097 240.329 -21999.2 3334.8 -18664.4 53404.1 1.06824
484000 0.95 298.736 -124.084 -22021.6 3341.95 -18679.7 53918.7 1.05804
485000 0.95 300.45 -152.482 -22024.1 3361.12 -18662.9 53845.9 1.05947
486000 0.95 298.817 169.169 -22051 3342.86 -18708.1 53414.7 1.06802
487000 0.95 298.642 -108.138 -22020.5 3340.9 -18679.6 53696.2 1.06241
488000 0.95 298.566 72.6183 -22021.1 3340.06 -18681.1 53261.4 1.07109
489000 0.95 300.903 52.6122 -22034.2 3366.19 -18668 53528.8 1.06577
490000 0.95 301.312 -25.3896 -21985.4 3370.78 -18614.6 53578.7 1.06475
491000 0.95 299.999 112.681 -22017.3 3356.09 -18661.3 53183.3 1.07267
492000 0.95 301.803 -67.5643 -21972.8 3376.26 -18596.6 53574.1 1.06487
493000 0.95 299.816 -83.9336 -22012.1 3354.04 -18658.1 53479.9 1.06673
494000 0.95 300.975 -171.918 -21970.7 3367 -18603.7 53792 1.06055
495000 0.95 300.181 -35.8345 -21982.1 3358.12 -18624 53463.4 1.06707
496000 0.95 300.87 -244.828 -22038.4 3365.82 -18672.5 53685.3 1.06265
497000 0.95 299.358 1.47666 -22024.2 3348.91 -18675.3 53611.7 1.06409
498000 0.95 299.803 129.744 -21956.8 3353.88 -18602.9 53547.1 1.06537
499000 0.95 298.853 -24.0203 -22034.9 3343.26 -18691.6 53586.8 1.06458
500000 0.95 300.697 49.685 -22005.1 3363.89 -18641.2 53393.7 1.06844
501000 0.95 299.199 -275.706 -21984.5 3347.13 -18637.4 53228.5 1.07175
502000 0.95 299.935 -24.4088 -22055.2 3355.37 -18699.9 53068 1.07501
503000 0.95 302.299 53.461 -22019.9 3381.81 -18638.1 53403.7 1.06824
504000 0.95 298.876 -340.731 -21974.9 3343.52 -18631.4 53719.8 1.06196
505000 0.95 300.337 1.95258 -22005.9 3359.87 -18646.1 53888.1 1.05864
506000 0.95 300.348 28.944 -22062.7 3359.99 -18702.7 53719 1.06197
507000 0.95 300.341 -101.549 -22061.5 3359.91 -18701.5 53323.1 1.06987
508000 0.95 299.357 -35.4012 -22007.8 3348.9 -18658.9 53100.4 1.07436
509000 0.95 299.931 -48.8789 -22014.6 3355.32 -18659.3 53267.4 1.07102
510000 0.95 301.238 -183.744 -22058.5 3369.95 -18688.5 53327.3 1.06978
511000 0.95 300.44 -80.6876 -22018.4 3361.01 -18657.3 53717.6 1.062
512000 0.95 299.241 -10.737 -22038.4 3347.61 -18690.8 53542.8 1.06548
513000 0.95 299.498 86.234 -22119.1 3350.48 -18768.6 53516 1.06599
514000 0.95 301.088 -234.133 -22054.8 3368.27 -18686.5 53572.3 1.06489
515000 0.95 299.081 210.33 -22096.7 3345.82 -18750.9 53384.8 1.06865
516000 0.95 299.705 122.815 -22032.8 3352.79 -18680 53627.7 1.06385
517000 0.95 301.455 -125.124 -22043.6 3372.37 -18671.2 53407.7 1.06816
518000 0.95 300.498 27.9952 -22103.4 3361.67 -18741.7 53612.9 1.06409
519000 0.95 299.644 -191.259 -22088.6 3352.11 -18736.5 53622.6 1.06394
520000 0.95 300.089 -6.4609 -22019.3 3357.09 -18662.2 53328.6 1.06974
521000 0.95 300.257 -84.0811 -22002.8 3358.97 -18643.8 53452.7 1.06727
522000 0.95 301.242 -161.201 -21990.3 3369.99 -18620.3 53488.5 1.06659
523000 0.95 299.713 62.5869 -22026.4 3352.88 -18673.6 53399.3 1.06832
524000 0.95 300.713 -71.1583 -21993.6 3364.07 -18629.5 53643.3 1.06346
525000 0.95 300.976 31.2821 -21957.4 3367.01 -18590.4 53403.6 1.06824
526000 0.95 297.861 -69.8883 -22041.8 3332.16 -18709.6 53683.2 1.06271
527000 0.95 301.546 125.709 -22066.1 3373.39 -18692.8 53518.6 1.06594
528000 0.95 299.315 -85.8478 -22050.6 3348.43 -18702.1 53512.6 1.06606
529000 0.95 299.865 -175.761 -22001.4 3354.59 -18646.8 53939.7 1.05763
530000 0.95 300.264 -258.039 -22005.6 3359.04 -18646.6 53831.3 1.05977
531000 0.95 299.721 138.328 -21983.8 3352.98 -18630.9 53389.7 1.06852
532000 0.95 301.071 -133.922 -21995.4 3368.08 -18627.4 53600.3 1.06433
533000 0.95 298.187 168.432 -22066.1 3335.81 -18730.2 53013.3 1.0761
534000 0.95 300.552 -184.062 -22063.9 3362.27 -18701.7 53535.9 1.0656
535000 0.95 300.148 101.897 -22029.6 3357.75 -18671.9 53583.2 1.06466
536000 0.95 300.318 -79.8971 -22028.8 3359.65 -18669.2 53641.3 1.06353
537000 0.95 300.458 -48.9344 -22045.2 3361.22 -18683.9 53586.3 1.0646
538000 0.95 299.961 -262.365 -22000.9 3355.66 -18645.3 53571.3 1.06492
539000 0.95 301.728 -57.9966 -21978.7 3375.43 -18603.3 53226.1 1.07181
540000 0.95 300.08 89.3479 -21936.5 3356.99 -18579.5 53563.6 1.06506
541000 0.95 301.013 -217.28 -21992 3367.42 -18624.6 53587.5 1.0646
542000 0.95 298.942 -45.6944 -22025.7 3344.26 -18681.4 53303 1.07027
543000 0.95 301.11 219.18 -22086.2 3368.51 -18717.7 53680.3 1.06274
544000 0.95 300.724 -101.012 -22036.1 3364.19 -18671.9 53743.8 1.06148
545000 0.95 299.289 -140.375 -22028.7 3348.14 -18680.5 53682.8 1.06268
546000 0.95 300.727 46.3176 -22017.1 3364.23 -18652.8 53543.6 1.06546
547000 0.95 301.618 109.718 -22034.8 3374.2 -18660.6 53130.7 1.07373
548000 0.95 300.194 86.0708 -21962 3358.26 -18603.8 53365.8 1.06899
549000 0.95 298.266 -122.39 -21973.7 3336.69 -18637 53394.9 1.06842
550000 0.95 297.759 76.9984 -22017.1 3331.02 -18686.1 53411.7 1.06808
551000 0.95 299.632 -33.1012 -22029.3 3351.98 -18677.3 53582.7 1.06469
552000 0.95 300.951 41.6453 -22049.9 3366.73 -18683.2 53379.2 1.06874
553000 0.95 299.987 171.708 -21994.4 3355.95 -18638.5 53670.8 1.06293
554000 0.95 299.333 -117.1 -22042.2 3348.63 -18693.6 53438 1.06761
555000 0.95 298.377 29.6938 -22007 3337.93 -18669.1 53432 1.06767
556000 0.95 298.414 -272.926 -22032.9 3338.35 -18694.5 53720.4 1.06195
557000 0.95 297.977 -168.424 -22004.2 3333.46 -18670.7 53637.9 1.06358
558000 0.95 300.205 68.4727 -22053.3 3358.38 -18694.9 53197.1 1.07238
559000 0.95 300.906 -60.7143 -22073 3366.23 -18706.8 53512 1.06608
560000 0.95 301.425 -237.849 -22099.7 3372.04 -18727.7 53386.9 1.06857
561000 0.95 300.497 -65.8439 -22052 3361.65 -18690.4 53084.1 1.07467
562000 0.95 299.165 -62.1878 -22070.4 3346.75 -18723.6 52674.1 1.08303
563000 0.95 301.147 -340.619 -22075.3 3368.93 -18706.3 53165.7 1.07305
564000 0.95 300.728 101.286 -22042.1 3364.24 -18677.9 53407.8 1.06816
565000 0.95 301.328 -80.9384 -22033.8 3370.95 -18662.9 53583.1 1.06467
566000 0.95 300.118 140.411 -22084.4 3357.42 -18726.9 53574.5 1.06483
567000 0.95 299.862 271.789 -22054.7 3354.55 -18700.2 53088.5 1.07458
568000 0.95 300.502 62.4981 -22057.7 3361.71 -18696 53516 1.06604
569000 0.95 302.216 -101.24 -21975.4 3380.89 -18594.6 53213.8 1.07205
570000 0.95 302.981 70.693 -22025.2 3389.44 -18635.7 52979.7 1.0768
571000 0.95 300.036 115.337 -21982.5 3356.5 -18626 52961.1 1.07717
572000 0.95 298.891 402.359 -22024.5 3343.68 -18680.8 53248.3 1.07136
573000 0.95 299.013 -290.848 -22049.8 3345.05 -18704.7 53591.6 1.0645
574000 0.95 300.206 -17.9046 -22023 3358.4 -18664.6 53576.6 1.06481
575000 0.95 300.495 -33.7841 -22034.8 3361.63 -18673.2 53649.2 1.06335
576000 0.95 300.65 136.543 -21979.2 3363.36 -18615.8 53549.2 1.06534
577000 0.95 301.554 -111.88 -21999.5 3373.47 -18626 54151.3 1.05349
578000 0.95 300.29 -259.332 -21979 3359.34 -18619.7 53930.9 1.05779
579000 0.95 298.753 -205.568 -21984 3342.15 -18641.8 53285.3 1.07061
580000 0.95 301.674 -67.2502 -22022.7 3374.82 -18647.9 53350.8 1.0693
581000 0.95 300.93 -182.727 -22059.2 3366.49 -18692.7 53611.6 1.0641
582000 0.95 299.958 227.738 -22017.7 3355.63 -18662.1 53463.6 1.06704
583000 0.95 299.907 173.053 -22062.3 3355.05 -18707.2 53458.3 1.06716
584000 0.95 297.726 107.361 -22081.6 3330.66 -18751 53213.2 1.07206
585000 0.95 299.549 105.179 -22031.9 3351.05 -18680.8 53044.6 1.07548
586000 0.95 298.384 -172.554 -21997.6 3338.02 -18659.6 53493.9 1.06644
587000 0.95 300.388 130.847 -22009.4 3360.44 -18649 53160.3 1.07313
588000 0.95 298.89 -33.3579 -22005.7 3343.68 -18662 53683.3 1.06267
589000 0.95 300.273 21.4519 -21973.1 3359.14 -18613.9 53630.3 1.06375
590000 0.95 298.593 81.5293 -22063.3 3340.36 -18723 53915.6 1.05809
591000 0.95 299.813 -113.101 -22035.4 3354 -18681.4 53885.2 1.05874
592000 0.95 299.397 -29.506 -22056.8 3349.35 -18707.5 53438.4 1.06756
593000 0.95 299.145 -66.8207 -22032.2 3346.53 -18685.6 53845.4 1.05947
594000 0.95 299.515 194.766 -22065.2 3350.67 -18714.5 53201.7 1.0723
595000 0.95 300.067 45.7223 -22032.9 3356.85 -18676.1 53158 1.07318
596000 0.95 297.808 58.9573 -22064.6 3331.57 -18733 53419.4 1.06792
597000 0.95 299.701 -46.6479 -22019.3 3352.75 -18666.5 53558.1 1.06516
598000 0.95 301.774 -114.65 -22093.9 3375.94 -18717.9 53304 1.07025
599000 0.95 299.529 79.5427 -22055.4 3350.82 -18704.5 53485.8 1.06661
600000 0.95 300.882 221.041 -21993.2 3365.96 -18627.3 53532 1.06569
