# Time-averaged data for fix thermo_avg
# TimeStep v_epsilon_co v_temp v_press v_pe v_ke v_etotal v_vol v_dens
601000 0.95 299.861 139.565 -22088.1 3354.54 -18733.5 53560.3 1.06512
602000 0.95 300.173 -50.5947 -22114.1 3358.03 -18756.1 53427.7 1.06776
603000 0.95 300.791 30.6595 -22101 3364.95 -18736.1 53307.9 1.07017
604000 0.95 301.3 -59.2809 -22106.7 3370.64 -18736.1 53520.9 1.0659
605000 0.95 298.29 86.6577 -21999.4 3336.96 -18662.4 53326.7 1.06978
606000 0.95 301.131 -104.833 -21995 3368.75 -18626.3 53277.9 1.07078
607000 0.95 300.744 199.569 -22038.3 3364.42 -18673.8 53520.6 1.0659
608000 0.95 298.866 86.4431 -22029.3 3343.4 -18685.9 53565.6 1.06501
609000 0.95 300.938 146.369 -22037.4 3366.59 -18670.8 53363.1 1.06906
610000 0.95 299.237 -99.7607 -22032.8 3347.56 -18685.2 53359.4 1.06914
611000 0.95 298.499 -14.0474 -22015.6 3339.3 -18676.3 53433.9 1.06764
612000 0.95 300.451 -125.711 -22078.1 3361.14 -18717 53375.4 1.06881
613000 0.95 300.567 156.982 -22050.2 3362.44 -18687.7 53523.5 1.06588
614000 0.95 301.303 121.647 -21995.8 3370.68 -18625.1 53897.7 1.05845
615000 0.95 300.217 -71.3474 -22045.1 3358.53 -18686.6 53542.7 1.06547
616000 0.95 300.449 -5.43799 -22030.3 3361.12 -18669.2 53703.3 1.06228
617000 0.95 299.173 -146.784 -22046.4 3346.85 -18699.5 53741.4 1.06155
618000 0.95 298.932 440.199 -22004.9 3344.15 -18660.8 54081.4 1.05487
619000 0.95 297.448 86.8012 -22049 3327.54 -18721.4 54026.2 1.05594
620000 0.95 300.202 140.737 -22058.7 3358.35 -18700.3 53628.7 1.06376
621000 0.95 299.158 84.5726 -22051.8 3346.68 -18705.1 53526.7 1.06579
622000 0.95 300.682 -165.496 -21993.7 3363.73 -18630 53743.9 1.06148
623000 0.95 297.163 53.1178 -21987.6 3324.36 -18663.2 53642.7 1.06348
624000 0.95 299.427 -175.762 -22006.5 3349.68 -18656.9 53786.1 1.06066
625000 0.95 300.34 201.819 -21975.6 3359.89 -18615.7 53850.4 1.05938
626000 0.95 299.376 -213.634 -22076.3 3349.12 -18727.1 53549.1 1.06534
627000 0.95 301.691 191.694 -22027.2 3375.01 -18652.2 53612.4 1.06408
628000 0.95 300.327 -167.773 -22004.9 3359.75 -18645.1 53425.4 1.06781
629000 0.95 302.336 -37.7678 -21968.3 3382.23 -18586.1 53094.7 1.07446
630000 0.95 300.495 55.968 -21969.7 3361.63 -18608.1 53476.2 1.06679
631000 0.95 298.9 75.6505 -22029.5 3343.79 -18685.7 53306.3 1.07022
632000 0.95 300.627 -8.51211 -22022.8 3363.11 -18659.7 53542.1 1.06548
633000 0.95 299.436 -10.2189 -22020.8 3349.78 -18671 53721.7 1.06191
634000 0.95 300.356 -67.9947 -22088.2 3360.08 -18728.2 53614.5 1.06404
635000 0.95 297.799 -87.2687 -21995.5 3331.47 -18664 53554.9 1.06524
636000 0.95 300.375 -178.953 -21973.7 3360.29 -18613.4 53628.3 1.06377
637000 0.95 300.639 -118.135 -22003 3363.24 -18639.7 53720.7 1.06194
638000 0.95 298.798 69.6892 -22015.4 3342.65 -18672.8 53504.2 1.06628
639000 0.95 300.48 -93.838 -21980.5 3361.46 -18619 53518.9 1.06596
640000 0.95 299.201 162.497 -22051.2 3347.15 -18704 53364.1 1.06903
641000 0.95 301.949 32.1778 -22071.4 3377.9 -18693.5 53455.8 1.0672
642000 0.95 299.091 91.3178 -22060.9 3345.93 -18714.9 53344.7 1.06943
643000 0.95 301.601 78.5758 -22004.6 3374 -18630.6 53393.1 1.06845
644000 0.95 300.626 -186.51 -22002.3 3363.1 -18639.2 53784.7 1.06069
645000 0.95 296.875 14.1171 -22043.5 3321.14 -18722.3 53752.6 1.06133
646000 0.95 301.278 -55.5717 -22047 3370.39 -18676.6 53924.3 1.05793
647000 0.95 301.228 -154.043 -22072.3 3369.83 -18702.5 53842.6 1.05953
648000 0.95 298.706 57.8022 -22061.4 3341.62 -18719.8 53567.5 1.065
649000 0.95 300.731 174.836 -22024.1 3364.28 -18659.8 53351.8 1.06928
650000 0.95 301.278 -9.96613 -22032.2 3370.39 -18661.8 53495 1.06643
651000 0.95 298.104 -96.5564 -22077.6 3334.89 -18742.7 53457.8 1.06716
652000 0.95 301.245 -201.96 -22052.9 3370.02 -18682.9 53749 1.06139
653000 0.95 299.946 218.934 -22098.9 3355.49 -18743.4 53489.8 1.06652
654000 0.95 300.791 -118.292 -22057.5 3364.94 -18692.5 53605.2 1.06423
655000 0.95 299.765 -265.326 -21963.6 3353.47 -18610.1 53566.3 1.065
656000 0.95 301.12 16.6715 -22054 3368.62 -18685.4 53453.8 1.06726
657000 0.95 299.856 -135.084 -22054.7 3354.49 -18700.2 53339 1.06954
658000 0.95 301.114 -55.4475 -22043.5 3368.55 -18675 53220 1.07196
659000 0.95 298.578 160.62 -22103.6 3340.18 -18763.4 53198.5 1.07238
660000 0.95 299.516 -16.2956 -22065.3 3350.68 -18714.6 53354.9 1.06922
661000 0.95 299.787 -147.037 -22063.6 3353.71 -18709.9 53500.1 1.06632
662000 0.95 300.588 -104.901 -22082.2 3362.68 -18719.6 53244.6 1.07145
663000 0.95 300.05 138.892 -22057.5 3356.66 -18700.9 53685.2 1.06266
664000 0.95 299.717 -239.036 -22078.1 3352.92 -18725.1 53517.8 1.066
665000 0.95 302.705 96.0532 -22037.1 3386.36 -18650.7 53533.8 1.06565
666000 0.95 299.039 -18.9128 -22012.1 3345.35 -18666.7 53683.3 1.0627
667000 0.95 298.841 -71.1222 -22092.6 3343.13 -18749.5 53838.7 1.05963
668000 0.95 300.004 106.778 -22067.5 3356.14 -18711.3 53667.5 1.063
669000 0.95 300.707 181.774 -22070.6 3364 -18706.6 53905.2 1.05831
670000 0.95 297.666 -16.02 -22081.2 3329.98 -18751.2 53690 1.06255
671000 0.95 300.198 79.3486 -22022.9 3358.31 -18664.6 53379.9 1.06872
672000 0.95 299.312 168.21 -22046.9 3348.4 -18698.5 53314.3 1.07004
673000 0.95 299.474 -198.378 -22031.5 3350.21 -18681.3 53455 1.06722
674000 0.95 299.726 63.7988 -22091.7 3353.03 -18738.7 53557.9 1.06518
675000 0.95 300.11 -58.1076 -21956.7 3357.32 -18599.4 53385.8 1.0686
676000 0.95 300.841 25.6412 -21994.2 3365.5 -18628.7 53205.1 1.07223
677000 0.95 299.853 18.9113 -22015.8 3354.45 -18661.4 53111.8 1.07412
678000 0.95 300.542 -178.301 -22041.7 3362.15 -18679.5 53192.7 1.07248
679000 0.95 299.358 -73.5373 -21976 3348.91 -18627.1 53673.4 1.06289
680000 0.95 299.133 133.54 -21984.4 3346.39 -18638 53412.6 1.06807
681000 0.95 301.067 34.3963 -21973.2 3368.03 -18605.2 53592.3 1.06448
682000 0.95 300.852 -97.2938 -22057 3365.62 -18691.4 53244.6 1.07144
683000 0.95 300.907 6.94485 -22054.2 3366.24 -18687.9 53304.7 1.07024
684000 0.95 299.36 1.98181 -22051.2 3348.93 -18702.3 53504.9 1.06623
685000 0.95 300.961 146.604 -21991.5 3366.84 -18624.7 53386.2 1.06861
686000 0.95 298.706 82.9705 -22040.5 3341.62 -18698.9 53369.6 1.06893
687000 0.95 299.959 -15.013 -22010.9 3355.64 -18655.2 53424.2 1.06783
688000 0.95 301.26 123.885 -22001.3 3370.19 -18631.1 53322.2 1.06987
689000 0.95 299.685 105.162 -22020.4 3352.57 -18667.8 53878.8 1.05886
690000 0.95 300.583 -103.901 -22006.1 3362.61 -18643.5 53542.4 1.06547
691000 0.95 299.808 139.173 -21972.3 3353.94 -18618.4 53730.9 1.06174
692000 0.95 299.588 138.792 -21974.6 3351.48 -18623.1 53513.1 1.06606
693000 0.95 301.577 -56.7788 -22036.9 3373.73 -18663.2 53459.7 1.06715
694000 0.95 299.493 95.9181 -22000.4 3350.42 -18650 53591 1.0645
695000 0.95 301.372 153.428 -22036.2 3371.45 -18664.7 53614.4 1.06405
696000 0.95 301.677 123.557 -22044.8 3374.86 -18669.9 53590.8 1.06452
697000 0.95 299.836 59.5806 -22107.4 3354.26 -18753.2 53357.5 1.06918
698000 0.95 299.797 -243.114 -22004.3 3353.83 -18650.5 53822.2 1.05995
699000 0.95 300.414 6.98529 -22011.7 3360.72 -18651 53626.6 1.0638
700000 0.95 299.702 67.9119 -22018.8 3352.76 -18666.1 53336.2 1.06964
701000 0.95 301.23 -84.7724 -21942.5 3369.85 -18572.7 53764.2 1.06107
702000 0.95 299.132 -54.643 -22016.9 3346.38 -18670.5 53828.2 1.05982
703000 0.95 300.469 -54.0873 -22046.3 3361.34 -18685 53384.4 1.06864
704000 0.95 301.649 32.8537 -22052.9 3374.54 -18678.4 53249.8 1.07133
705000 0.95 301.271 -52.917 -22017.5 3370.31 -18647.1 53398.8 1.06835
706000 0.95 299.604 -50.9709 -22077.2 3351.66 -18725.6 53593 1.06447
707000 0.95 299.925 116.889 -22056.9 3355.25 -18701.6 53537 1.0656
708000 0.95 299.359 54.6416 -22068.2 3348.92 -18719.2 53240 1.07154
709000 0.95 298.939 158.259 -22102.3 3344.22 -18758.1 53278.6 1.07075
710000 0.95 301.61 -67.1987 -22088.4 3374.11 -18714.3 53397 1.06837
711000 0.95 299.647 -60.937 -22041.1 3352.14 -18689 53314.8 1.07002
712000 0.95 301 -111.094 -21959.6 3367.28 -18592.3 53550.7 1.06534
713000 0.95 301.024 226.935 -22001.2 3367.56 -18633.6 53687.6 1.06261
714000 0.95 300.532 -76.2323 -22051 3362.05 -18689 53510.1 1.06612
715000 0.95 298.025 98.6762 -22018 3334 -18684 53101.5 1.07433
716000 0.95 298.537 -77.7957 -22054.1 3339.73 -18714.3 53336.8 1.06958
717000 0.95 300.869 121.176 -22115.7 3365.81 -18749.9 53467.2 1.06698
718000 0.95 300.178 -21.2411 -22109 3358.09 -18750.9 53636.6 1.0636
719000 0.95 300.658 -150.096 -22097 3363.45 -18733.6 53574 1.06486
720000 0.95 299.08 93.8671 -22047.3 3345.8 -18701.5 53711.6 1.06212
721000 0.95 300.427 -193.659 -22068.9 3360.87 -18708 53320.8 1.0699
722000 0.95 299.044 100.126 -22011.1 3345.4 -18665.7 53170.5 1.07293
723000 0.95 300.943 -17.6299 -22024.9 3366.64 -18658.2 53200.6 1.07234
724000 0.95 299.031 -43.7645 -22004.4 3345.25 -18659.2 53132.8 1.0737
725000 0.95 299.445 78.9589 -21973.2 3349.88 -18623.4 53354.5 1.06923
726000 0.95 299.183 57.3241 -22021.2 3346.96 -18674.2 53431.3 1.06769
727000 0.95 300.496 63.1768 -22028.6 3361.64 -18666.9 53441.4 1.06751
728000 0.95 301.786 -29.2186 -22046 3376.08 -18669.9 53222 1.07189
729000 0.95 300.843 -167.467 -22021.2 3365.52 -18655.7 53595.8 1.06444
730000 0.95 300.752 63.5228 -22059.5 3364.51 -18695 53315.5 1.07005
731000 0.95 299.374 21.7952 -22057.1 3349.09 -18708 53202.3 1.07229
732000 0.95 298.374 -110.759 -22040.7 3337.91 -18702.8 53279.9 1.07072
733000 0.95 299.601 -231.901 -21976.5 3351.63 -18624.9 53041.4 1.07555
734000 0.95 302.329 192.207 -21991.2 3382.14 -18609.1 53112.3 1.07415
735000 0.95 301.362 4.96262 -21987.9 3371.33 -18616.6 53501.2 1.06634
736000 0.95 299.926 37.6034 -22026.6 3355.26 -18671.3 53511.2 1.06612
737000 0.95 300.636 175.71 -22009.2 3363.21 -18645.9 53619.9 1.06393
738000 0.95 301.469 -20.5416 -22048 3372.53 -18675.5 53481.1 1.06669
739000 0.95 298.758 150.376 -22044.5 3342.2 -18702.3 53877.4 1.05886
740000 0.95 299.033 -33.9716 -22038 3345.28 -18692.7 53807.7 1.06023
741000 0.95 299.857 -170.028 -22096.6 3354.49 -18742.1 53703.9 1.06228
742000 0.95 300.983 94.3317 -22054 3367.09 -18686.9 53643.5 1.06347
743000 0.95 299.108 -157.873 -22075.9 3346.12 -18729.8 53572.1 1.06489
744000 0.95 298.727 26.5205 -22052.9 3341.86 -18711.1 53604.3 1.06424
745000 0.95 298.656 139.448 -22052.8 3341.06 -18711.7 53346.4 1.0694
746000 0.95 300.734 -170.379 -22135.9 3364.31 -18771.6 53864.2 1.05913
747000 0.95 299.302 97.8427 -22042.1 3348.29 -18693.8 53794.2 1.0605
748000 0.95 299.873 28.4309 -22110.1 3354.67 -18755.4 53556.3 1.0652
749000 0.95 300.582 -106.939 -22065.6 3362.61 -18703 53377.2 1.06877
750000 0.95 300.52 23.2258 -21994.1 3361.92 -18632.2 53355.7 1.0692
751000 0.95 302.102 -52.7579 -22052 3379.6 -18672.4 53635.4 1.06365
752000 0.95 298.536 -72.4681 -22048.3 3339.72 -18708.6 53725.8 1.06184
753000 0.95 300.602 -293.546 -21997.8 3362.83 -18635 53880.2 1.05881
754000 0.95 300.19 248.955 -21959 3358.22 -18600.8 53496.4 1.06639
755000 0.95 299.618 -50.2069 -22002.9 3351.82 -18651 53263.3 1.07106
756000 0.95 300.725 74.7504 -22031.8 3364.2 -18667.6 53472.6 1.06686
757000 0.95 300.172 61.5024 -22087.7 3358.02 -18729.7 53797.1 1.06044
758000 0.95 300.858 67.9308 -22079.3 3365.69 -18713.6 53745.5 1.06145
759000 0.95 300.45 226.332 -22002.7 3361.13 -18641.6 53465.3 1.06701
760000 0.95 299.515 -149.94 -21990.6 3350.66 -18639.9 53239.3 1.07154
761000 0.95 298.983 216.416 -22073.6 3344.72 -18728.9 53667.9 1.06298
762000 0.95 300.832 88.7548 -22045.1 3365.4 -18679.7 53724.2 1.06187
763000 0.95 299.857 48.62 -22069.3 3354.49 -18714.8 53363 1.06906
764000 0.95 299.742 -437.142 -22047.1 3353.21 -18693.9 53592.7 1.06448
765000 0.95 300.459 -60.8068 -22033.5 3361.23 -18672.3 53276.7 1.07078
766000 0.95 299.304 87.2412 -22092.6 3348.31 -18744.3 53327.2 1.06978
767000 0.95 300.707 -50.7724 -22010.7 3364.01 -18646.7 53783 1.0607
768000 0.95 297.997 -104.889 -21991.9 3333.69 -18658.2 53475.6 1.06681
769000 0.95 297.801 -0.161429 -22037.1 3331.49 -18705.6 53249.6 1.07135
770000 0.95 299.041 -186.424 -22010 3345.37 -18664.6 53617.7 1.06399
771000 0.95 299.8 -63.8355 -22024.7 3353.85 -18670.9 53560.3 1.06512
772000 0.95 299.976 155.759 -21963.4 3355.83 -18607.5 53651.3 1.06332
773000 0.95 302.151 -111.928 -22051.4 3380.15 -18671.2 53879.6 1.05883
774000 0.95 299.729 63.4137 -21970 3353.07 -18616.9 53806.6 1.06025
775000 0.95 301.006 181.648 -22004.7 3367.34 -18637.3 53626.6 1.0638
776000 0.95 298.569 -189.029 -22020.1 3340.09 -18680 53612.4 1.06408
777000 0.95 300.825 -56.1443 -21990.7 3365.32 -18625.4 53782.3 1.06074
778000 0.95 299.207 -25.3488 -21968.2 3347.22 -18621 54007.5 1.05631
779000 0.95 300.8 215.437 -22049.2 3365.05 -18684.1 53901.1 1.05838
780000 0.95 298.862 -79.4906 -21992 3343.36 -18648.7 53561.9 1.06511
781000 0.95 300.182 -100.901 -22074.2 3358.13 -18716 53317.7 1.06996
782000 0.95 300.587 -19.606 -22090.3 3362.66 -18727.6 53543.6 1.06544
783000 0.95 300.55 -21.6507 -21967.3 3362.25 -18605 53739.3 1.06157
784000 0.95 298.946 157.452 -22118.5 3344.3 -18774.2 53295.3 1.07042
785000 0.95 298.915 261.493 -22119.2 3343.96 -18775.2 53366.8 1.06898
786000 0.95 299.51 129.738 -22024.1 3350.62 -18673.5 53372.7 1.06886
787000 0.95 299.226 -62.444 -22027.2 3347.43 -18679.7 53339.4 1.06953
788000 0.95 301.224 121.316 -22067.8 3369.79 -18698.1 53526.1 1.0658
789000 0.95 300.985 57.2122 -22024.4 3367.11 -18657.3 53334.4 1.06963
790000 0.95 299.508 -161.023 -22038.2 3350.59 -18687.6 53681.5 1.06276
791000 0.95 299.043 160.582 -22036 3345.39 -18690.6 53997.3 1.05651
792000 0.95 299.439 173.564 -22044.5 3349.82 -18694.7 53694.4 1.06246
793000 0.95 300.084 82.0165 -22005.4 3357.04 -18648.4 53877.6 1.05885
794000 0.95 298.751 1.51729 -22042.9 3342.12 -18700.8 53805.6 1.06027
795000 0.95 299.288 -133.747 -21979.5 3348.13 -18631.4 53879.2 1.05882
796000 0.95 299.882 159.36 -22002.1 3354.77 -18647.4 53483 1.06666
797000 0.95 299.193 -225.203 -22062.1 3347.06 -18715 53535.3 1.06562
798000 0.95 299.314 4.94365 -22035.7 3348.42 -18687.3 53700.5 1.06234
799000 0.95 298.195 -136.399 -22019.3 3335.9 -18683.4 53733.6 1.0617
800000 0.95 301.601 -56.1742 -22067.6 3374 -18693.6 53380.9 1.06871
801000 0.95 300.968 185.3 -22006.7 3366.92 -18639.7 53823.4 1.05993
802000 0.95 300.735 -93.3664 -22009 3364.31 -18644.7 53682.2 1.06269
803000 0.95 298.336 -7.01219 -22092.6 3337.48 -18755.1 53029.7 1.07578
804000 0.95 299.938 -23.2907 -22032.1 3355.4 -18676.7 53019.4 1.07598
805000 0.95 300.879 37.1027 -21943 3365.93 -18577.1 53296.1 1.07041
806000 0.95 299.732 -106.449 -22033.6 3353.1 -18680.5 53342.9 1.06945
807000 0.95 302.865 -152.26 -22082.3 3388.14 -18694.2 53578 1.06477
808000 0.95 299.645 -42.5288 -22049.2 3352.13 -18697.1 53415 1.06804
809000 0.95 300.098 89.3217 -22052 3357.19 -18694.8 53268.8 1.07095
810000 0.95 299.796 71.0869 -22029.6 3353.81 -18675.8 53196.6 1.07241
811000 0.95 300.658 122.592 -22086.4 3363.45 -18722.9 53118.4 1.07398
812000 0.95 301.359 92.3167 -22033 3371.29 -18661.8 53745 1.06146
813000 0.95 301.482 -65.9179 -22003.8 3372.67 -18631.1 53785.4 1.06069
814000 0.95 302.913 71.3922 -21944.9 3388.68 -18556.2 53763.6 1.06113
815000 0.95 297.494 59.4944 -21979.6 3328.06 -18651.6 53537.7 1.06558
816000 0.95 300.377 145.442 -22049.7 3360.32 -18689.4 53443.1 1.06747
817000 0.95 300.493 -133.574 -22089.9 3361.61 -18728.3 53344.9 1.06945
818000 0.95 297.289 266.226 -22074.2 3325.77 -18748.4 53635.5 1.06366
819000 0.95 299.853 35.1424 -22060.2 3354.45 -18705.8 54191.1 1.05274
820000 0.95 301.608 49.4772 -22040.7 3374.08 -18666.6 53552.3 1.06527
821000 0.95 299.969 135.462 -22081.7 3355.75 -18725.9 53469.4 1.06695
822000 0.95 299.621 141.894 -22050.4 3351.85 -18698.5 53352 1.06927
823000 0.95 299.647 -112.616 -22027.6 3352.15 -18675.4 53691.3 1.06251
824000 0.95 301.23 -268.88 -22059.1 3369.85 -18689.2 53478.3 1.06675
825000 0.95 298.903 61.6108 -22049.9 3343.82 -18706 53558.9 1.06515
826000 0.95 300.397 -54.5306 -22068.5 3360.54 -18708 53543 1.06548
827000 0.95 300.348 62.1607 -22034.1 3359.99 -18674.1 53581.2 1.06472
828000 0.95 300.355 159.896 -22002.8 3360.06 -18642.7 53582.1 1.06468
829000 0.95 299.91 -280.118 -22000.2 3355.08 -18645.1 54267.5 1.05123
830000 0.95 300.042 237.08 -22053.5 3356.57 -18696.9 53621.4 1.06394
831000 0.95 300.202 96.4796 -22041.3 3358.35 -18682.9 53143.8 1.07347
832000 0.95 299.843 42.7014 -22099.2 3354.34 -18744.9 53203.8 1.07229
833000 0.95 300.437 -48.6911 -22072.3 3360.98 -18711.3 53715.4 1.06206
834000 0.95 301.449 114.694 -22099.3 3372.3 -18727 53568.7 1.06495
835000 0.95 299.169 217.344 -22030.9 3346.8 -18684.1 53653.3 1.06329
836000 0.95 299.478 -120.9 -22000.9 3350.25 -18650.6 53816.4 1.06005
837000 0.95 299.583 -167.44 -21977 3351.43 -18625.6 54002.8 1.0564
838000 0.95 301.175 -15.3475 -22095.3 3369.23 -18726.1 53812.5 1.06014
839000 0.95 299.1 -44.5901 -22012.7 3346.02 -18666.6 53592.8 1.06448
840000 0.95 299.156 46.7172 -22021.2 3346.65 -18674.5 53343.8 1.06945
841000 0.95 298.689 129.025 -21996 3341.43 -18654.6 53504.1 1.06625
842000 0.95 299.669 -31.8192 -22028.5 3352.4 -18676.1 53403.5 1.06825
843000 0.95 300.591 -27.4023 -22027.4 3362.7 -18664.7 53332.5 1.06968
844000 0.95 300.853 121.988 -22019.6 3365.63 -18653.9 53623.3 1.06387
845000 0.95 299.108 -6.30249 -22050 3346.11 -18703.9 53403 1.06825
846000 0.95 300.489 -82.5122 -22026.9 3361.57 -18665.4 53490.1 1.06652
847000 0.95 298.913 270.494 -21985.3 3343.94 -18641.4 53509 1.06614
848000 0.95 300.11 84.1581 -22008.3 3357.33 -18651 53316.8 1.06998
849000 0.95 299.877 31.5822 -22000.4 3354.72 -18645.6 53491.2 1.0665
850000 0.95 300.757 -47.2126 -22041.9 3364.56 -18677.3 53391.3 1.06849
851000 0.95 299.838 -156.711 -21988.6 3354.28 -18634.4 53966.1 1.05712
852000 0.95 299.302 -63.5964 -22063.9 3348.29 -18715.6 53929.4 1.05782
853000 0.95 300.444 153.888 -22051.1 3361.06 -18690.1 53731.6 1.06174
854000 0.95 300.648 -195.665 -22025.9 3363.34 -18662.5 53679.5 1.06276
855000 0.95 298.068 97.1681 -22060.1 3334.48 -18725.6 53436.2 1.06759
856000 0.95 299.192 12.646 -22029.4 3347.05 -18682.3 53691.5 1.06255
857000 0.95 299.001 -13.1026 -22037.6 3344.91 -18692.7 53840.1 1.05959
858000 0.95 300.246 -101.079 -22012.1 3358.85 -18653.2 53455.7 1.06721
859000 0.95 300.438 3.75739 -22023.9 3361 -18662.9 53324.5 1.06984
860000 0.95 298.52 -179.517 -22061.7 3339.54 -18722.1 53375.3 1.06881
861000 0.95 300.262 20.7104 -21994.1 3359.03 -18635.1 53569.1 1.06496
862000 0.95 300.697 375.814 -22037.2 3363.89 -18673.3 53450.6 1.06731
863000 0.95 300.354 -37.266 -21958.3 3360.06 -18598.2 53565.4 1.06502
864000 0.95 298.78 71.3718 -22026.2 3342.44 -18683.8 53174 1.07285
865000 0.95 300.256 -253.244 -22061.3 3358.96 -18702.4 53454.6 1.06728
866000 0.95 298.85 318.208 -22038.5 3343.23 -18695.3 53779.5 1.06079
867000 0.95 298.615 96.7813 -22020.6 3340.6 -18680 53493.2 1.06648
868000 0.95 301.624 -18.8716 -22020.2 3374.26 -18645.9 53616.5 1.064
869000 0.95 299.047 -42.0585 -22083 3345.43 -18737.6 53285 1.07063
870000 0.95 298.748 170.771 -21993.2 3342.09 -18651.1 53312.8 1.07006
871000 0.95 298.266 -25.5275 -21914.8 3336.7 -18578.1 53422.4 1.06789
872000 0.95 299.154 61.2098 -22011.8 3346.63 -18665.2 53376 1.0688
873000 0.95 298.316 82.5635 -22028 3337.25 -18690.8 53594.4 1.06446
874000 0.95 299.406 170.06 -22024.1 3349.44 -18674.6 53540.3 1.06554
875000 0.95 300.901 93.1855 -22031.3 3366.17 -18665.1 53362.4 1.06907
876000 0.95 300.904 -269.997 -22066.2 3366.21 -18700 53517.6 1.06596
877000 0.95 298.975 176.559 -22072.4 3344.63 -18727.8 53416.1 1.06799
878000 0.95 298.767 -49.4689 -22019.8 3342.3 -18677.5 53243.4 1.07147
879000 0.95 300.669 -26.9352 -22068.6 3363.58 -18705 53436 1.0676
880000 0.95 300.382 -255.187 -22081.3 3360.37 -18720.9 53398.2 1.06835
881000 0.95 302.191 -167.453 -22100.1 3380.61 -18719.5 53518.1 1.06599
882000 0.95 300.465 -60.9124 -22093.2 3361.3 -18731.9 53729.8 1.06176
883000 0.95 297.398 107.884 -22057.5 3326.99 -18730.5 53472.6 1.06688
884000 0.95 297.998 -168.384 -21981.6 3333.7 -18647.9 53500.7 1.06633
885000 0.95 300.075 -145.019 -22004.8 3356.94 -18647.8 53528.2 1.06575
886000 0.95 299.556 -161.817 -22009.7 3351.13 -18658.6 53168.3 1.07298
887000 0.95 299.989 -86.3297 -22041.2 3355.97 -18685.2 53406.5 1.06819
888000 0.95 300.165 171.389 -22101.5 3357.94 -18743.6 53419.9 1.06792
889000 0.95 300.015 -209.08 -22062.2 3356.26 -18705.9 53640.7 1.06353
890000 0.95 302.075 121.62 -21998.7 3379.31 -18619.4 54003.8 1.05637
891000 0.95 300.341 88.0995 -22028.9 3359.91 -18669 53795 1.06048
892000 0.95 301.999 141.895 -22051.6 3378.45 -18673.2 53877.1 1.05885
893000 0.95 302.845 -62.4925 -22035.6 3387.92 -18647.7 53758.3 1.06121
894000 0.95 298.419 19.1271 -22035.8 3338.4 -18697.4 53589.3 1.06455
895000 0.95 300.826 -188.139 -22073.1 3365.34 -18707.8 53489 1.06654
896000 0.95 299.981 169.667 -22059.6 3355.88 -18703.7 53396.8 1.06838
897000 0.95 298.743 75.8647 -22040.4 3342.03 -18698.4 53058.8 1.07522
898000 0.95 298.225 140.159 -22064.1 3336.23 -18727.9 53598.3 1.06439
899000 0.95 300.194 45.9072 -22087.6 3358.26 -18729.3 53500.3 1.06634
900000 0.95 300.01 -137.359 -22014.9 3356.2 -18658.7 53534.1 1.06565
901000 0.95 299.786 44.4428 -21971.8 3353.7 -18618.1 53624.1 1.06385
902000 0.95 299.729 -38.9404 -22024.3 3353.06 -18671.2 53545.7 1.0654
903000 0.95 301.42 -144.486 -22043.9 3371.98 -18671.9 53406.9 1.06817
904000 0.95 301.71 12.1078 -22006.5 3375.22 -18631.3 53656.5 1.06321
905000 0.95 300.734 123.798 -22035.4 3364.3 -18671.1 53868.3 1.05903
906000 0.95 302.721 -79.8506 -22069.9 3386.53 -18683.4 53700.7 1.06235
907000 0.95 300.325 66.1593 -22125.7 3359.73 -18766 53272 1.07089
908000 0.95 300.766 -75.18 -22084.5 3364.66 -18719.8 53020.3 1.07597
909000 0.95 300.043 -206.153 -21997.6 3356.57 -18641 53599.5 1.06435
910000 0.95 299.31 183.273 -21987.3 3348.37 -18638.9 53641.2 1.06352
911000 0.95 300.712 237.115 -21953.6 3364.06 -18589.6 53157.5 1.0732
912000 0.95 301.229 89.2442 -22044 3369.85 -18674.2 53471.3 1.06689
913000 0.95 298.514 40.5437 -22067.9 3339.47 -18728.4 53639.4 1.06355
914000 0.95 299.34 205.523 -22045.4 3348.71 -18696.6 53628.6 1.06378
915000 0.95 299.34 -164.159 -22057.8 3348.71 -18709.1 53854 1.05932
916000 0.95 301.183 64.8625 -22126.6 3369.33 -18757.2 53707.2 1.06222
917000 0.95 301.323 180.776 -22080.1 3370.89 -18709.2 53596.5 1.0644
918000 0.95 300.301 40.1033 -22106.8 3359.46 -18747.4 53668 1.063
919000 0.95 297.933 -46.0902 -22021.8 3332.98 -18688.8 53702.4 1.06232
920000 0.95 298.02 -52.5808 -22025.4 3333.95 -18691.4 53700.1 1.06235
921000 0.95 299.403 112.146 -22046.5 3349.41 -18697 53433.2 1.06768
922000 0.95 298.094 -126.288 -22045.1 3334.78 -18710.3 53578.4 1.06476
923000 0.95 299.232 -37.0766 -22004.9 3347.5 -18657.4 53540.3 1.06557
924000 0.95 299.796 -92.4336 -22003.4 3353.82 -18649.5 53903.4 1.05835
925000 0.95 301.238 -58.5298 -22022.7 3369.94 -18652.8 53712.7 1.06209
926000 0.95 300.812 435.453 -22005.4 3365.18 -18640.2 53841.4 1.05957
927000 0.95 298.719 -73.2393 -22044.8 3341.76 -18703.1 53514.3 1.06605
928000 0.95 298.77 206.664 -22017.9 3342.33 -18675.6 53650.4 1.06335
929000 0.95 299.267 -244.386 -22025.8 3347.89 -18677.9 53544.9 1.06543
930000 0.95 300.095 361.754 -22034.1 3357.16 -18676.9 53747.7 1.06143
931000 0.95 300.173 -119.274 -22041.1 3358.03 -18683.1 53466.5 1.067
932000 0.95 300.124 -78.9932 -22045.1 3357.48 -18687.6 53906 1.05831
933000 0.95 298.239 143.754 -22040.4 3336.39 -18704 53523.3 1.06587
934000 0.95 300.094 -6.197 -22031.2 3357.15 -18674 53662.1 1.0631
935000 0.95 299.746 9.21667 -22022.8 3353.25 -18669.6 53307.2 1.0702
936000 0.95 299.4 -447.8 -21982.8 3349.38 -18633.4 53287.9 1.07057
937000 0.95 299.461 148.307 -22048.9 3350.07 -18698.8 53690.9 1.06253
938000 0.95 299.262 63.7627 -22058.4 3347.84 -18710.6 53865.2 1.05911
939000 0.95 300.594 -222.468 -21975.2 3362.74 -18612.5 53712.3 1.06213
940000 0.95 299.066 -114.77 -21980.3 3345.65 -18634.6 53468.7 1.06694
941000 0.95 300.762 4.03391 -22028 3364.62 -18663.3 53597.1 1.06438
942000 0.95 298.724 13.4228 -22033.7 3341.82 -18691.9 53721.9 1.06191
943000 0.95 298.817 -340.912 -22112.9 3342.86 -18770 53762 1.06112
944000 0.95 299.708 149.209 -22125.5 3352.83 -18772.7 53449.6 1.06733
945000 0.95 298.402 -11.6692 -22068.6 3338.21 -18730.4 53579.5 1.06474
946000 0.95 299.837 -10.4434 -22084.2 3354.28 -18729.9 53507.9 1.06616
947000 0.95 301.001 -165.918 -22096.2 3367.29 -18728.9 53387.3 1.06859
948000 0.95 302.447 -53.5277 -22073.6 3383.47 -18690.1 53465.7 1.067
949000 0.95 300.727 15.2599 -22073.2 3364.22 -18709 53196.7 1.07242
950000 0.95 299.532 -88.9175 -22120.2 3350.86 -18769.3 53207.9 1.07218
951000 0.95 302.511 326.876 -21969 3384.19 -18584.8 53477.4 1.06678
952000 0.95 299.01 -36.4433 -22035.6 3345.02 -18690.6 53677.8 1.06279
953000 0.95 299.272 -26.6288 -22076.7 3347.95 -18728.8 53708.8 1.06219
954000 0.95 302.785 270.247 -21983.7 3387.25 -18596.5 53316.5 1.07
955000 0.95 301.522 -94.4482 -22004.2 3373.12 -18631.1 53291.7 1.07048
956000 0.95 299.755 157.982 -22070 3353.35 -18716.7 53193.6 1.07246
957000 0.95 299.813 134.643 -22019.2 3354 -18665.2 53360.5 1.06911
958000 0.95 300.896 -325.011 -22106.2 3366.12 -18740.1 53367.9 1.06897
959000 0.95 297.757 260.903 -22034.1 3331.01 -18703.1 53548.1 1.06536
960000 0.95 300.618 -231.677 -22020.5 3363.01 -18657.5 53734.2 1.06169
961000 0.95 299.68 -181.737 -22038.6 3352.51 -18686.1 53859.2 1.05921
962000 0.95 299.612 119.193 -22076.9 3351.75 -18725.2 53756.1 1.06125
963000 0.95 300.19 167.998 -21998.9 3358.22 -18640.7 53480 1.06672
964000 0.95 300.42 -25.8373 -22005.9 3360.8 -18645.1 53571.4 1.06491
965000 0.95 299.272 4.13873 -22065.7 3347.95 -18717.8 53491.7 1.06649
966000 0.95 299.991 -182.273 -21982.3 3355.99 -18626.3 53291 1.0705
967000 0.95 300.093 222.012 -22042.2 3357.14 -18685.1 53384 1.06865
968000 0.95 299.635 73.7449 -22067 3352.01 -18715 53512.8 1.06607
969000 0.95 299.712 -33.6821 -22083.1 3352.87 -18730.3 53349 1.06935
970000 0.95 300.012 -22.692 -22067 3356.23 -18710.7 53379.1 1.06873
971000 0.95 298.723 -325.502 -22032.2 3341.81 -18690.4 53408.1 1.06816
972000 0.95 300.167 127.853 -21984.4 3357.96 -18626.5 53366.1 1.06899
973000 0.95 300.5 -248.916 -21992.5 3361.68 -18630.8 53903.4 1.05833
974000 0.95 299.978 122.161 -21947.1 3355.85 -18591.3 53523.3 1.06591
975000 0.95 297.936 -72.5733 -22016.3 3333 -18683.3 53481.7 1.06668
976000 0.95 302.334 -122.731 -21994.5 3382.2 -18612.3 53909.2 1.05824
977000 0.95 299.532 40.3795 -21989.6 3350.86 -18638.7 53784.1 1.0607
978000 0.95 302.719 -38.8426 -22001.5 3386.51 -18615 53713.3 1.06209
979000 0.95 300.367 -156.581 -22014.4 3360.21 -18654.2 53754.5 1.06128
980000 0.95 297.105 13.6963 -22044.6 3323.71 -18720.9 53646.6 1.06341
981000 0.95 300.595 -85.2652 -22075.2 3362.75 -18712.4 53537.7 1.06558
982000 0.95 297.933 -118.686 -22055.9 3332.97 -18722.9 53545.1 1.06542
983000 0.95 301.092 216.918 -22049 3368.31 -18680.7 53540 1.06552
984000 0.95 299.796 -86.2088 -22108.2 3353.82 -18754.4 53386.6 1.0686
985000 0.95 300.126 -83.393 -22079.3 3357.5 -18721.8 53733.6 1.0617
986000 0.95 298.976 249.583 -22044.3 3344.64 -18699.7 53566.6 1.06501
987000 0.95 299.373 16.0338 -22067.4 3349.08 -18718.4 53479.5 1.06675
988000 0.95 299.578 -146.529 -22037.3 3351.38 -18686 53400.9 1.06829
989000 0.95 299.569 178.489 -22020.8 3351.27 -18669.5 53477.3 1.06678
990000 0.95 298.776 -17.2207 -22038.6 3342.4 -18696.2 53529.6 1.06573
991000 0.95 300.264 39.6119 -21998.8 3359.05 -18639.8 53524.7 1.06583
992000 0.95 298.891 89.7297 -21994 3343.69 -18650.3 53418.3 1.06795
993000 0.95 300.041 -90.1874 -22040.8 3356.55 -18684.3 53450.4 1.06732
994000 0.95 299.921 -114.167 -22070.6 3355.22 -18715.3 53154.7 1.07325
995000 0.95 300.559 -37.9823 -22010.4 3362.34 -18648 53344 1.06946
996000 0.95 299.758 -183.933 -21996.9 3353.39 -18643.5 53587.6 1.06458
997000 0.95 297.876 -212.912 -22018.2 3332.34 -18685.9 53563.2 1.06507
998000 0.95 301.028 -67.3856 -22036.8 3367.6 -18669.2 53357.5 1.06917
999000 0.95 299.784 -357.11 -22006.7 3353.67 -18653 53830.4 1.05978
1000000 0.95 299.837 224.85 -22025 3354.27 -18670.7 53602.1 1.06428
1001000 0.95 301.569 210.388 -22003.5 3373.65 -18629.9 53206.5 1.07222
1002000 0.95 301.467 52.7198 -21909.9 3372.5 -18537.4 53265.1 1.07105
1003000 0.95 300.448 -73.0806 -22026.7 3361.1 -18665.6 53339.5 1.06953
1004000 0.95 298.904 185.103 -22019 3343.83 -18675.1 53137.9 1.07359
1005000 0.95 300.845 6.26683 -22016.3 3365.54 -18650.7 53113.8 1.0741
1006000 0.95 301.908 -225.089 -22023 3377.44 -18645.5 53777 1.06084
1007000 0.95 300.789 165.121 -22040.7 3364.92 -18675.8 53537.3 1.06557
1008000 0.95 300.088 25.2878 -22064.3 3357.08 -18707.2 53549.6 1.06533
1009000 0.95 299.139 -49.9418 -22063.2 3346.46 -18716.8 53530.4 1.06574
1010000 0.95 300.483 48.8043 -22059 3361.5 -18697.5 53113.3 1.07408
1011000 0.95 300.699 148.161 -22009.1 3363.91 -18645.2 53485.5 1.06661
1012000 0.95 300.447 29.6849 -22036.4 3361.1 -18675.3 53430 1.06772
1013000 0.95 299.065 -62.3236 -22062.8 3345.64 -18717.2 53127.9 1.07379
1014000 0.95 300.056 -36.5499 -22038.9 3356.72 -18682.2 53112.3 1.07412
1015000 0.95 298.63 163.169 -22083.5 3340.77 -18742.7 53520.4 1.06592
1016000 0.95 300.183 277.1 -21988.9 3358.15 -18630.8 53427.1 1.06782
1017000 0.95 300.141 7.41655 -22022.6 3357.68 -18664.9 53105 1.07425
1018000 0.95 299.925 -116.852 -22023.5 3355.26 -18668.3 53281.7 1.07069
1019000 0.95 299.606 82.2756 -22018 3351.68 -18666.3 53087.6 1.0746
1020000 0.95 300.698 -219.689 -21985.1 3363.9 -18621.2 53230.1 1.07174
1021000 0.95 302.151 -14.2443 -22021.9 3380.15 -18641.8 53529.3 1.06573
1022000 0.95 300.602 137.851 -22048.2 3362.83 -18685.4 53744.7 1.06149
1023000 0.95 300.694 27.3348 -21986.7 3363.86 -18622.9 53548.1 1.06536
1024000 0.95 299.889 55.1061 -21976.7 3354.86 -18621.8 53574.8 1.06483
1025000 0.95 301.447 -37.2101 -22006.5 3372.28 -18634.2 53631.9 1.0637
1026000 0.95 299.894 -211.261 -22108.1 3354.91 -18753.2 53215.6 1.07203
1027000 0.95 301.488 206.621 -22088.3 3372.73 -18715.6 53203.8 1.07226
1028000 0.95 300.815 195.29 -22004.5 3365.21 -18639.3 53630 1.06374
1029000 0.95 299.569 297.896 -22028.1 3351.27 -18676.8 53270.9 1.0709
1030000 0.95 297.842 -137.949 -22048.7 3331.95 -18716.8 53284.5 1.07063
1031000 0.95 298.498 54.4458 -21994.9 3339.3 -18655.6 53485.8 1.06661
1032000 0.95 300.499 35.4208 -22067.5 3361.67 -18705.8 53496.7 1.0664
1033000 0.95 300.752 -19.4696 -22051.6 3364.5 -18687.1 53444.3 1.06744
1034000 0.95 298.823 -72.5756 -21971.4 3342.93 -18628.5 53504.9 1.06622
1035000 0.95 300.171 72.3279 -22023.1 3358.01 -18665 53609.9 1.06415
1036000 0.95 299.357 201.999 -22004.1 3348.9 -18655.2 53828.4 1.05981
1037000 0.95 298.971 164.119 -22032.5 3344.58 -18687.9 53309 1.07015
1038000 0.95 300.742 -213.515 -22070.8 3364.39 -18706.5 53396.3 1.0684
1039000 0.95 298.662 -97.9186 -22022 3341.13 -18680.9 53415.6 1.06802
1040000 0.95 299.722 35.3636 -22028.2 3352.99 -18675.3 53739.6 1.06156
1041000 0.95 301.032 69.0287 -22011.5 3367.63 -18643.8 53797.2 1.06042
1042000 0.95 299.653 -248.504 -22038.4 3352.22 -18686.2 53642.1 1.06352
1043000 0.95 300.853 -128.065 -22076.2 3365.63 -18710.5 53774.8 1.06087
1044000 0.95 298.697 -40.1925 -22031.8 3341.52 -18690.3 53955.7 1.05731
1045000 0.95 301.706 -34.1001 -22043.5 3375.18 -18668.3 53508.7 1.06614
1046000 0.95 299.398 86.9664 -21979.9 3349.36 -18630.5 53466.5 1.06699
1047000 0.95 297.741 47.2567 -22039.2 3330.82 -18708.3 53996.2 1.05651
1048000 0.95 297.894 -22.8383 -22026.9 3332.53 -18694.3 53559.9 1.06514
1049000 0.95 299.887 -176.837 -22054.3 3354.84 -18699.5 53494.5 1.06644
1050000 0.95 301.657 -43.7295 -22051.7 3374.63 -18677 53422.5 1.06787
1051000 0.95 301.323 -2.0881 -22074.1 3370.89 -18703.2 53616.7 1.064
1052000 0.95 298.301 312.274 -22046 3337.09 -18709 53284 1.07064
1053000 0.95 298.725 -40.9695 -21992 3341.83 -18650.2 53377 1.06878
1054000 0.95 299.238 -19.046 -22082.6 3347.57 -18735.1 53317.4 1.06997
1055000 0.95 300.119 165.001 -22014.8 3357.43 -18657.4 53397.2 1.06837
1056000 0.95 302.918 -168.072 -22007.5 3388.73 -18618.8 53420.1 1.06791
1057000 0.95 301.301 -92.6479 -22007.2 3370.64 -18636.5 53441.2 1.06749
1058000 0.95 299.284 140.653 -22096.5 3348.08 -18748.4 53340.3 1.06951
1059000 0.95 300.173 160.085 -22071 3358.03 -18713 53417.6 1.06796
1060000 0.95 300.652 -101.274 -22058.8 3363.39 -18695.4 53685.9 1.06262
1061000 0.95 299.221 360.494 -22055.2 3347.38 -18707.8 53707.6 1.0622
1062000 0.95 298.098 177.543 -22083.2 3334.82 -18748.4 53738.7 1.06158
1063000 0.95 298.643 -42.2352 -22041.8 3340.91 -18700.9 53670.4 1.06293
1064000 0.95 300.1 12.2922 -22055.1 3357.21 -18697.9 53654.2 1.06326
1065000 0.95 298.844 130.166 -22028.9 3343.16 -18685.8 53812 1.06015
1066000 0.95 299.17 -120.762 -22019.7 3346.81 -18672.9 53497.9 1.06636
1067000 0.95 300.251 87.7997 -22040.1 3358.9 -18681.2 53249.5 1.07136
1068000 0.95 300.61 -89.4117 -22014 3362.92 -18651.1 53329.2 1.06973
1069000 0.95 299.165 -105.571 -21997.7 3346.75 -18650.9 53821.5 1.05995
1070000 0.95 298.933 113.964 -22079.4 3344.15 -18735.3 53449 1.06734
1071000 0.95 298.592 -27.0202 -22092.4 3340.34 -18752.1 53813.1 1.06011
1072000 0.95 300.562 9.78198 -22040.1 3362.38 -18677.7 53610.4 1.06415
1073000 0.95 299.035 -185.52 -22064.1 3345.3 -18718.8 53444 1.06745
1074000 0.95 299.458 -141.521 -22078.3 3350.03 -18728.2 53292.9 1.07046
1075000 0.95 299.923 41.2465 -21982.9 3355.23 -18627.7 53421.1 1.0679
1076000 0.95 299.131 154.15 -22046.3 3346.38 -18699.9 53285.5 1.07061
1077000 0.95 298.836 39.2308 -22003.7 3343.07 -18660.6 53441.8 1.06748
1078000 0.95 301.729 -64.6301 -22044.1 3375.43 -18668.6 53657.4 1.06322
1079000 0.95 300.102 3.774 -22103.2 3357.23 -18745.9 53690.9 1.06253
1080000 0.95 300.995 132.392 -22120.4 3367.23 -18753.2 53747.3 1.06143
1081000 0.95 301.361 63.0982 -22060.6 3371.31 -18689.3 53830.3 1.05977
1082000 0.95 298.51 -20.9499 -22059.3 3339.42 -18719.9 53615.2 1.06404
1083000 0.95 302.527 -81.6561 -22076.6 3384.36 -18692.2 53851.8 1.05937
1084000 0.95 298.321 198.511 -22052.5 3337.31 -18715.2 53443.6 1.06744
1085000 0.95 299.709 54.8745 -22093.4 3352.84 -18740.5 53105.9 1.07423
1086000 0.95 300.391 117.028 -22014.2 3360.47 -18653.7 53472.4 1.06687
1087000 0.95 300.834 -131.03 -22006.1 3365.42 -18640.7 53619.9 1.06394
1088000 0.95 300.593 1.468 -22015.1 3362.72 -18652.4 53794.4 1.0605
1089000 0.95 299.59 -216.129 -22008.3 3351.51 -18656.8 53567.8 1.06498
1090000 0.95 299.831 44.5241 -22001.3 3354.2 -18647.1 53495.6 1.06641
1091000 0.95 300.562 -267.661 -21974.5 3362.38 -18612.1 53584.9 1.06463
1092000 0.95 301.613 182.9 -21971.9 3374.14 -18597.8 53423.5 1.06785
1093000 0.95 300.311 -37.9498 -21981.3 3359.57 -18621.7 53564.3 1.06504
1094000 0.95 300.577 90.8059 -21999.4 3362.55 -18636.8 53713.4 1.06208
1095000 0.95 299.601 124.539 -22055.2 3351.63 -18703.6 53748 1.0614
1096000 0.95 300.113 -56.0223 -22025.4 3357.36 -18668 53851.2 1.05937
1097000 0.95 300.077 -7.69214 -22090.1 3356.96 -18733.1 53656.5 1.06323
1098000 0.95 297.232 85.6019 -22073.4 3325.13 -18748.2 53359.4 1.06914
1099000 0.95 297.991 17.5455 -22033.8 3333.62 -18700.1 53328.5 1.06975
1100000 0.95 298.134 -66.0742 -21988.5 3335.22 -18653.3 53635.5 1.06364
1101000 0.95 298.096 31.4278 -21962.8 3334.8 -18628 53516.7 1.06602
1102000 0.95 298.676 -218.411 -22000.9 3341.28 -18659.6 53597.2 1.06439
1103000 0.95 300.732 -10.5008 -22016.5 3364.28 -18652.2 53608.8 1.06417
1104000 0.95 299.538 -160.413 -22130.4 3350.93 -18779.5 53687.3 1.06259
1105000 0.95 300.495 -126.635 -22050.1 3361.63 -18688.5 53449.5 1.06734
1106000 0.95 298.883 331.737 -22069.3 3343.59 -18725.7 53215.6 1.07206
1107000 0.95 300.031 -10.0115 -22016.2 3356.44 -18659.8 53360.3 1.06912
1108000 0.95 300.058 18.8304 -22000 3356.75 -18643.3 53768.7 1.06099
1109000 0.95 300.303 42.628 -22019.1 3359.48 -18659.6 53375.3 1.06882
1110000 0.95 301.834 93.1814 -22023.5 3376.61 -18646.9 53099 1.07438
1111000 0.95 298.46 -43.1515 -22018.4 3338.87 -18679.5 53533.5 1.06566
1112000 0.95 300.364 -79.1702 -22096.3 3360.16 -18736.1 53428.7 1.06775
1113000 0.95 300.307 -95.5944 -22052.1 3359.52 -18692.6 53759.9 1.06116
1114000 0.95 302.318 80.5945 -22032.4 3382.02 -18650.4 53502.6 1.06629
1115000 0.95 300.361 -118.969 -22056.5 3360.14 -18696.4 53433.2 1.06765
1116000 0.95 299.698 -79.11 -22082.7 3352.72 -18730 53064.7 1.07509
1117000 0.95 301.597 20.1244 -22011.4 3373.96 -18637.5 53367 1.06899
1118000 0.95 298.355 -130.429 -22092.5 3337.69 -18754.8 53515.4 1.06602
1119000 0.95 299.505 127.489 -22060.8 3350.55 -18710.3 53821.8 1.05995
1120000 0.95 299.132 -4.64539 -21992.4 3346.38 -18646 53452.1 1.06728
1121000 0.95 300.181 156.806 -22033 3358.12 -18674.9 53092.2 1.0745
1122000 0.95 299.35 59.2735 -22070.9 3348.82 -18722 53433.5 1.06765
1123000 0.95 301.951 118.776 -21982.8 3377.91 -18604.9 53347.3 1.06937
1124000 0.95 299.377 411.957 -22014.7 3349.12 -18665.6 53140.8 1.07355
1125000 0.95 299.355 -146.112 -22000.1 3348.88 -18651.2 53475 1.06685
1126000 0.95 300.493 -177.703 -21995.2 3361.61 -18633.6 53417.7 1.06798
1127000 0.95 300.373 -15.3397 -22057.7 3360.26 -18697.4 53249 1.07134
1128000 0.95 298.04 23.2864 -22056.4 3334.16 -18722.3 53713.1 1.06211
1129000 0.95 298.896 -108.1 -22128.8 3343.75 -18785 53355.9 1.06923
1130000 0.95 300.782 -42.2345 -22083.2 3364.84 -18718.4 53242.7 1.07147
1131000 0.95 300.179 76.5793 -22029 3358.09 -18670.9 53359.3 1.06913
1132000 0.95 299.731 12.7527 -22041 3353.08 -18687.9 53567.8 1.06499
1133000 0.95 301.1 24.6113 -22034.1 3368.4 -18665.7 53301.9 1.0703
1134000 0.95 300.325 -68.7156 -22061.6 3359.74 -18701.9 53253.6 1.07126
1135000 0.95 299.655 55.56 -22085.1 3352.23 -18732.9 53476.6 1.06683
1136000 0.95 298.911 106.752 -22051.3 3343.91 -18707.4 53526.4 1.0658
1137000 0.95 297.62 16.8736 -21961.5 3329.47 -18632.1 53418.1 1.06795
1138000 0.95 301.135 48.0797 -22016.8 3368.8 -18648 53644.5 1.06348
1139000 0.95 299.956 -0.716831 -22020 3355.61 -18664.4 53293.9 1.07044
1140000 0.95 300.424 -215.717 -22010.7 3360.84 -18649.8 53219.5 1.07196
1141000 0.95 302.269 74.8818 -21978.8 3381.48 -18597.3 53335.4 1.06961
1142000 0.95 299.96 129.127 -22017.6 3355.65 -18662 53542 1.0655
1143000 0.95 299.907 -50.8869 -22054.3 3355.06 -18699.3 53612.3 1.06411
1144000 0.95 299.285 -55.0692 -22034 3348.1 -18685.9 53356.2 1.06919
1145000 0.95 298.688 -155.267 -22058.5 3341.41 -18717.1 53986.9 1.05671
1146000 0.95 299.816 10.673 -22002.1 3354.03 -18648.1 53574.1 1.06484
1147000 0.95 298.744 5.94408 -22030.6 3342.05 -18688.6 53415.3 1.06801
1148000 0.95 300.046 124.221 -22015.5 3356.61 -18658.9 53790.8 1.06055
1149000 0.95 299.426 377.952 -22065.5 3349.67 -18715.8 53522.7 1.06587
1150000 0.95 299.822 -38.0133 -21999.3 3354.1 -18645.2 53346 1.0694
1151000 0.95 300.623 46.7072 -21998.6 3363.06 -18635.5 53687.9 1.06259
1152000 0.95 301.442 -94.0136 -22032 3372.23 -18659.8 53535.9 1.0656
1153000 0.95 302.05 -56.7266 -22037 3379.02 -18658 53309.2 1.07013
1154000 0.95 300.098 42.0724 -22025.4 3357.19 -18668.2 53514 1.06604
1155000 0.95 301.826 63.1502 -22031.5 3376.52 -18655 53709.9 1.06216
1156000 0.95 302.819 137.959 -21998.6 3387.63 -18611 53524.3 1.06584
1157000 0.95 300.997 272.928 -22006.9 3367.25 -18639.6 53436.9 1.06757
1158000 0.95 300.666 311.534 -21947.6 3363.54 -18584.1 53426.7 1.0678
1159000 0.95 298.953 40.7637 -21992 3344.38 -18647.6 53550.1 1.06532
1160000 0.95 299.12 66.7931 -22053.4 3346.24 -18707.1 53244.6 1.07144
1161000 0.95 300.993 -29.0516 -22025 3367.2 -18657.8 53569.9 1.06494
1162000 0.95 299.236 -283.492 -22106.4 3347.55 -18758.8 53339.6 1.06953
1163000 0.95 301.076 124.771 -21985.6 3368.13 -18617.5 53560.3 1.06512
1164000 0.95 301.857 69.6183 -21982.5 3376.86 -18605.7 53528.6 1.06576
1165000 0.95 299.382 -79.19 -21981.4 3349.18 -18632.2 53460.8 1.06713
1166000 0.95 300.981 59.0596 -22001.1 3367.07 -18634 53533.4 1.06565
1167000 0.95 299.519 37.6672 -22065.5 3350.71 -18714.8 53341.1 1.06951
1168000 0.95 298.996 -3.39369 -22116.5 3344.86 -18771.6 53495.1 1.06642
1169000 0.95 299.382 -31.4195 -22064 3349.18 -18714.8 53473 1.06686
1170000 0.95 297.991 -22.2322 -22097.6 3333.62 -18764 53666.6 1.06301
1171000 0.95 301.903 -342.018 -22000.1 3377.38 -18622.7 53925.5 1.05793
1172000 0.95 301.251 171.67 -22027.8 3370.09 -18657.7 53665.2 1.06305
1173000 0.95 299.199 -4.30512 -21943.2 3347.13 -18596 53347.8 1.06938
1174000 0.95 298.456 182.292 -21943.4 3338.82 -18604.6 53270.9 1.07092
1175000 0.95 301.193 -158.644 -22042 3369.44 -18672.6 53420.1 1.06793
1176000 0.95 300.218 -81.7974 -22052.4 3358.53 -18693.9 53554.6 1.06523
1177000 0.95 298.897 -6.08305 -22073.6 3343.75 -18729.8 53366.2 1.06901
1178000 0.95 301.67 -3.56736 -22007.7 3374.77 -18632.9 53489.1 1.06653
1179000 0.95 299.778 -86.3681 -22021.4 3353.61 -18667.8 53528 1.0658
1180000 0.95 300.207 12.0829 -22059.9 3358.41 -18701.5 53648 1.06339
1181000 0.95 300.344 -13.3484 -22116.3 3359.95 -18756.4 53555.9 1.0652
1182000 0.95 300.059 15.2837 -22092.5 3356.75 -18735.7 53375.5 1.0688
1183000 0.95 298.741 73.9921 -22027.6 3342 -18685.6 52977.4 1.07684
1184000 0.95 301.837 -135.587 -22038.8 3376.65 -18662.2 53273.3 1.07085
1185000 0.95 299.63 37.2108 -21993.5 3351.96 -18641.5 53519.2 1.06594
1186000 0.95 300.074 -176.543 -22016.3 3356.93 -18659.4 53439.9 1.06753
1187000 0.95 299.807 8.16095 -21989.1 3353.93 -18635.1 53549.7 1.06536
1188000 0.95 298.717 71.6107 -21997.4 3341.74 -18655.6 53599 1.06435
1189000 0.95 301.057 -130.686 -22011.2 3367.92 -18643.3 53399.2 1.06834
1190000 0.95 299.151 396.771 -21991.3 3346.59 -18644.7 53138.9 1.07357
1191000 0.95 299.712 -20.3112 -22006 3352.87 -18653.1 53140.7 1.07353
1192000 0.95 298.966 -69.6911 -22000 3344.52 -18655.5 53303.6 1.07025
1193000 0.95 302.353 45.2566 -22088.4 3382.41 -18705.9 52910.9 1.07819
1194000 0.95 298.441 4.80107 -22054.5 3338.65 -18715.9 53268.5 1.07095
1195000 0.95 298.564 98.5109 -22034.6 3340.03 -18694.6 53576.3 1.06482
1196000 0.95 300.307 10.6214 -22003.5 3359.52 -18644 53895 1.0585
1197000 0.95 298.354 -34.5773 -22052 3337.68 -18714.4 53785.1 1.06067
1198000 0.95 299.531 -31.4323 -22013.6 3350.85 -18662.8 53878.2 1.05886
1199000 0.95 297.439 24.0616 -22040.8 3327.44 -18713.3 53630 1.06374
1200000 0.95 301.946 63.4105 -22010.7 3377.86 -18632.8 53642.3 1.06351
1201000 0.95 300.288 -35.0784 -22017.7 3359.32 -18658.4 53335.6 1.06961
1202000 0.95 301.337 -358.129 -22043.1 3371.05 -18672 53347.8 1.06937
1203000 0.95 301.635 -248.808 -21984.4 3374.39 -18610 53372.5 1.06887
1204000 0.95 301.294 -230.044 -22042 3370.57 -18671.4 53339 1.06955
1205000 0.95 299.051 78.5853 -22055.4 3345.48 -18710 53406.4 1.0682
1206000 0.95 300.037 -26.6558 -22068.6 3356.51 -18712.1 53541.1 1.06551
1207000 0.95 300.11 71.6229 -22030.5 3357.33 -18673.2 53233.6 1.07167
1208000 0.95 299.949 -2.2822 -22044.7 3355.53 -18689.2 53522.2 1.06588
1209000 0.95 299.322 30.209 -22055.5 3348.51 -18707 53765.1 1.06106
1210000 0.95 299.302 -45.7584 -22012.1 3348.28 -18663.8 53329.1 1.06974
1211000 0.95 301.72 -48.6544 -22011 3375.34 -18635.6 53372.5 1.06888
1212000 0.95 297.58 -129.811 -21958.4 3329.02 -18629.4 53466.8 1.06698
1213000 0.95 300.233 -93.3364 -21970.5 3358.7 -18611.8 53233.2 1.07167
1214000 0.95 298.27 172.746 -22011.5 3336.74 -18674.8 53224.3 1.07187
1215000 0.95 300.609 423.56 -22017.8 3362.91 -18654.9 53206.5 1.0722
1216000 0.95 300.084 -17.0361 -21982.4 3357.03 -18625.4 53474.7 1.06682
1217000 0.95 299.913 -73.3939 -22007.2 3355.12 -18652.1 53450.9 1.0673
1218000 0.95 299.936 34.7146 -22003.2 3355.38 -18647.8 53333.9 1.06964
1219000 0.95 298.794 -283.586 -22037.3 3342.6 -18694.7 53145.2 1.07344
1220000 0.95 300.564 54.2456 -22047.2 3362.4 -18684.8 53363.8 1.06906
1221000 0.95 299.633 -48.3242 -22031.1 3351.98 -18679.2 53221.9 1.07189
1222000 0.95 301.813 -27.6384 -22112.6 3376.38 -18736.2 53310.1 1.07011
1223000 0.95 299.201 106.435 -22030.5 3347.15 -18683.3 53500.2 1.06632
1224000 0.95 299.243 109.385 -22049 3347.62 -18701.3 53652.4 1.06331
1225000 0.95 299.416 5.29873 -22021.9 3349.56 -18672.3 53987 1.0567
1226000 0.95 300.503 43.1731 -22051.1 3361.72 -18689.4 53548.8 1.06537
1227000 0.95 299.533 -317.663 -22095.8 3350.87 -18744.9 53356.5 1.06918
1228000 0.95 299.177 -70.4515 -22039 3346.89 -18692.2 53555.1 1.06522
1229000 0.95 299.514 -126.367 -21968.5 3350.65 -18617.8 53612.8 1.06408
1230000 0.95 300.213 -2.7661 -22053.8 3358.48 -18695.3 53562.3 1.06508
1231000 0.95 299.569 -47.3827 -22008.4 3351.27 -18657.2 53639.9 1.06354
1232000 0.95 299.6 100.305 -22025.3 3351.62 -18673.7 53467.6 1.06696
1233000 0.95 299.972 -11.7894 -22079.7 3355.78 -18723.9 53465.3 1.06702
1234000 0.95 299.965 5.61546 -22046.3 3355.7 -18690.6 53479 1.06673
1235000 0.95 297.904 -102.374 -22040.6 3332.65 -18707.9 53489.8 1.06652
1236000 0.95 300.758 -52.605 -22044 3364.57 -18679.4 53375.3 1.06881
1237000 0.95 297.994 0.825917 -21999.6 3333.65 -18665.9 53429.9 1.06772
1238000 0.95 299.987 17.7623 -21996.2 3355.95 -18640.2 53177.1 1.0728
1239000 0.95 299.028 244.821 -21998.7 3345.22 -18653.5 53275.4 1.07082
1240000 0.95 299.774 10.2371 -22028.2 3353.57 -18674.7 53674 1.06288
1241000 0.95 300.634 -50.3528 -22003.6 3363.18 -18640.4 53869.9 1.05902
1242000 0.95 298.057 -217.581 -22007.4 3334.36 -18673 53519.8 1.06594
1243000 0.95 299.334 -178.39 -22111.9 3348.64 -18763.2 53337.1 1.06959
1244000 0.95 298.2 31.2934 -22032.3 3335.95 -18696.4 53759.2 1.06123
1245000 0.95 299.696 104.031 -22017.3 3352.69 -18664.6 53443.8 1.06744
1246000 0.95 301.731 248.439 -22049.1 3375.46 -18673.6 53500.8 1.06631
1247000 0.95 300.819 -19.7034 -22059.9 3365.26 -18694.6 53249.3 1.07135
1248000 0.95 300.444 -25.7442 -22002.3 3361.06 -18641.2 53296.5 1.07041
1249000 0.95 300.243 -108.941 -22001.5 3358.81 -18642.7 53037.6 1.07561
1250000 0.95 299.036 -201.988 -22046.1 3345.31 -18700.8 53111.6 1.07413
1251000 0.95 300.119 48.903 -21993.8 3357.42 -18636.4 53689.9 1.06255
1252000 0.95 301.504 -122.382 -22044.1 3372.92 -18671.1 53870.4 1.05899
1253000 0.95 298.874 95.7208 -22126.9 3343.5 -18783.4 54143.7 1.05364
1254000 0.95 301.33 -121.045 -22150.8 3370.97 -18779.8 53970.9 1.05702
1255000 0.95 299.37 -161.086 -22015.5 3349.04 -18666.5 54096.3 1.05458
1256000 0.95 299.029 -101.36 -22042.9 3345.23 -18697.6 53463.2 1.06705
1257000 0.95 298.977 45.909 -22042 3344.65 -18697.3 53643.7 1.06347
1258000 0.95 299.691 269.19 -22044 3352.64 -18691.4 53594 1.06445
1259000 0.95 298.316 -95.566 -22056.3 3337.25 -18719 53454.1 1.06725
1260000 0.95 300.623 29.8581 -22010.7 3363.06 -18647.6 53408.5 1.06815
1261000 0.95 299.071 95.3863 -22067 3345.7 -18721.3 53417.6 1.06796
1262000 0.95 299.586 36.2452 -22024.5 3351.47 -18673.1 53480.8 1.06672
1263000 0.95 300.975 126.218 -22032 3367 -18665 53729.1 1.06178
1264000 0.95 299.008 -128.652 -22085.9 3344.99 -18740.9 53408.6 1.06815
1265000 0.95 301.251 145.055 -22055.3 3370.09 -18685.2 53011 1.07616
1266000 0.95 301.018 -55.9738 -22015.7 3367.48 -18648.2 53415.6 1.06801
1267000 0.95 298.511 20.4055 -22043.3 3339.43 -18703.9 53536.1 1.06561
1268000 0.95 299.288 -87.0453 -22089.6 3348.13 -18741.4 53758.4 1.06119
1269000 0.95 300.856 339.865 -22069.6 3365.67 -18704 53449.3 1.06735
1270000 0.95 300.504 34.2153 -21987.5 3361.73 -18625.8 53374.8 1.06887
1271000 0.95 298.599 129.366 -22038.2 3340.42 -18697.7 53207.6 1.07219
1272000 0.95 300.645 111.682 -22005.5 3363.31 -18642.2 53232 1.07172
1273000 0.95 300.091 -66.0988 -22052.9 3357.12 -18695.8 53561.2 1.06513
1274000 0.95 301.472 4.87086 -22007.6 3372.56 -18635 53823.6 1.05991
1275000 0.95 297.953 78.04 -22042.3 3333.2 -18709.1 53906.7 1.0583
1276000 0.95 300.667 20.4407 -22018.5 3363.55 -18655 53680.5 1.06274
1277000 0.95 300.667 213.299 -22096.3 3363.56 -18732.8 53420.4 1.06791
1278000 0.95 299.96 -151.108 -22075.5 3355.64 -18719.8 53733.7 1.06169
1279000 0.95 298.636 -11.0965 -22093.3 3340.84 -18752.5 53533.4 1.06566
1280000 0.95 301.154 14.9686 -22028.9 3369.01 -18659.9 54052.4 1.05543
1281000 0.95 299.211 26.643 -22058.4 3347.27 -18711.1 53815.5 1.06007
1282000 0.95 299.222 31.5654 -22096 3347.39 -18748.6 53649.3 1.06335
1283000 0.95 297.841 236.843 -22093.5 3331.94 -18761.5 53753 1.06131
1284000 0.95 301.519 -118.567 -22032.9 3373.09 -18659.8 54198.7 1.05258
1285000 0.95 299.808 14.9916 -21952.5 3353.95 -18598.5 53724.4 1.0619
1286000 0.95 298.29 133.696 -22038.3 3336.97 -18701.3 53514.7 1.06605
1287000 0.95 302.359 -149.624 -21996 3382.48 -18613.5 53859.6 1.05921
1288000 0.95 298.336 -0.975065 -22032.5 3337.47 -18695 53456.5 1.0672
1289000 0.95 299.347 59.5134 -22034.8 3348.79 -18686 53233 1.07169
1290000 0.95 300.834 -152.205 -22081.7 3365.43 -18716.3 53642.1 1.0635
1291000 0.95 299.814 290.266 -22079.3 3354.01 -18725.3 53441.9 1.06748
1292000 0.95 300.473 18.0355 -22052.9 3361.38 -18691.5 53626.3 1.06381
1293000 0.95 298.186 -199.257 -22067.4 3335.8 -18731.6 53338.6 1.06954
1294000 0.95 300.625 55.0584 -21958.4 3363.08 -18595.3 53457.6 1.06717
1295000 0.95 298.931 -141.585 -21978.5 3344.13 -18634.3 53497.5 1.0664
1296000 0.95 302.738 -165.206 -22012.5 3386.72 -18625.7 53839.1 1.05961
1297000 0.95 300.498 -35.7739 -22043.1 3361.67 -18681.4 53818.1 1.06001
1298000 0.95 299.634 90.5723 -21992.8 3351.99 -18640.8 53815.1 1.06009
1299000 0.95 300.646 -109.283 -21968.3 3363.32 -18605 53868.4 1.05906
1300000 0.95 298.671 20.2033 -22000.2 3341.22 -18659 53627.7 1.06382
1301000 0.95 299.579 79.2343 -22063.1 3351.38 -18711.7 53765.9 1.06105
1302000 0.95 299.585 -50.9983 -22034.8 3351.45 -18683.4 53730.6 1.06175
1303000 0.95 298.609 143.149 -22040.3 3340.54 -18699.8 53647.6 1.06338
1304000 0.95 298.299 106.692 -22026.6 3337.07 -18689.5 53515.7 1.066
1305000 0.95 300.252 -244.475 -22010.4 3358.92 -18651.4 53513.3 1.06606
1306000 0.95 300.427 -10.9913 -21995 3360.87 -18634.1 53904.1 1.05833
1307000 0.95 300.473 -148.271 -22077.6 3361.38 -18716.3 53482.4 1.06668
1308000 0.95 300.857 -19.1327 -22055.1 3365.68 -18689.4 53444.7 1.06744
1309000 0.95 298.682 47.4777 -22057.4 3341.35 -18716.1 53517.5 1.06597
1310000 0.95 300.826 -85.4628 -22045.6 3365.34 -18680.3 53827.7 1.05982
1311000 0.95 298.546 139.692 -22034.2 3339.83 -18694.4 53501.5 1.0663
1312000 0.95 301.634 -37.601 -21999.5 3374.38 -18625.1 53515 1.06602
1313000 0.95 299.781 -112.487 -21971.2 3353.65 -18617.6 53776.6 1.06091
1314000 0.95 297.485 53.9593 -21966.2 3327.96 -18638.2 53381.3 1.06869
1315000 0.95 301.236 -123.715 -22078.8 3369.92 -18708.9 53463.6 1.06705
1316000 0.95 298.827 0.321568 -22060.8 3342.97 -18717.8 53437.6 1.06758
1317000 0.95 299.622 -6.20792 -22005.1 3351.86 -18653.2 53545.1 1.06542
1318000 0.95 300.098 0.292317 -22014.6 3357.2 -18657.4 53468.8 1.06696
1319000 0.95 299.484 77.7936 -21988.2 3350.32 -18637.9 53320.8 1.06993
1320000 0.95 298.935 -44.9052 -21952.1 3344.18 -18608 53447.8 1.06736
1321000 0.95 300.997 -39.1642 -22024.4 3367.25 -18657.2 53011.2 1.07614
1322000 0.95 299.364 18.4496 -21992.7 3348.98 -18643.7 53693.6 1.06252
1323000 0.95 300.183 -60.6437 -21967.5 3358.14 -18609.3 53846 1.05949
1324000 0.95 299.308 131.206 -21989.8 3348.35 -18641.5 53751.3 1.06134
1325000 0.95 299.664 89.4874 -22016.7 3352.33 -18664.4 53779.3 1.06078
1326000 0.95 301.219 5.98157 -22009.1 3369.73 -18639.3 53423.8 1.06784
1327000 0.95 300.038 -28.5497 -22087.2 3356.52 -18730.7 53642 1.0635
1328000 0.95 299.838 -31.2453 -22065.8 3354.28 -18711.5 53728 1.0618
1329000 0.95 299.638 118.478 -22021.6 3352.04 -18669.5 53435.9 1.06759
1330000 0.95 300.207 67.6786 -22004.4 3358.41 -18646 53624.9 1.06383
1331000 0.95 299.715 -108.429 -22045.8 3352.9 -18692.9 53517.3 1.06598
1332000 0.95 297.99 -189.6 -22011.2 3333.61 -18677.6 53609.2 1.06416
1333000 0.95 301.059 -87.936 -22016 3367.94 -18648 53557.4 1.06517
1334000 0.95 300.45 -202.352 -22027.4 3361.13 -18666.3 53496.9 1.0664
1335000 0.95 301.31 -112.664 -22034.4 3370.74 -18663.7 53613.7 1.06406
1336000 0.95 300.857 -44.5945 -22010 3365.68 -18644.4 53328 1.06976
1337000 0.95 300.353 113.505 -21953.4 3360.04 -18593.4 53407.6 1.06816
1338000 0.95 299.927 -196.417 -22006.1 3355.28 -18650.8 53528.4 1.06576
1339000 0.95 300.236 140.366 -21986.8 3358.74 -18628 53535.7 1.06562
1340000 0.95 301.416 33.621 -21989.7 3371.93 -18617.8 53457.5 1.06717
1341000 0.95 300.751 -94.7157 -22042.6 3364.49 -18678.1 53468.1 1.06695
1342000 0.95 300.026 -54.0929 -22037.3 3356.38 -18681 53418.1 1.068
1343000 0.95 299.69 46.863 -22000.3 3352.63 -18647.7 53328.8 1.06977
1344000 0.95 299.966 57.3341 -21988.4 3355.72 -18632.7 53569.7 1.06493
1345000 0.95 301.43 50.6422 -21962.8 3372.1 -18590.7 53583.7 1.06469
1346000 0.95 300.698 25.6602 -22019.5 3363.9 -18655.6 53112.2 1.07412
1347000 0.95 299.996 -177.796 -22025.3 3356.05 -18669.2 53278.7 1.07075
1348000 0.95 298.255 179.578 -22036.4 3336.57 -18699.8 53287.1 1.07059
1349000 0.95 301.046 29.6038 -22065.9 3367.79 -18698.1 53465 1.06702
1350000 0.95 301.038 -26.6933 -22001 3367.7 -18633.3 53645.6 1.06343
1351000 0.95 301.156 -213.479 -21976.4 3369.03 -18607.4 53801.7 1.06034
1352000 0.95 298.332 89.0555 -22042.9 3337.43 -18705.5 53406.1 1.0682
1353000 0.95 299.161 151.077 -22015.1 3346.71 -18668.4 53596.5 1.0644
1354000 0.95 301.102 167.835 -21971.9 3368.42 -18603.5 53372.2 1.06887
1355000 0.95 299.397 -65.272 -22010.8 3349.35 -18661.5 53308.3 1.0702
1356000 0.95 297.909 125.879 -22051.6 3332.71 -18718.9 53577.3 1.06478
1357000 0.95 299.557 137.919 -21983.2 3351.14 -18632.1 53905.4 1.05832
1358000 0.95 300.511 -84.5214 -22061.2 3361.81 -18699.4 53964.9 1.05715
1359000 0.95 299.569 115.087 -22091.8 3351.28 -18740.5 53487.7 1.06661
1360000 0.95 298.941 -152.532 -22049.8 3344.25 -18705.5 53496.7 1.06638
1361000 0.95 298.855 102.294 -22044.5 3343.29 -18701.2 53588.1 1.06458
1362000 0.95 299.135 -74.7589 -22038 3346.42 -18691.6 53320 1.06992
1363000 0.95 298.677 138.574 -21955.1 3341.29 -18613.8 53216.5 1.07201
1364000 0.95 300.968 216.992 -21969.1 3366.92 -18602.2 53282.5 1.0707
1365000 0.95 300.597 -95.788 -22052.7 3362.78 -18690 53761.1 1.06114
1366000 0.95 300.731 82.0861 -22073.3 3364.27 -18709.1 53781.2 1.06077
1367000 0.95 299.284 259.389 -22083.5 3348.08 -18735.4 53759.5 1.06117
1368000 0.95 299.756 -126.616 -22037.8 3353.37 -18684.4 53641.3 1.06356
1369000 0.95 298.014 126.62 -21980 3333.88 -18646.1 53537.4 1.0656
1370000 0.95 301.73 89.6744 -21994.6 3375.45 -18619.1 53571.6 1.06489
1371000 0.95 299.301 239.467 -21990.7 3348.27 -18642.5 53549.8 1.06532
1372000 0.95 303.291 82.693 -22028.5 3392.91 -18635.6 53323.2 1.06986
1373000 0.95 301.23 39.8691 -22046.7 3369.86 -18676.8 53204 1.07225
1374000 0.95 299.995 -21.2563 -22060.5 3356.03 -18704.4 53528.3 1.06576
1375000 0.95 299.933 136.985 -22044.7 3355.34 -18689.4 53599.1 1.06435
1376000 0.95 299.349 34.8365 -21998.7 3348.82 -18649.9 53568.1 1.06497
1377000 0.95 298.953 -45.3146 -22024.5 3344.38 -18680.2 53584.8 1.06463
1378000 0.95 299.875 217.337 -21998.4 3354.7 -18643.7 53508.5 1.06617
1379000 0.95 301.724 -233.491 -22011 3375.38 -18635.6 53787.1 1.06063
1380000 0.95 301.291 96.1218 -22020.6 3370.53 -18650.1 53634.6 1.06365
1381000 0.95 299.977 127.913 -22046.4 3355.84 -18690.6 53423.3 1.06785
1382000 0.95 301.282 -12.7482 -22034.8 3370.43 -18664.3 53591.3 1.0645
1383000 0.95 300.087 97.368 -22028.1 3357.07 -18671 53523.9 1.06585
1384000 0.95 299.314 36.298 -22029.3 3348.42 -18680.8 53400.8 1.06831
1385000 0.95 300.244 125.813 -22056.7 3358.82 -18697.9 52963.6 1.07712
1386000 0.95 298.602 -39.1644 -22046 3340.45 -18705.5 53318.7 1.06995
1387000 0.95 301.03 98.0215 -22008.2 3367.62 -18640.5 53193.7 1.0725
1388000 0.95 299.865 -116.266 -22042.9 3354.58 -18688.4 53254.6 1.07124
1389000 0.95 298.673 40.0485 -22049.6 3341.25 -18708.4 53464.9 1.06702
1390000 0.95 299.777 6.37887 -22030 3353.6 -18676.4 53681.3 1.06276
1391000 0.95 300.511 237.913 -22004.8 3361.81 -18642.9 53595.1 1.06445
1392000 0.95 298.315 -146.139 -22059.8 3337.24 -18722.5 53537.7 1.06556
1393000 0.95 299.775 -50.7522 -22020.5 3353.57 -18667 53727.8 1.0618
1394000 0.95 301.606 126.074 -22088.3 3374.06 -18714.2 53851.3 1.05936
1395000 0.95 300.29 -36.3396 -22122.4 3359.34 -18763 53712.3 1.06213
1396000 0.95 300.76 79.2128 -22060.7 3364.6 -18696.1 53841.4 1.05956
1397000 0.95 301.516 -21.0735 -22002.6 3373.05 -18629.5 53690.2 1.06255
1398000 0.95 299.976 -117.18 -22046 3355.82 -18690.1 53634.3 1.06366
1399000 0.95 298.723 -85.235 -22033.1 3341.81 -18691.3 53424.7 1.06781
1400000 0.95 298.861 79.9913 -21970.7 3343.35 -18627.3 53582.3 1.06468
1401000 0.95 301.365 -304.371 -21947.5 3371.36 -18576.2 53598.3 1.06436
1402000 0.95 301.449 246.123 -22032.1 3372.31 -18659.8 53235.4 1.07162
1403000 0.95 298.024 180.778 -21971.7 3333.98 -18637.7 53712.2 1.06212
1404000 0.95 300.09 66.174 -21992.5 3357.1 -18635.4 53813.9 1.06013
1405000 0.95 301.586 -163.493 -21992.9 3373.84 -18619 53261.9 1.07108
1406000 0.95 300.25 69.9536 -21997.3 3358.89 -18638.4 53372.3 1.06888
1407000 0.95 299.676 -168.277 -22021.8 3352.47 -18669.3 53664.5 1.06306
1408000 0.95 299.002 317.495 -21992.8 3344.93 -18647.8 53524 1.06586
1409000 0.95 300.779 -209.565 -22033.2 3364.81 -18668.4 53201.6 1.07231
1410000 0.95 300.167 -136.33 -22041.1 3357.96 -18683.1 53816.6 1.06007
1411000 0.95 302.4 -114.951 -22073.3 3382.95 -18690.3 53922.7 1.05797
1412000 0.95 298.344 69.4657 -22124.6 3337.57 -18787 53267.9 1.07096
1413000 0.95 298.772 -23.7126 -22074.2 3342.36 -18731.9 53131.2 1.07372
1414000 0.95 299.744 201.445 -22031.6 3353.23 -18678.3 53015.1 1.07606
1415000 0.95 301.478 -123.039 -21969.8 3372.62 -18597.2 53164.6 1.07306
1416000 0.95 301.209 65.3099 -21953.8 3369.62 -18584.1 53712.1 1.06213
1417000 0.95 299.741 -276.324 -22015.8 3353.2 -18662.6 53579.5 1.06475
1418000 0.95 299.871 169.368 -22031 3354.66 -18676.4 53874.5 1.05892
1419000 0.95 298.068 -22.585 -22079.4 3334.48 -18744.9 53628.6 1.06375
1420000 0.95 300.711 70.1371 -22020.6 3364.04 -18656.6 53542.4 1.06548
1421000 0.95 300.307 -19.3478 -22029 3359.53 -18669.5 53618.5 1.06399
1422000 0.95 297.81 -78.394 -22059.8 3331.6 -18728.2 54194.1 1.05267
1423000 0.95 300.129 -199.178 -22086.8 3357.53 -18729.2 53701 1.06235
1424000 0.95 300.683 128.593 -22076.4 3363.74 -18712.6 53242.7 1.07147
1425000 0.95 300.473 -82.4345 -22088.9 3361.38 -18727.6 53322.6 1.06987
1426000 0.95 298.896 139.522 -22052.6 3343.74 -18708.9 53450.5 1.06731
1427000 0.95 301.064 -141.305 -21977 3368 -18609 53219.9 1.07193
1428000 0.95 299.649 25.4664 -22019.9 3352.17 -18667.7 53487.1 1.06657
1429000 0.95 299.952 186.101 -22049.6 3355.56 -18694 53170.7 1.07294
1430000 0.95 302.646 -37.1532 -22020.3 3385.7 -18634.6 53160.1 1.07315
1431000 0.95 299.95 43.1873 -22034.3 3355.54 -18678.8 53315.1 1.07004
1432000 0.95 300.321 14.6493 -22058.1 3359.68 -18698.4 53360 1.06912
1433000 0.95 299.603 313.145 -21980.5 3351.65 -18628.8 53225.7 1.07183
1434000 0.95 300.263 101.216 -21979.4 3359.03 -18620.4 53348.2 1.0694
1435000 0.95 301.513 -22.4273 -22030 3373.02 -18657 53589.1 1.06454
1436000 0.95 299.156 -203.296 -22078.5 3346.65 -18731.9 53833.2 1.05973
1437000 0.95 298.952 -179.366 -22069.9 3344.37 -18725.5 53889.3 1.05862
1438000 0.95 299.587 170.056 -21982.1 3351.47 -18630.7 53439.6 1.06753
1439000 0.95 299.761 271.151 -22017.9 3353.42 -18664.5 53832.7 1.05975
1440000 0.95 300.444 16.4938 -22055 3361.07 -18693.9 53675.2 1.06284
1441000 0.95 301.325 364.648 -22043.6 3370.92 -18672.7 53476.5 1.06678
1442000 0.95 300.097 -117.54 -21991.5 3357.18 -18634.3 53610.7 1.06412
1443000 0.95 299.898 105.777 -22051 3354.95 -18696.1 53531.3 1.06569
1444000 0.95 299.006 -263.056 -22062.4 3344.98 -18717.5 53368.4 1.06895
1445000 0.95 300.296 -40.2048 -22016.5 3359.41 -18657.1 53603.2 1.06428
1446000 0.95 298.779 10.1239 -22051.6 3342.44 -18709.2 53624.2 1.06385
1447000 0.95 301.016 -41.7877 -22109.3 3367.46 -18741.9 53213.5 1.07208
1448000 0.95 301.309 -31.2907 -22035.7 3370.74 -18665 53222.7 1.07188
1449000 0.95 299.986 -73.5158 -22033.2 3355.93 -18677.3 53474.8 1.06682
1450000 0.95 299.986 183.154 -21926.3 3355.94 -18570.4 53586.4 1.0646
1451000 0.95 298.929 -69.457 -22036.8 3344.11 -18692.7 53729.9 1.06177
1452000 0.95 298.939 260.047 -22033.3 3344.23 -18689.1 53452.6 1.06726
1453000 0.95 299.616 93.9134 -22003.5 3351.8 -18651.7 53630.9 1.06371
1454000 0.95 301.569 -127.899 -22061.3 3373.64 -18687.6 53447.1 1.06738
1455000 0.95 302.873 -79.9732 -22033.7 3388.23 -18645.5 53515.2 1.06602
1456000 0.95 300.183 135.028 -22023.8 3358.14 -18665.7 53474.6 1.06683
1457000 0.95 299.481 -182.39 -22030.8 3350.29 -18680.5 53454.4 1.06723
1458000 0.95 298.877 26.1446 -22101 3343.53 -18757.5 53370.8 1.0689
1459000 0.95 299.907 178.257 -22026.9 3355.05 -18671.9 53596.7 1.0644
1460000 0.95 300.13 127.941 -22107.9 3357.54 -18750.3 53612.7 1.06407
1461000 0.95 299.36 142.84 -22090.4 3348.94 -18741.4 54019.7 1.05606
1462000 0.95 301.502 -51.3319 -22140.6 3372.9 -18767.8 53783.4 1.0607
1463000 0.95 299.267 -261.496 -22088.2 3347.89 -18740.3 53669.3 1.06296
1464000 0.95 300.831 -181.775 -22114.4 3365.39 -18749 53534.7 1.06564
1465000 0.95 298.631 -34.1061 -22049.7 3340.78 -18708.9 53636.8 1.0636
1466000 0.95 300.087 123.35 -22071.6 3357.07 -18714.5 53659.1 1.06315
1467000 0.95 298.166 -13.4566 -22066.2 3335.58 -18730.6 53561.9 1.06509
1468000 0.95 298.882 -180.919 -21995.7 3343.59 -18652.1 53931.9 1.05778
1469000 0.95 300.534 -220.094 -22083.2 3362.07 -18721.2 53629 1.06376
1470000 0.95 299.896 -54.4226 -22092.3 3354.93 -18737.4 53456.7 1.0672
1471000 0.95 300.02 -49.0573 -22058.2 3356.32 -18701.9 53535.7 1.06563
1472000 0.95 300.362 89.4247 -21943.2 3360.15 -18583.1 53432.2 1.06768
1473000 0.95 299.792 24.3195 -22017.9 3353.76 -18664.2 53605.6 1.06422
1474000 0.95 301.013 -71.9944 -22060.7 3367.43 -18693.3 53505.9 1.06621
1475000 0.95 301.035 53.377 -22077.6 3367.67 -18710 53447.5 1.06739
1476000 0.95 297.895 -161.724 -22052.4 3332.55 -18719.9 53546.8 1.06539
1477000 0.95 301.803 -333.028 -22055.3 3376.26 -18679 53092.3 1.07451
1478000 0.95 301.856 76.6053 -22033.6 3376.86 -18656.7 52938.1 1.07763
1479000 0.95 300.362 -72.1832 -22019.2 3360.14 -18659.1 53036.4 1.07566
1480000 0.95 300.248 86.9263 -21976.6 3358.87 -18617.7 53556.9 1.06519
1481000 0.95 301.466 -20.3619 -21958.6 3372.49 -18586.1 53387.8 1.06856
1482000 0.95 299.889 -3.42155 -22017.6 3354.85 -18662.8 53459.4 1.06712
1483000 0.95 300.729 284.514 -21976.5 3364.25 -18612.2 53479.5 1.06673
1484000 0.95 298.695 9.5979 -22042 3341.5 -18700.5 53602.2 1.06429
1485000 0.95 300.672 -79.6369 -21989.6 3363.61 -18626 53684 1.06269
1486000 0.95 301.706 -13.5393 -22025.6 3375.18 -18650.4 53656.2 1.06324
1487000 0.95 300.612 104.094 -22071 3362.94 -18708 53405.2 1.06823
1488000 0.95 298.394 167.582 -22043.6 3338.13 -18705.4 53577.5 1.06477
1489000 0.95 300.512 98.9709 -21972.7 3361.82 -18610.9 53645.9 1.06341
1490000 0.95 298.974 56.5059 -22043.2 3344.62 -18698.6 53754.7 1.06127
1491000 0.95 299.683 131.463 -22107.9 3352.55 -18755.3 53626.7 1.06385
1492000 0.95 297.752 57.8 -22061 3330.94 -18730.1 53252.5 1.07129
1493000 0.95 298.204 -137.72 -22032.1 3336.01 -18696.1 53703.8 1.0623
1494000 0.95 302.223 15.7265 -21954 3380.97 -18573 53376.2 1.06879
1495000 0.95 298.377 -12.6128 -22042.6 3337.93 -18704.6 53493.7 1.06647
1496000 0.95 297.849 64.8598 -22065.8 3332.04 -18733.8 53649.3 1.06335
1497000 0.95 298.886 -43.5915 -22087.5 3343.63 -18743.9 53644.1 1.06347
1498000 0.95 299.327 57.4726 -22105.2 3348.56 -18756.6 53806.2 1.06025
1499000 0.95 300.372 -70.6488 -22075.3 3360.25 -18715 53685.3 1.06265
1500000 0.95 296.984 106.014 -22057.5 3322.35 -18735.1 53530.7 1.06571
1501000 0.95 299.098 87.1854 -22061.5 3346.01 -18715.5 53322.3 1.06987
1502000 0.95 297.877 149.174 -22006.4 3332.34 -18674 53193.6 1.07246
1503000 0.95 300.915 -22.5559 -22009.5 3366.33 -18643.1 53202.5 1.0723
1504000 0.95 298.285 -146.773 -22009.9 3336.91 -18673 53055 1.07526
1505000 0.95 298.082 116.947 -22012.9 3334.64 -18678.3 53286.9 1.07059
1506000 0.95 297.45 142.293 -22010.6 3327.57 -18683.1 53333.7 1.06964
1507000 0.95 300.138 138.459 -22099.2 3357.64 -18741.6 53295.3 1.07043
1508000 0.95 298.745 227.836 -22089.6 3342.06 -18747.6 53561.1 1.06513
1509000 0.95 299.819 -113.382 -22077 3354.07 -18723 53733.1 1.06172
1510000 0.95 299.271 -36.5691 -22073.9 3347.94 -18726 53785.4 1.06067
1511000 0.95 298.752 124.658 -22102 3342.13 -18759.8 53382 1.06868
1512000 0.95 300.541 -100.869 -22047.2 3362.15 -18685 53419.8 1.06792
1513000 0.95 298.882 -122.469 -22038.7 3343.58 -18695.1 52834.2 1.07977
1514000 0.95 300.038 183.444 -22033.1 3356.52 -18676.6 53242.2 1.0715
1515000 0.95 299.085 93.2959 -22025.6 3345.86 -18679.7 53709.4 1.06217
1516000 0.95 299.029 -76.5277 -21949.9 3345.23 -18604.7 53262.3 1.07109
1517000 0.95 297.753 60.2636 -22019.5 3330.95 -18688.5 53192.3 1.07248
1518000 0.95 301.353 10.5948 -22048.9 3371.23 -18677.7 53441.1 1.0675
1519000 0.95 300.014 197.412 -22083.3 3356.25 -18727.1 53806.2 1.06025
1520000 0.95 300.528 7.22477 -22024.5 3362 -18662.5 53858.4 1.05924
1521000 0.95 298.858 214.004 -22027.8 3343.32 -18684.5 53602.5 1.06432
1522000 0.95 297.546 -27.0776 -21948 3328.64 -18619.4 53191.5 1.0725
1523000 0.95 301.181 5.99288 -22008 3369.31 -18638.7 53484.3 1.06666
1524000 0.95 301.656 -134.798 -22052.7 3374.62 -18678.1 53190.3 1.07253
1525000 0.95 298.804 -148.642 -22039.2 3342.71 -18696.5 53507.2 1.06617
1526000 0.95 301.002 -195.08 -22021.1 3367.3 -18653.8 53394.6 1.06842
1527000 0.95 299.652 166.817 -21970.1 3352.2 -18617.9 53048.6 1.07539
1528000 0.95 297.907 0.916526 -21999.7 3332.67 -18667 53172 1.0729
1529000 0.95 301.635 145.131 -22002.3 3374.38 -18627.9 53315.3 1.07004
1530000 0.95 300.817 -112.481 -22047.2 3365.24 -18681.9 53435.4 1.06761
1531000 0.95 298.69 -58.4156 -22043.4 3341.44 -18702 53608.7 1.06418
1532000 0.95 301.006 181.64 -22085.1 3367.35 -18717.7 53204.8 1.07223
1533000 0.95 301.876 181.25 -21960.7 3377.08 -18583.6 53192.9 1.0725
1534000 0.95 300.533 35.9781 -21943.7 3362.06 -18581.6 53597.7 1.0644
1535000 0.95 300.822 25.8331 -22014.7 3365.29 -18649.4 53663.3 1.06307
1536000 0.95 300.523 189.173 -22052.4 3361.95 -18690.5 53645.2 1.06343
1537000 0.95 299.536 -191.127 -22035.4 3350.91 -18684.5 53615.2 1.06407
1538000 0.95 299.794 33.718 -21992.8 3353.79 -18639 53596.8 1.06439
1539000 0.95 302.218 -208.391 -21976.4 3380.9 -18595.5 53303.7 1.07028
1540000 0.95 298.913 3.37709 -21964.9 3343.94 -18621 53382.3 1.06867
1541000 0.95 300.336 105.158 -22040.7 3359.85 -18680.8 53385.5 1.06861
1542000 0.95 300.451 -116.734 -22017.4 3361.14 -18656.2 53363.9 1.06905
1543000 0.95 301.219 46.6409 -22027.8 3369.73 -18658.1 53167.1 1.073
1544000 0.95 301.644 47.9137 -21974.6 3374.48 -18600.2 53600 1.06434
1545000 0.95 299.539 182.324 -22052.8 3350.94 -18701.8 53378.5 1.06876
1546000 0.95 300.441 8.39357 -22098 3361.03 -18737 53708.3 1.06218
1547000 0.95 300.092 -89.3665 -22066.8 3357.13 -18709.7 53408.8 1.06816
1548000 0.95 299.878 138.214 -22039.6 3354.72 -18684.8 53492.4 1.06647
1549000 0.95 299.914 122.372 -22040.6 3355.13 -18685.4 53469.6 1.06694
1550000 0.95 299.485 62.9409 -22117.4 3350.34 -18767.1 53778.7 1.06081
1551000 0.95 302.118 37.6816 -22077.7 3379.79 -18697.9 53688.1 1.0626
1552000 0.95 300.298 -117.913 -22044.6 3359.43 -18685.1 53509.8 1.06612
1553000 0.95 300.651 2.67466 -21993.8 3363.38 -18630.4 53342 1.06948
1554000 0.95 301.673 5.61351 -22071 3374.82 -18696.2 53605.4 1.06423
1555000 0.95 301.195 -26.4473 -22044.4 3369.47 -18674.9 53505.8 1.06622
1556000 0.95 298.808 11.0226 -22012.3 3342.75 -18669.5 53752 1.06134
1557000 0.95 301.154 223.347 -21994.4 3369.01 -18625.4 53572.3 1.06489
1558000 0.95 299.688 -20.3121 -21958.3 3352.61 -18605.7 53612.7 1.0641
1559000 0.95 299.066 -131.048 -21967.8 3345.64 -18622.1 53818.9 1.06001
1560000 0.95 298.888 283.677 -21979.1 3343.66 -18635.4 53633.1 1.06367
1561000 0.95 301.488 -33.2379 -22058 3372.74 -18685.3 53688.1 1.06259
1562000 0.95 300.809 -108.316 -22062.7 3365.14 -18697.6 53635.2 1.06365
1563000 0.95 299.158 -252.774 -22050.5 3346.68 -18703.8 53761.9 1.06112
1564000 0.95 299.914 -49.6956 -22029.1 3355.13 -18674 53432 1.06772
1565000 0.95 299.927 43.1462 -22019.1 3355.27 -18663.8 53175.8 1.07282
1566000 0.95 300.787 130.891 -22015 3364.9 -18650.1 53400.9 1.0683
1567000 0.95 301.074 59.5574 -22024.8 3368.11 -18656.6 53262 1.0711
1568000 0.95 299.898 -44.6122 -22039.6 3354.95 -18684.7 53253 1.07129
1569000 0.95 299.774 -9.69064 -22046.8 3353.57 -18693.3 53389.9 1.06852
1570000 0.95 299.87 -150.524 -22034.8 3354.63 -18680.2 53405.9 1.06822
1571000 0.95 299.107 283.497 -21995.7 3346.11 -18649.6 53308.4 1.07015
1572000 0.95 300.303 -208.439 -22003.3 3359.48 -18643.9 53625.5 1.06385
1573000 0.95 298.434 -8.70442 -22043.7 3338.57 -18705.1 53585.9 1.0646
1574000 0.95 299.723 101.703 -21969.4 3353 -18616.4 53685 1.06264
1575000 0.95 300.021 -82.3465 -22010.6 3356.33 -18654.3 53838.9 1.05961
1576000 0.95 299.771 10.6888 -22044.7 3353.54 -18691.1 53774.5 1.06089
1577000 0.95 300.384 -31.5142 -22011.1 3360.39 -18650.8 53590.6 1.06452
1578000 0.95 299.927 199.044 -22001.8 3355.27 -18646.5 53521.7 1.0659
1579000 0.95 300.408 -14.1505 -22066.6 3360.66 -18705.9 53611.4 1.06411
1580000 0.95 297.963 -39.0989 -22054.4 3333.31 -18721.1 53558.1 1.06517
1581000 0.95 300.618 -206.937 -22034 3363.01 -18671 53588.5 1.06457
1582000 0.95 299.585 257.218 -22068.6 3351.45 -18717.2 53456.4 1.06722
1583000 0.95 300.99 -32.6378 -21974.3 3367.17 -18607.1 53807.8 1.06023
1584000 0.95 300.502 17.6024 -21958.6 3361.71 -18596.9 53513.3 1.06608
1585000 0.95 299.114 82.3391 -21962.3 3346.18 -18616.2 53703.8 1.06227
1586000 0.95 300.3 22.8982 -22033.7 3359.45 -18674.2 53803.1 1.06031
1587000 0.95 299.322 -175.265 -21993.5 3348.51 -18645 53608.2 1.06416
1588000 0.95 301.598 -106.915 -22037.7 3373.97 -18663.8 53619.2 1.06396
1589000 0.95 300.448 34.3679 -22082.1 3361.11 -18721 53653.6 1.06329
1590000 0.95 300.549 83.8084 -21974.4 3362.23 -18612.1 53541.4 1.0655
1591000 0.95 300.557 -64.4947 -21957.3 3362.32 -18595 53564.4 1.06503
1592000 0.95 301.39 -108.61 -22021.3 3371.65 -18649.7 53433.2 1.06765
1593000 0.95 299.448 34.7297 -22051.9 3349.92 -18701.9 53270.2 1.07092
1594000 0.95 302.091 -148.018 -22010.9 3379.48 -18631.4 53600.9 1.06431
1595000 0.95 299.421 -95.4489 -21999 3349.62 -18649.3 53583.5 1.06466
1596000 0.95 298.418 96.3861 -21996.1 3338.4 -18657.7 53465.8 1.06699
1597000 0.95 299.21 251.819 -22014.5 3347.26 -18667.3 53873.9 1.05895
1598000 0.95 299.97 -56.518 -21976.4 3355.76 -18620.6 53787.9 1.06061
1599000 0.95 300.406 -31.2559 -22064.4 3360.63 -18703.8 53443.6 1.06744
1600000 0.95 301.109 -17.9129 -22038 3368.5 -18669.5 53494.9 1.06642
