# Time-averaged data for fix msd_avg
# TimeStep c_msd_water[1] c_msd_water[2] c_msd_water[3] c_msd_water[4]
601000 0.595024 0.630407 0.642883 1.86831
602000 1.444 1.4843 1.42783 4.35613
603000 2.27976 2.15802 2.27019 6.70796
604000 3.24862 2.96093 3.03011 9.23966
605000 4.2437 3.76112 4.07629 12.0811
606000 5.175 4.48312 4.91757 14.5757
607000 6.06307 5.19434 6.00742 17.2648
608000 6.81421 6.00674 6.63122 19.4522
609000 7.53714 6.68745 7.70687 21.9315
610000 8.43035 7.45282 8.56662 24.4498
611000 9.55426 8.15641 9.3751 27.0858
612000 10.7311 8.68762 10.1625 29.5812
613000 11.1224 9.20796 11.1631 31.4935
614000 12.1492 9.84371 12.0864 34.0793
615000 12.9567 10.5532 12.965 36.475
616000 13.8566 11.1771 13.544 38.5777
617000 14.7494 12.2115 14.5684 41.5294
618000 15.8493 13.1765 15.3858 44.4117
619000 16.7835 13.7432 16.2011 46.7278
620000 16.8813 14.4014 16.9038 48.1865
621000 17.5725 15.4231 18.1688 51.1644
622000 18.4954 16.0736 19.5333 54.1023
623000 18.9554 16.4944 20.0967 55.5464
624000 19.739 17.2487 20.7312 57.7188
625000 21.092 18.5771 21.4113 61.0803
626000 22.2306 19.4926 22.7905 64.5138
627000 22.9211 19.9865 23.2034 66.111
628000 24.2999 20.9829 24.0618 69.3447
629000 25.7057 22.2011 25.0473 72.9541
630000 26.4579 23.4177 26.2738 76.1494
631000 27.0906 24.0941 27.1404 78.3251
632000 28.1958 24.4392 27.7669 80.4019
633000 28.9314 25.3721 28.6189 82.9224
634000 29.3186 25.5625 29.2558 84.1369
635000 30.3292 26.8918 30.0555 87.2765
636000 30.681 28.2074 30.7833 89.6718
637000 31.7281 28.8995 31.2043 91.8319
638000 32.4974 29.5329 31.5669 93.5972
639000 33.4041 30.833 31.7795 96.0166
640000 34.1648 32.2085 32.3613 98.7346
641000 34.9997 33.2686 32.8114 101.08
642000 35.4797 34.6331 33.4207 103.534
643000 36.4168 35.8406 34.1829 106.44
644000 37.2803 36.2781 34.61 108.168
645000 37.7694 36.8874 35.1338 109.791
646000 38.6164 37.6523 36.0217 112.29
647000 39.4534 38.2868 36.4252 114.165
648000 40.0993 39.4523 37.1977 116.749
649000 40.5559 39.7223 37.9891 118.267
650000 41.1827 39.9507 38.9405 120.074
651000 41.8716 40.8836 39.4926 122.248
652000 42.6316 41.3498 40.1932 124.175
653000 43.3695 42.6348 40.4741 126.478
654000 43.4859 42.8782 40.2797 126.644
655000 44.6728 42.9785 41.1935 128.845
656000 45.7269 43.5949 42.5265 131.848
657000 46.7488 44.7607 42.9948 134.504
658000 46.998 45.6821 43.2028 135.883
659000 47.5133 45.8636 43.4517 136.829
660000 47.9106 46.1313 44.4303 138.472
661000 48.3822 47.0674 45.1864 140.636
662000 49.1395 47.7865 45.6674 142.593
663000 49.4503 48.4222 46.348 144.22
664000 50.171 48.8544 47.4524 146.478
665000 51.6041 49.0532 47.8758 148.533
666000 53.2261 50.9594 49.088 153.273
667000 54.9523 51.789 49.2697 156.011
668000 56.051 52.6298 49.8791 158.56
669000 56.7137 53.2595 50.2329 160.206
670000 57.8333 54.3333 50.9863 163.153
671000 58.3333 55.195 51.6022 165.131
672000 59.339 56.2303 52.8058 168.375
673000 59.982 56.9213 52.9768 169.88
674000 59.935 57.3828 53.2259 170.544
675000 61.0605 58.072 54.0136 173.146
676000 61.4593 59.4336 55.8072 176.7
677000 61.9016 59.3971 56.3527 177.651
678000 63.2135 60.5181 57.3216 181.053
679000 64.0407 61.3321 57.77 183.143
680000 64.6377 61.9283 58.2677 184.834
681000 65.8049 62.8458 59.3292 187.98
682000 65.5796 64.4886 59.7754 189.844
683000 65.6462 65.1776 60.3498 191.174
684000 66.7284 65.7274 61.0589 193.515
685000 67.8011 67.2606 62.2495 197.311
686000 68.328 68.5107 62.5266 199.365
687000 68.4501 69.2567 63.0559 200.763
688000 69.5085 70.1909 63.3372 203.037
689000 70.2783 71.3943 63.8897 205.562
690000 71.4057 72.3587 65.2202 208.985
691000 72.0138 72.8943 65.6164 210.524
692000 72.8713 73.5848 66.6538 213.11
693000 72.9268 73.8305 67.3582 214.115
694000 73.3916 74.8168 68.3389 216.547
695000 75.0123 75.4022 69.2657 219.68
696000 76.8699 76.5492 70.495 223.914
697000 77.5977 77.2266 71.5409 226.365
698000 78.4761 77.6878 71.9927 228.157
699000 80.4746 78.3005 73.3068 232.082
700000 81.1274 79.0601 73.8971 234.085
701000 82.8056 79.7216 75.501 238.028
702000 84.2841 80.2333 76.0853 240.603
703000 85.137 81.636 77.1229 243.896
704000 86.6966 82.3487 78.4979 247.543
705000 87.4951 83.3965 80.0081 250.9
706000 87.7283 85.1274 80.1862 253.042
707000 87.9617 86.6107 80.0922 254.665
708000 89.4743 87.8154 81.1206 258.41
709000 90.803 87.8441 82.4121 261.059
710000 91.1011 88.1139 82.4145 261.629
711000 91.1851 87.9215 83.6767 262.783
712000 91.7373 88.1371 84.493 264.367
713000 93.2454 89.3344 85.1821 267.762
714000 93.9449 89.6789 86.3309 269.955
715000 94.1463 90.159 87.853 272.158
716000 94.2921 90.3916 88.8023 273.486
717000 93.972 91.1485 89.8112 274.932
718000 94.4396 92.1102 91.0471 277.597
719000 95.1323 93.1868 91.4172 279.736
720000 96.3951 94.4952 92.9628 283.853
721000 97.9425 95.9334 93.8947 287.771
722000 100.054 96.9997 95.63 292.684
723000 101.523 97.3615 96.4907 295.375
724000 101.878 98.0838 97.1098 297.072
725000 102.45 98.8438 98.2894 299.583
726000 102.58 99.5367 98.9092 301.026
727000 103.665 100.944 99.7854 304.394
728000 104.328 101.722 101.024 307.074
729000 105.241 102.326 101.667 309.235
730000 105.516 103.574 102.537 311.626
731000 105.737 103.618 103.665 313.019
732000 106.668 104.925 105.187 316.779
733000 107.814 105.194 105.422 318.431
734000 108.211 105.744 106.397 320.352
735000 109.005 105.838 108.013 322.856
736000 108.753 106.769 108.633 324.156
737000 109.019 107.765 109.866 326.65
738000 110.501 108.679 110.304 329.484
739000 112.085 109.827 111.097 333.008
740000 111.688 110.735 111.619 334.042
741000 112.206 111.716 112.277 336.198
742000 112.433 111.403 112.333 336.169
743000 112.751 112.239 113.269 338.259
744000 113.136 113.416 114.377 340.93
745000 112.982 113.219 115.224 341.425
746000 115.133 114.923 116.589 346.645
747000 116.434 114.994 117.099 348.527
748000 116.437 116.064 118.365 350.866
749000 117.224 116.866 119.234 353.324
750000 117.577 117.615 120.038 355.231
751000 118.226 118.715 120.829 357.769
752000 119.196 120.472 121.205 360.873
753000 121.096 122.188 122.927 366.212
754000 122.749 123.56 123.885 370.194
755000 124.5 125.038 125.997 375.534
756000 124.963 125.315 126.179 376.458
757000 126.309 126.209 126.755 379.273
758000 126.578 127.075 127.926 381.579
759000 127.397 128.201 128.605 384.202
760000 127.024 128.117 128.544 383.685
761000 127.769 128.604 127.97 384.343
762000 128.589 129.836 128.99 387.415
763000 129.486 130.76 130.074 390.32
764000 130.118 131.724 131.051 392.894
765000 132.434 135.057 132.549 400.04
766000 133.803 136.033 132.908 402.744
767000 133.831 135.676 133.869 403.377
768000 133.983 136.695 135.474 406.151
769000 133.423 137.378 135.871 406.671
770000 134.913 138.288 137.566 410.767
771000 136.475 139.164 139.621 415.26
772000 137.118 140.256 140.691 418.064
773000 137.786 141.466 142.094 421.347
774000 138.085 142.858 142.764 423.707
775000 138.662 144.619 143.301 426.582
776000 138.594 144.769 143.467 426.83
777000 139.68 146.183 143.519 429.382
778000 140.909 147.912 145.506 434.327
779000 140.776 147.31 146.428 434.513
780000 140.786 148.213 148.26 437.259
781000 140.549 149.261 148.478 438.289
782000 141.101 150.589 149.193 440.883
783000 142.61 152.049 150.314 444.973
784000 144.127 152.133 152.451 448.712
785000 146.394 153.334 154.343 454.071
786000 147.277 152.788 154.976 455.042
787000 148.85 154.399 156.253 459.502
788000 149.526 154.331 156.618 460.475
789000 149.634 155.168 156.369 461.171
790000 148.555 155.814 155.209 459.577
791000 149.629 156.986 156.199 462.814
792000 150.122 156.85 156.893 463.866
793000 150.801 157.883 157.574 466.258
794000 152.337 158.133 159.025 469.495
795000 153.041 158.951 160.307 472.298
796000 153.596 159.381 160.159 473.136
797000 153.682 160.626 160.389 474.698
798000 154.231 161.564 160.494 476.288
799000 155.073 163.338 162.472 480.883
800000 155.295 163.654 162.542 481.491
801000 155.535 164.13 162.434 482.1
802000 157.267 165.781 164.241 487.289
803000 158.177 167.733 164.451 490.36
804000 158.287 168.108 164.706 491.101
805000 156.939 168.63 164.459 490.028
806000 157.599 169.26 164.717 491.577
807000 158.896 171.644 165.613 496.153
808000 159.253 172.519 166.65 498.422
809000 161 173.187 167.174 501.361
810000 162.655 175.599 168.594 506.848
811000 162.106 175.642 168.165 505.913
812000 163.905 177.572 168.961 510.438
813000 165.456 179.222 171.767 516.446
814000 166.022 178.691 171.479 516.192
815000 167.371 179.091 172.219 518.68
816000 167.833 180.148 172.74 520.721
817000 168.173 181.418 174.743 524.334
818000 167.734 181.834 176.171 525.738
819000 169.607 182.224 177.987 529.818
820000 170.495 181.827 178.358 530.68
821000 171.723 182.144 178.81 532.677
822000 173.29 184.152 181.36 538.801
823000 172.968 184.908 181.442 539.318
824000 172.801 185.298 181.953 540.052
825000 174.399 186.223 182.685 543.307
826000 175.679 186.432 183.177 545.289
827000 176.784 188.187 184.846 549.817
828000 177.873 189.214 187.17 554.257
829000 177.668 188.989 186.154 552.811
830000 178.768 189.395 187.05 555.214
831000 181.327 190.939 190.662 562.928
832000 180.968 191.636 189.924 562.528
833000 181.901 192.904 190.657 565.462
834000 182.5 193.656 191.698 567.854
835000 182.896 193.58 193.069 569.544
836000 183.076 195.149 193.73 571.956
837000 183.896 196.362 195.558 575.816
838000 184.074 197.131 195.751 576.956
839000 184.963 197.289 199.113 581.366
840000 185.088 197.499 200.414 583.001
841000 185.976 199.241 201.363 586.58
842000 187.005 199.279 201.582 587.866
843000 187.837 199.645 201.637 589.119
844000 190.719 201.073 204.014 595.806
845000 190.908 201.232 204.25 596.389
846000 192.326 202.248 205.336 599.91
847000 192.119 202.776 205.446 600.341
848000 193.281 204.474 207.065 604.82
849000 194.428 205.789 208.079 608.295
850000 194.704 206.383 208.263 609.35
851000 195.073 207.776 207.04 609.889
852000 195.756 208.728 207.499 611.983
853000 195.164 208.541 206.904 610.609
854000 194.292 207.991 206.031 608.314
855000 194.708 209.759 208 612.467
856000 196.438 210.937 210.018 617.392
857000 197.685 212.2 209.945 619.83
858000 199.501 212.32 211.103 622.924
859000 199.888 212.402 211.525 623.815
860000 200.757 214.119 212.866 627.742
861000 202.362 215.095 214.874 632.332
862000 202.935 216.631 214.278 633.844
863000 203.363 217.995 214.328 635.687
864000 203.077 217.873 214.316 635.266
865000 204.1 217.443 213.711 635.254
866000 205.117 218.068 215.084 638.269
867000 207.359 220.194 216.646 644.199
868000 207.401 220.414 216.148 643.963
869000 207.967 222.09 216.304 646.361
870000 209.301 222.712 216.353 648.366
871000 210.074 224.024 216.036 650.134
872000 211.473 225.322 216.498 653.293
873000 214.419 227.657 220.333 662.409
874000 215.33 228.831 221.393 665.554
875000 216.652 230.195 222.741 669.589
876000 217.75 230.366 224.155 672.271
877000 219.527 231.194 225.656 676.377
878000 219.955 231.635 226.287 677.878
879000 220.557 231.7 227.724 679.981
880000 220.678 232.553 229.786 683.017
881000 222.051 233.842 230.925 686.818
882000 223.441 235.397 232.214 691.053
883000 226.098 236.785 233.956 696.839
884000 226.596 235.914 235.121 697.63
885000 228.324 236.293 235.701 700.319
886000 230.654 236.209 236.551 703.415
887000 231.736 235.729 237.27 704.735
888000 233.218 236.305 239.191 708.714
889000 234.866 237.713 239.969 712.548
890000 234.961 238.008 240.094 713.063
891000 234.031 238.383 240.494 712.908
892000 234.447 238.061 242.188 714.696
893000 234.759 237.758 241.852 714.369
894000 234.219 237.894 243.974 716.087
895000 233.638 237.616 243.7 714.955
896000 233.861 238.03 243.87 715.76
897000 234.21 238.84 244.544 717.593
898000 234.851 240.136 245.34 720.327
899000 237.182 241.751 246.057 724.991
900000 238.606 243.894 246.575 729.076
901000 237.932 245.686 246.122 729.74
902000 239.986 247.325 247.38 734.69
903000 241.241 247.447 249.607 738.295
904000 242.185 248.84 250.264 741.289
905000 243.076 250.316 251.238 744.63
906000 242.201 249.476 250.606 742.284
907000 243.137 250.364 251.394 744.894
908000 242.514 250.692 251.17 744.376
909000 244.311 252.766 251.948 749.025
910000 245.126 252.319 251.428 748.873
911000 246.455 253.793 253.924 754.173
912000 247.326 254.97 255.53 757.826
913000 249.03 256.142 255.582 760.754
914000 250.639 256.473 256.832 763.944
915000 250.335 256.359 257.697 764.391
916000 251.271 256.674 258.026 765.97
917000 253.458 257.714 259.92 771.091
918000 254.374 259.029 260.539 773.942
919000 253.318 257.971 259.573 770.863
920000 255.001 258.708 260.562 774.272
921000 254.97 259.02 261.251 775.242
922000 255.218 259.96 262.233 777.411
923000 256.918 262.302 263.591 782.81
924000 257.06 264.324 265.031 786.415
925000 256.551 262.98 264.54 784.071
926000 259.51 265.113 267.61 792.233
927000 259.807 266.165 268.872 794.844
928000 260.153 267.679 270.242 798.074
929000 260.757 268.023 269.804 798.584
930000 262.271 268.738 270.702 801.71
931000 262.736 269.522 270.196 802.453
932000 263.107 269.848 270.152 803.107
933000 263.818 270.86 271.357 806.036
934000 264.846 272.171 272.451 809.468
935000 265.966 273.285 272.858 812.109
936000 266.981 273.66 273.285 813.927
937000 267.71 272.905 275.848 816.463
938000 266.719 272.413 273.941 813.073
939000 268.035 273.347 273.953 815.335
940000 269.208 273.004 273.635 815.847
941000 271.263 276.368 275.111 822.742
942000 270.544 275.945 274.489 820.978
943000 272.656 277.535 276.452 826.642
944000 274.569 279.017 277.171 830.757
945000 275.361 278.658 278.349 832.367
946000 274.864 277.147 277.415 829.426
947000 277.05 277.467 279.473 833.99
948000 280.294 280.134 283.171 843.599
949000 281.024 279.903 283.15 844.077
950000 281.373 278.881 285.364 845.618
951000 280.919 277.969 284.425 843.314
952000 283.361 278.773 286.224 848.358
953000 283.574 279.242 286.625 849.441
954000 284.862 283.265 289.461 857.588
955000 285.144 284.975 290.267 860.386
956000 284.93 284.067 288.85 857.847
957000 284.614 283.599 289.027 857.241
958000 284.711 283.095 288.287 856.093
959000 286.323 285.946 289.472 861.741
960000 287.874 287.222 290.023 865.119
961000 289.363 287.97 292.762 870.095
962000 288.048 285.697 290.564 864.309
963000 289.458 286.368 291.959 867.785
964000 292.363 289.384 293.646 875.392
965000 292.72 290.604 292.272 875.596
966000 292.634 290.044 291.517 874.195
967000 293.569 289.845 291.876 875.29
968000 295.131 290.167 293.337 878.634
969000 298.268 291.722 294.908 884.898
970000 300.292 292.976 296.675 889.943
971000 301.257 291.842 296.826 889.925
972000 302.37 292.02 297.919 892.308
973000 302.166 293.746 298.691 894.603
974000 302.917 293.938 299.445 896.3
975000 302.465 291.431 297.919 891.815
976000 303.52 292.836 299.853 896.208
977000 302.412 293.546 299.027 894.985
978000 306.166 297.77 303.876 907.812
979000 306.47 297.96 303.862 908.292
980000 308.135 298.525 305.599 912.259
981000 310.286 300.055 308.509 918.85
982000 310.978 299.384 308.823 919.185
983000 312.833 301.199 312.058 926.09
984000 310.881 300.383 311.608 922.872
985000 310.958 300.722 312.463 924.143
986000 312.621 302.22 314.7 929.542
987000 314.572 304.506 316.391 935.469
988000 315.408 304.995 317.129 937.532
989000 315.27 304.126 316.801 936.197
990000 316.232 305.413 316.349 937.994
991000 315.677 307.661 316.153 939.491
992000 315.484 308.587 317 941.071
993000 317.726 311.533 319.569 948.828
994000 317.525 310.782 318.563 946.869
995000 319.267 312.665 320.133 952.065
996000 320.694 314.845 320.683 956.222
997000 320.287 316.01 320.21 956.507
998000 320.222 315.963 320.249 956.434
999000 321.642 317.533 320.955 960.13
1000000 324.715 320.458 323.198 968.372
1001000 325.802 322.051 325.29 973.143
1002000 325.649 321.2 326.357 973.206
1003000 324.036 321.639 326.219 971.893
1004000 326.313 321.705 326.234 974.252
1005000 329.273 322.044 327.511 978.828
1006000 329.491 322.648 326.673 978.812
1007000 328.117 323.344 327.153 978.614
1008000 328.046 324.048 327.694 979.788
1009000 329.579 325.701 331.62 986.9
1010000 330.404 324.573 331.917 986.894
1011000 333.552 325.472 333.996 993.019
1012000 334.612 326.887 335.408 996.908
1013000 336.684 328.983 338.137 1003.8
1014000 336.904 329.076 338.346 1004.33
1015000 336.641 329.539 338.794 1004.97
1016000 337.234 331.996 339.609 1008.84
1017000 339.452 333.742 341.844 1015.04
1018000 341.535 333.928 342.864 1018.33
1019000 341.267 333.88 343.552 1018.7
1020000 341.996 334.576 345.173 1021.75
1021000 343.99 334.975 345.583 1024.55
1022000 343.91 335.283 345.42 1024.61
1023000 343.886 335.286 345.196 1024.37
1024000 343.446 335.728 346.482 1025.66
1025000 343.149 336.316 345.912 1025.38
1026000 344.554 337.755 346.461 1028.77
1027000 345.688 339.7 346.919 1032.31
1028000 346.285 340.081 347.68 1034.05
1029000 347.142 341.538 349.985 1038.66
1030000 348.459 341.725 350.973 1041.16
1031000 350.49 343.634 352.545 1046.67
1032000 353.209 344.421 354.154 1051.78
1033000 355.849 346.47 356.13 1058.45
1034000 356.168 345.346 356.192 1057.71
1035000 355.712 345.296 355.52 1056.53
1036000 356.304 348.162 357.859 1062.32
1037000 358.396 349.521 358.335 1066.25
1038000 360.07 350.329 358.864 1069.26
1039000 363.648 352.049 361.237 1076.93
1040000 364.489 352.444 361.789 1078.72
1041000 365.513 352.112 363.477 1081.1
1042000 367.251 353.224 363.357 1083.83
1043000 370.008 354.646 364.067 1088.72
1044000 368.855 356.156 364.31 1089.32
1045000 368.791 354.796 364.269 1087.86
1046000 370.101 355.383 365.58 1091.06
1047000 372.545 357.462 368.005 1098.01
1048000 371.772 355.96 368.434 1096.17
1049000 375.012 358.299 372.656 1105.97
1050000 375.489 358.879 373.137 1107.5
1051000 375.985 359.83 373.866 1109.68
1052000 377.778 363.189 375.493 1116.46
1053000 378.01 362.477 374.887 1115.37
1054000 378.155 363.763 376.263 1118.18
1055000 377.937 363.995 376.531 1118.46
1056000 377.964 363.41 377.335 1118.71
1057000 378.762 364.24 378.367 1121.37
1058000 379.709 364.189 377.669 1121.57
1059000 378.991 362.075 378.47 1119.54
1060000 381.245 365.021 382.142 1128.41
1061000 381.059 365.513 382.605 1129.18
1062000 379.874 366.274 382.605 1128.75
1063000 378.48 365.887 384.211 1128.58
1064000 377.895 366.841 384.719 1129.45
1065000 378.376 368.691 386.537 1133.6
1066000 380.877 372.388 389.772 1143.04
1067000 379.648 371.639 389.445 1140.73
1068000 382.083 373.465 392.894 1148.44
1069000 383.067 373.656 391.618 1148.34
1070000 384.782 372.521 390.165 1147.47
1071000 387.658 374.146 394.025 1155.83
1072000 389.901 375.721 396.282 1161.9
1073000 389.894 375.295 396.749 1161.94
1074000 390.827 375.844 396.374 1163.04
1075000 392.889 377.702 397.539 1168.13
1076000 391.759 374.899 397.869 1164.53
1077000 393.562 376.903 400.191 1170.66
1078000 392.337 375.898 398.008 1166.24
1079000 393.64 378.27 399.443 1171.35
1080000 394.213 378.07 400.091 1172.37
1081000 392.845 378.277 400.545 1171.67
1082000 392.898 378.713 401.198 1172.81
1083000 395.634 381.066 403.154 1179.85
1084000 395.462 382.162 403.409 1181.03
1085000 397.774 383.943 406.825 1188.54
1086000 398.277 383.763 407.873 1189.91
1087000 400.856 383.972 409.677 1194.5
1088000 399.352 386.291 410.249 1195.89
1089000 401.19 388.435 408.96 1198.58
1090000 400.899 388.14 407.254 1196.29
1091000 403.648 391.14 410.08 1204.87
1092000 403.625 392.265 411.371 1207.26
1093000 402.124 392.028 407.761 1201.91
1094000 401.982 392.145 409.439 1203.57
1095000 403.876 393.959 411.515 1209.35
1096000 405.35 395.517 413.81 1214.68
1097000 407.291 395.629 415.185 1218.1
1098000 408.797 397.744 417.597 1224.14
1099000 408.304 398.241 417.661 1224.21
1100000 408.324 397.921 417.974 1224.22
1101000 410.308 398.683 418.404 1227.39
1102000 411.327 400.793 420.33 1232.45
1103000 411.005 400.134 419.809 1230.95
1104000 414.092 403.517 422.258 1239.87
1105000 416.008 402.605 423.264 1241.88
1106000 416.859 402.134 422.768 1241.76
1107000 416.349 401.607 421.629 1239.59
1108000 419.67 403.651 424.103 1247.42
1109000 418.809 405.347 424.537 1248.69
1110000 420.243 406.45 425.806 1252.5
1111000 421.966 408.659 426.831 1257.46
1112000 423.863 409.148 427.679 1260.69
1113000 425.486 410.336 429.081 1264.9
1114000 426.474 410.269 429.253 1266
1115000 429.252 410.548 431.223 1271.02
1116000 428.545 408.233 430.186 1266.96
1117000 429.562 409.779 431.251 1270.59
1118000 429.942 410.952 432.334 1273.23
1119000 430.998 411.358 433.14 1275.5
1120000 431.318 411.156 430.13 1272.6
1121000 434.936 411.195 429.927 1276.06
1122000 434.35 410.828 430.236 1275.41
1123000 434.261 412.281 431.145 1277.69
1124000 434.89 413.418 430.938 1279.25
1125000 436.596 415.057 431.518 1283.17
1126000 439.871 417.119 432.805 1289.8
1127000 443.242 418.153 435.549 1296.94
1128000 442.394 419.252 436.944 1298.59
1129000 442.243 420.357 437.601 1300.2
1130000 443.379 420.092 438.175 1301.65
1131000 442.164 419.007 437.952 1299.12
1132000 444.29 420.098 440.539 1304.93
1133000 446.237 422.305 441.876 1310.42
1134000 446.048 421.033 442.33 1309.41
1135000 443.342 420.102 441.438 1304.88
1136000 443.311 419.452 441.467 1304.23
1137000 446.936 422.773 444.126 1313.83
1138000 445.792 423.328 443.458 1312.58
1139000 446.156 425.575 443.665 1315.4
1140000 448.107 428.053 444.359 1320.52
1141000 451.244 427.943 445.416 1324.6
1142000 451.697 428.64 446.087 1326.42
1143000 449.816 426.275 444.276 1320.37
1144000 450.848 427.185 446.976 1325.01
1145000 453.698 429.918 449.116 1332.73
1146000 451.944 428.204 447.756 1327.9
1147000 452.046 430.048 449.411 1331.51
1148000 453.681 432.743 451.317 1337.74
1149000 454.438 434.824 452.827 1342.09
1150000 455.869 434.826 452.899 1343.59
1151000 459.165 435.263 454.975 1349.4
1152000 458.349 435.743 455.24 1349.33
1153000 458.353 435.765 456.225 1350.34
1154000 461.887 438.016 459.495 1359.4
1155000 461.04 437.43 461.074 1359.54
1156000 460.581 436.992 460.148 1357.72
1157000 462.958 439.445 462.928 1365.33
1158000 464.696 438.4 463.107 1366.2
1159000 466.209 441.395 464.919 1372.52
1160000 468.499 444.145 466.512 1379.16
1161000 467.639 442.001 466.831 1376.47
1162000 470.221 443.567 467.165 1380.95
1163000 470.369 443.69 468.3 1382.36
1164000 469.673 443.153 469.175 1382
1165000 470.809 443.045 471.268 1385.12
1166000 472.511 443.809 472.894 1389.21
1167000 473.853 446.76 475.152 1395.76
1168000 473.325 445.601 473.835 1392.76
1169000 478.249 449.881 477.497 1405.63
1170000 480.043 451.835 477.378 1409.26
1171000 480.025 452.118 477.263 1409.41
1172000 480.398 452.806 478.165 1411.37
1173000 480.624 451.952 477.054 1409.63
1174000 482.545 454.226 479.211 1415.98
1175000 485.228 457.369 480.768 1423.37
1176000 481.564 457.039 476.592 1415.19
1177000 484.731 462.464 480.177 1427.37
1178000 484.343 463.025 480.56 1427.93
1179000 483.827 461.054 479.286 1424.17
1180000 485.599 463.482 481.265 1430.35
1181000 487.186 463.597 481.969 1432.75
1182000 490.446 465.611 483.961 1440.02
1183000 492.689 467.483 486.501 1446.67
1184000 493.431 467.521 486.339 1447.29
1185000 495.095 470.074 486.589 1451.76
1186000 493.906 471.467 485.951 1451.32
1187000 495.814 474.743 489.339 1459.9
1188000 497.286 474.339 491.468 1463.09
1189000 496.335 474.485 492.398 1463.22
1190000 497.227 478.627 494.601 1470.46
1191000 493.443 477.055 493.362 1463.86
1192000 492.857 478.969 496.08 1467.91
1193000 495.196 481.333 498.999 1475.53
1194000 496.242 482.371 500.553 1479.17
1195000 499.868 485.87 503.438 1489.18
1196000 498.87 486.815 503.558 1489.24
1197000 498.301 486.055 502.757 1487.11
1198000 502.506 488.858 504.619 1495.98
1199000 501.284 487.723 503.399 1492.41
1200000 502.282 488.316 505.619 1496.22
1201000 501.703 486.824 504.517 1493.04
1202000 502.189 486.58 505.125 1493.89
1203000 502.988 488.908 505.967 1497.86
1204000 503.981 489.381 506.995 1500.36
1205000 500.494 490.031 505.01 1495.53
1206000 502.165 492.948 507.189 1502.3
1207000 501.125 494.751 506.124 1502
1208000 502.94 495.062 507.357 1505.36
1209000 506.239 498.744 509.238 1514.22
1210000 507.858 500.335 508.735 1516.93
1211000 506.931 498.844 508.6 1514.38
1212000 506.621 500.643 510.219 1517.48
1213000 504.529 499.001 508.146 1511.68
1214000 506.323 500.137 510.245 1516.71
1215000 506.42 499.809 509.766 1515.99
1216000 509.491 502.132 511.325 1522.95
1217000 511.407 504.537 513.967 1529.91
1218000 509.483 503.175 513.126 1525.78
1219000 511.469 504.367 515.739 1531.58
1220000 512.05 505.593 516.344 1533.99
1221000 512.208 505.755 515.57 1533.53
1222000 512.347 506.66 517.042 1536.05
1223000 513.196 507.606 518.157 1538.96
1224000 513.672 508.004 519.291 1540.97
1225000 514.362 511.718 521.083 1547.16
1226000 514.626 513.889 522.266 1550.78
1227000 512.815 512.039 519.582 1544.44
1228000 514.763 514.037 523.201 1552
1229000 517.109 516.042 525.945 1559.1
1230000 514.922 515.274 523.206 1553.4
1231000 515.743 514.743 524.9 1555.39
1232000 518.326 516.634 527.652 1562.61
1233000 519.739 518.759 528.469 1566.97
1234000 520.611 519.635 529.057 1569.3
1235000 521.477 521.344 527.679 1570.5
1236000 522.734 523.293 527.117 1573.14
1237000 523.419 525.562 528.351 1577.33
1238000 522.102 524.979 526.059 1573.14
1239000 525.279 527.522 526.774 1579.58
1240000 527.052 528.053 527.745 1582.85
1241000 528.957 529.153 528.207 1586.32
1242000 528.572 529.087 529.135 1586.79
1243000 528.256 530.962 527.597 1586.82
1244000 530.513 532.61 529.459 1592.58
1245000 530.866 532.99 528.449 1592.31
1246000 531.378 533.573 529.009 1593.96
1247000 529.815 533.732 529.842 1593.39
1248000 531.305 535.183 530.3 1596.79
1249000 531.395 533.887 529.163 1594.45
1250000 534.763 537.248 530.681 1602.69
1251000 535.546 539.044 532.624 1607.21
1252000 537.809 539.721 535.142 1612.67
1253000 539.25 539.662 536.501 1615.41
1254000 541.895 539.781 538.272 1619.95
1255000 541.114 539.198 538.111 1618.42
1256000 543.59 540.541 540.384 1624.51
1257000 544.418 540.988 540.918 1626.32
1258000 545.472 541.003 542.926 1629.4
1259000 546.094 539.721 542.261 1628.08
1260000 547.566 540.776 542.648 1630.99
1261000 547.983 541.409 545.363 1634.76
1262000 547.381 541.545 545.29 1634.22
1263000 550.163 545.139 548.122 1643.42
1264000 552.247 547.305 550.075 1649.63
1265000 553.609 549.245 551.188 1654.04
1266000 552.964 549.588 549.578 1652.13
1267000 552.755 550.547 548.581 1651.88
1268000 555.127 554.024 550.007 1659.16
1269000 554.216 552.881 550.101 1657.2
1270000 554.201 553.762 550.588 1658.55
1271000 556.641 554.323 551.639 1662.6
1272000 557.443 553.526 551.811 1662.78
1273000 555.873 555.209 552.085 1663.17
1274000 557.045 557.01 551.759 1665.81
1275000 558.446 558.429 551.616 1668.49
1276000 559.894 559.121 551.515 1670.53
1277000 558.857 558.436 550.996 1668.29
1278000 561.179 562.431 551.68 1675.29
1279000 562.961 566.947 554.562 1684.47
1280000 566.211 568.094 556.09 1690.39
1281000 568.46 569.347 559.078 1696.88
1282000 569.315 569.613 559.881 1698.81
1283000 573.431 573.199 562.107 1708.74
1284000 568.884 568.203 557.203 1694.29
1285000 569.993 569.706 558.522 1698.22
1286000 572.109 575.061 561.428 1708.6
1287000 570.436 574.894 560.313 1705.64
1288000 572.387 573.766 559.517 1705.67
1289000 574.509 575.556 561.306 1711.37
1290000 573.167 575.251 560.05 1708.47
1291000 572.809 576.637 560.071 1709.52
1292000 572.308 577.078 558.98 1708.37
1293000 575.088 580.06 562.889 1718.04
1294000 575.124 582.734 564.524 1722.38
1295000 576.425 584.416 564.146 1724.99
1296000 575.578 582.976 562.602 1721.16
1297000 578.433 586.382 566.106 1730.92
1298000 578.456 588.4 566.882 1733.74
1299000 579.486 593.212 569.448 1742.15
1300000 581.191 594.002 569.192 1744.39
1301000 578.046 592.234 566.892 1737.17
1302000 576.097 591.326 566.165 1733.59
1303000 579.28 594.508 568.196 1741.98
1304000 581.556 596.594 570.906 1749.06
1305000 584.582 600.766 572.704 1758.05
1306000 585.951 602.358 573.167 1761.48
1307000 586.325 602.865 573.459 1762.65
1308000 584.415 600.703 572.151 1757.27
1309000 584.313 600.76 572.757 1757.83
1310000 586.217 603.441 573.847 1763.51
1311000 589.194 605.529 577.391 1772.11
1312000 588.697 606.94 575.333 1770.97
1313000 591.38 610.507 577.856 1779.74
1314000 592.803 611.128 579.165 1783.1
1315000 588.398 610.19 577.968 1776.56
1316000 590.848 613.025 579.425 1783.3
1317000 589.41 613.534 582.176 1785.12
1318000 588.794 613.686 582.785 1785.26
1319000 589.726 617.539 585.054 1792.32
1320000 589.235 618.732 582.782 1790.75
1321000 590.298 621.724 585.399 1797.42
1322000 588.058 617.011 583.303 1788.37
1323000 588.809 618.283 584.94 1792.03
1324000 591.608 622.38 589.723 1803.71
1325000 589.565 621.614 589.957 1801.14
1326000 590.125 622.664 592.026 1804.82
1327000 591.706 624.616 590.903 1807.23
1328000 590.399 623.646 589.311 1803.36
1329000 592.3 627.425 590.146 1809.87
1330000 591.381 626.248 589.72 1807.35
1331000 594.281 630.162 592.905 1817.35
1332000 593.489 631.089 593.408 1817.99
1333000 590.129 627.672 591.281 1809.08
1334000 593.484 629.193 595.07 1817.75
1335000 594.868 629.993 594.572 1819.43
1336000 595.482 631.81 596.024 1823.32
1337000 593.479 631.262 594.572 1819.31
1338000 594.661 633.869 596.402 1824.93
1339000 596.049 635.208 596.622 1827.88
1340000 596.661 635.748 597.059 1829.47
1341000 593.495 634.071 596.496 1824.06
1342000 595.95 636.858 598.307 1831.12
1343000 597.568 638.272 600.572 1836.41
1344000 597.306 639.414 600.68 1837.4
1345000 598.416 639.899 600.028 1838.34
1346000 596.9 638.626 599.424 1834.95
1347000 594.054 637.919 598.127 1830.1
1348000 595.908 638.925 601.384 1836.22
1349000 597.35 640.73 602.164 1840.25
1350000 598.602 640.802 601.743 1841.15
1351000 601.349 644.238 604.712 1850.3
1352000 599.346 644.069 605.135 1848.55
1353000 602.951 647.351 607.185 1857.49
1354000 602.483 646.512 606.253 1855.25
1355000 599.809 644.104 605.887 1849.8
1356000 601.823 645.636 609.597 1857.06
1357000 603.752 647.387 612.227 1863.37
1358000 604.811 648.539 611.909 1865.26
1359000 605.312 650.315 613.12 1868.75
1360000 601.955 648.069 611.401 1861.42
1361000 604.913 649.637 615.278 1869.83
1362000 607.656 651.119 616.905 1875.68
1363000 607.332 651.027 615.226 1873.59
1364000 607.251 649.34 613.662 1870.25
1365000 610.11 651.051 614.694 1875.86
1366000 608.089 649.968 615.366 1873.42
1367000 611.149 653.142 617.184 1881.48
1368000 610.351 653.015 616.191 1879.56
1369000 609.973 655.187 616.108 1881.27
1370000 614.194 661.462 618.428 1894.08
1371000 614.792 661.966 619.195 1895.95
1372000 615.035 660.912 619.194 1895.14
1373000 616.282 661.386 617.859 1895.53
1374000 616.134 659.635 616.664 1892.43
1375000 616.336 659.943 616.086 1892.37
1376000 618.392 662.672 619.759 1900.82
1377000 618.873 663.19 618.32 1900.38
1378000 620.604 665.159 618.936 1904.7
1379000 621.014 666.128 619.786 1906.93
1380000 622.883 666.297 620.716 1909.9
1381000 626.571 670.885 624.289 1921.75
1382000 628.571 672.603 624.522 1925.7
1383000 628.639 673.642 624.939 1927.22
1384000 629.19 676.077 624.895 1930.16
1385000 630.208 676.187 628.431 1934.83
1386000 631.622 678.851 631.073 1941.55
1387000 630.165 677.742 632.011 1939.92
1388000 632.44 677.338 634.095 1943.87
1389000 634.097 680.58 637.657 1952.33
1390000 633.418 681.78 637.201 1952.4
1391000 633.144 680.767 637.849 1951.76
1392000 635.47 685.144 639.718 1960.33
1393000 637.332 686.032 640.533 1963.9
1394000 638.376 687.367 639.945 1965.69
1395000 640.259 689.116 641.121 1970.5
1396000 643.539 691.514 644.278 1979.33
1397000 644.541 691.56 645.806 1981.91
1398000 644.664 690.41 645.991 1981.06
1399000 645.346 689.499 645.716 1980.56
1400000 645.686 691.989 648.044 1985.72
1401000 644.43 691.032 647.862 1983.32
1402000 644.185 691.374 647.028 1982.59
1403000 647.485 695.156 649.361 1992
1404000 647.882 694.102 651.92 1993.9
1405000 647.203 694.616 651.954 1993.77
1406000 647.517 695.524 653.513 1996.56
1407000 646.449 694.864 654.425 1995.74
1408000 649.215 697.07 656.266 2002.55
1409000 649.797 697.932 657.246 2004.97
1410000 652.339 701.067 659.681 2013.09
1411000 650.35 698.756 658.928 2008.03
1412000 651.868 701.289 660.704 2013.86
1413000 654.777 702.775 663.316 2020.87
1414000 652.978 703.27 663.133 2019.38
1415000 659.006 707.188 666.047 2032.24
1416000 663.021 711.674 669.217 2043.91
1417000 658.888 705.664 665.313 2029.87
1418000 661.888 708.91 668.224 2039.02
1419000 659.068 707.179 665.687 2031.93
1420000 659.662 708.214 664.086 2031.96
1421000 664.124 714.963 669.265 2048.35
1422000 663.067 714.452 669.789 2047.31
1423000 662.812 715.181 672.269 2050.26
1424000 663.979 715.993 673.562 2053.53
1425000 660.17 714.52 669.907 2044.6
1426000 662.666 717.097 669.919 2049.68
1427000 664.401 719.86 670.044 2054.31
1428000 666.327 722.012 673.3 2061.64
1429000 665.757 721.195 671.107 2058.06
1430000 664.923 721.115 669.524 2055.56
1431000 665.986 723.204 670.088 2059.28
1432000 669.379 726.549 673.404 2069.33
1433000 667.011 725.641 672.633 2065.29
1434000 666.99 728.08 675.324 2070.39
1435000 668.158 732.864 678.732 2079.75
1436000 671.44 737.302 684.58 2093.32
1437000 669.537 734.568 682.549 2086.65
1438000 669.471 731.021 681.367 2081.86
1439000 668.946 730.351 679.196 2078.49
1440000 673.408 736.601 685.75 2095.76
1441000 675.202 738.549 689.469 2103.22
1442000 675.84 739.219 690.813 2105.87
1443000 676.452 739.036 691.83 2107.32
1444000 677.253 740.509 692.088 2109.85
1445000 676.781 741.127 693.963 2111.87
1446000 676.786 741.239 695.19 2113.22
1447000 675.07 737.688 695.275 2108.03
1448000 678.581 739.526 695.314 2113.42
1449000 681.717 744.153 698.203 2124.07
1450000 680.578 745.061 699.174 2124.81
1451000 678.217 744.975 698.954 2122.15
1452000 677.221 745.661 699.71 2122.59
1453000 677.52 746.11 698.596 2122.23
1454000 677.717 747.146 699.123 2123.99
1455000 678.043 746.053 697.805 2121.9
1456000 683.167 751.758 702.738 2137.66
1457000 683.957 751.253 701.343 2136.55
1458000 684.426 751.667 702.072 2138.17
1459000 685.612 754.586 703.192 2143.39
1460000 684.935 752.729 701.261 2138.93
1461000 689.947 755.952 705.146 2151.04
1462000 691.888 758.565 707.485 2157.94
1463000 689.682 756.765 706.182 2152.63
1464000 686.778 755.985 704.289 2147.05
1465000 687.104 755.773 704.92 2147.8
1466000 687.037 755.403 702.975 2145.41
1467000 691.452 758.232 707.278 2156.96
1468000 696.082 762.235 710.411 2168.73
1469000 693.48 758.764 706.099 2158.34
1470000 693.622 759.549 706.496 2159.67
1471000 693.36 759.913 706.831 2160.1
1472000 696.808 763.12 709.703 2169.63
1473000 697.536 764.052 709.414 2171
1474000 699.938 765.157 710.49 2175.58
1475000 699.434 764.399 708.216 2172.05
1476000 697.817 768.111 708.446 2174.37
1477000 698.724 768.618 708.856 2176.2
1478000 698.135 767.197 709.467 2174.8
1479000 699.072 769.993 711.282 2180.35
1480000 699.723 768.878 709.683 2178.28
1481000 703.419 770.769 712.11 2186.3
1482000 701.614 769.721 709.364 2180.7
1483000 705.449 772.312 711.909 2189.67
1484000 707.755 774.591 714.364 2196.71
1485000 708.379 772.82 713.38 2194.58
1486000 709.842 774.442 716.33 2200.61
1487000 712.26 780.425 718.199 2210.88
1488000 713.443 780.85 721.473 2215.77
1489000 714.215 782.188 722.284 2218.69
1490000 714.108 784.337 725.678 2224.12
1491000 711.662 781.003 724.284 2216.95
1492000 713.135 781.66 725.651 2220.45
1493000 714.447 783.54 726.912 2224.9
1494000 719.524 786.839 729.701 2236.06
1495000 717.651 783.879 728.225 2229.75
1496000 720.149 788.258 732.391 2240.8
1497000 722.2 789.46 732.028 2243.69
1498000 719.73 784.832 730.347 2234.91
1499000 720.329 784.511 732.761 2237.6
1500000 723.733 787.574 736.736 2248.04
1501000 724.22 787.721 738.062 2250
1502000 721.762 785.465 736.048 2243.28
1503000 723.028 785.772 737.86 2246.66
1504000 726.044 784.906 738.741 2249.69
1505000 726.872 787.311 740.504 2254.69
1506000 725.86 788.751 740.258 2254.87
1507000 724.936 787.289 737.926 2250.15
1508000 728.912 791.741 740.256 2260.91
1509000 731.147 791.203 739.238 2261.59
1510000 729.993 792.294 738.115 2260.4
1511000 732.993 793.44 740.512 2266.94
1512000 734.085 794.827 743.365 2272.28
1513000 737.119 797.122 746.041 2280.28
1514000 739.386 796.502 747.189 2283.08
1515000 739.236 798.401 748.639 2286.28
1516000 738.555 798.394 747.191 2284.14
1517000 741.482 800.627 748.517 2290.63
1518000 744.774 804.254 750.308 2299.34
1519000 747.959 806.166 752.277 2306.4
1520000 748.077 804.582 750.918 2303.58
1521000 745.42 804.66 750.035 2300.11
1522000 745.959 804.571 751.933 2302.46
1523000 744.33 802.726 752.269 2299.32
1524000 745.382 804.308 753.559 2303.25
1525000 747.739 805.971 757.666 2311.38
1526000 746.396 805.941 755.677 2308.01
1527000 742.682 801.336 751.635 2295.65
1528000 749.89 806.452 757.982 2314.32
1529000 749.185 803.499 757.399 2310.08
1530000 754.057 807.752 761.197 2323
1531000 756.47 812.06 763.518 2332.05
1532000 754.07 810.572 762.757 2327.4
1533000 756.348 812.816 763.744 2332.91
1534000 755.823 812.804 760.763 2329.39
1535000 757.992 816.004 762.601 2336.6
1536000 762.661 818.425 764.815 2345.9
1537000 760.698 815.869 763.339 2339.91
1538000 762.238 817.16 765.019 2344.42
1539000 762.704 818.061 763.766 2344.53
1540000 765.231 821.82 766.624 2353.68
1541000 767.563 823.138 767.022 2357.72
1542000 764.706 818.262 765.278 2348.25
1543000 769.222 821.475 768.626 2359.32
1544000 769.091 822.574 767.385 2359.05
1545000 770.948 827.624 770.09 2368.66
1546000 771.257 827.888 771.825 2370.97
1547000 773.141 828.839 774.989 2376.97
1548000 770.593 826.12 774.964 2371.68
1549000 768.37 825.621 774.444 2368.43
1550000 772.767 829.973 775.755 2378.49
1551000 777.185 834.4 779.467 2391.05
1552000 778.312 836.177 783.378 2397.87
1553000 782.389 839.757 786.135 2408.28
1554000 777.11 833.97 780.549 2391.63
1555000 778.413 835.238 783.579 2397.23
1556000 779.307 835.602 785.713 2400.62
1557000 779.921 837.713 787.361 2404.99
1558000 779.451 836.391 787.937 2403.78
1559000 778.254 833.847 789.738 2401.84
1560000 781.306 836.113 792.408 2409.83
1561000 778.588 833.168 790.457 2402.21
1562000 777.452 832.337 791.032 2400.82
1563000 775.312 831.073 788.992 2395.38
1564000 778.044 834.037 790.677 2402.76
1565000 778.449 833.85 789.641 2401.94
1566000 781.046 838.463 792.639 2412.15
1567000 779.784 839.453 792.795 2412.03
1568000 779.627 838.748 790.407 2408.78
1569000 784.856 843.141 795.909 2423.91
1570000 786.252 845.413 798.077 2429.74
1571000 782.527 845.266 796.969 2424.76
1572000 782.701 846.219 797.115 2426.04
1573000 779.043 843.182 795.925 2418.15
1574000 781.857 847.137 801.026 2430.02
1575000 782.97 849.675 803.567 2436.21
1576000 780.469 846.642 799.915 2427.03
1577000 781.28 846.416 799.304 2427
1578000 781.626 846.094 800.365 2428.08
1579000 780.673 846.062 799.852 2426.59
1580000 783.686 848.847 802.796 2435.33
1581000 786.278 850.008 803.808 2440.09
1582000 788.867 853.28 805.806 2447.95
1583000 788.747 857.595 806.395 2452.74
1584000 789.67 858.591 811.609 2459.87
1585000 791.365 858.412 812.606 2462.38
1586000 790.086 856.426 810.768 2457.28
1587000 789.909 857.871 810.366 2458.15
1588000 789.556 858.931 810.543 2459.03
1589000 790.108 858.975 812.136 2461.22
1590000 789.409 857.494 812.137 2459.04
1591000 791.276 859.77 813.732 2464.78
1592000 795.995 864.838 816.188 2477.02
1593000 797.945 863.282 813.718 2474.94
1594000 796.866 861.762 814.093 2472.72
1595000 795.401 863 815.747 2474.15
1596000 794.004 863.836 815.257 2473.1
1597000 792.007 861.395 811.138 2464.54
1598000 795.554 867.304 813.548 2476.41
1599000 795.184 864.063 811.646 2470.89
1600000 798.834 868.24 815.718 2482.79
