# Time-averaged data for fix thermo_avg_npt
# TimeStep v_epsilon_co v_temp v_press v_pe v_ke v_etotal v_vol v_dens
101000 1 298.509 29.1047 -22184.5 3339.41 -18845.1 53191.5 1.07249
102000 1 299.41 21.4503 -22199.1 3349.49 -18849.6 53468.3 1.06695
103000 1 297.318 -210.441 -22181.2 3326.09 -18855.1 53641.1 1.06351
104000 1 297.769 190.193 -22187.1 3331.13 -18856 53309.7 1.07012
105000 1 298.798 -388.907 -22175.8 3342.64 -18833.1 53532.7 1.06566
106000 1 300.864 -76.493 -22182 3365.76 -18816.2 53601.1 1.0643
107000 1 300.683 -207.974 -22190.1 3363.74 -18826.4 53411 1.0681
108000 1 300.475 437.523 -22112 3361.41 -18750.6 52683.6 1.08284
109000 1 298.102 365.499 -22163.4 3334.86 -18828.5 52750.2 1.08149
110000 1 301.869 -166.823 -22042.4 3377 -18665.4 53478.5 1.06674
111000 1 301.426 -479.665 -22047.8 3372.05 -18675.8 53853 1.05932
112000 1 302.836 -144.63 -22156.5 3387.82 -18768.6 53791.4 1.06053
113000 1 299.707 172.004 -22170.4 3352.82 -18817.6 53663.8 1.06306
114000 1 299.365 -229.292 -22195.1 3348.99 -18846.1 53947.4 1.05747
115000 1 299.343 89.2796 -22140.8 3348.75 -18792.1 53625.3 1.06382
116000 1 299.522 -172.262 -22219.3 3350.74 -18868.6 53697.5 1.0624
117000 1 300.858 81.4698 -22159.4 3365.69 -18793.7 53695.4 1.06244
118000 1 300.029 38.4607 -22186.6 3356.41 -18830.2 53548.4 1.06535
119000 1 300.822 -54.3256 -22111.5 3365.29 -18746.3 53768.9 1.06098
120000 1 299.977 422.569 -22164.9 3355.84 -18809.1 53576 1.0648
121000 1 298.282 -124.029 -22174.2 3336.87 -18837.4 53711.8 1.0621
122000 1 300.897 -261.641 -22112 3366.13 -18745.9 53720.2 1.06194
123000 1 301.018 156.302 -22127.8 3367.49 -18760.4 53225.3 1.07182
124000 1 298.881 151.872 -22104.1 3343.58 -18760.5 53142.9 1.07347
125000 1 296.791 101.559 -22212.2 3320.19 -18892 53246.6 1.07139
126000 1 301.212 50.553 -22184.6 3369.65 -18815 53422.1 1.06786
127000 1 301.598 -51.3263 -22140.4 3373.97 -18766.5 53321.5 1.06988
128000 1 300.354 -1.96187 -22178 3360.05 -18818 53295.3 1.07041
129000 1 301.395 119.759 -22098.3 3371.7 -18726.6 53260.5 1.07111
130000 1 300.044 207.982 -22123.5 3356.59 -18767 53545.4 1.06541
131000 1 299.118 7.54738 -22179.9 3346.23 -18833.7 53723.4 1.06187
132000 1 299.626 102.322 -22192.5 3351.91 -18840.6 53420 1.06791
133000 1 299.983 -5.67998 -22235.1 3355.9 -18879.2 53340.7 1.06949
134000 1 298.999 -181.108 -22163 3344.9 -18818.1 53363.2 1.06905
135000 1 296.821 196 -22137.3 3320.53 -18816.7 53133.9 1.07366
136000 1 299.536 -34.1877 -22154.2 3350.9 -18803.3 53574.6 1.06484
137000 1 300.082 0.818708 -22093.8 3357.01 -18736.8 53853.3 1.05931
138000 1 299.812 -131.435 -22048 3353.99 -18694 53479.6 1.06672
139000 1 300.047 97.73 -22095.7 3356.62 -18739.1 53044.9 1.07546
140000 1 298.842 84.7391 -22146.1 3343.13 -18803 53191.3 1.0725
141000 1 300.781 50.6327 -22142.9 3364.83 -18778 53442.9 1.06745
142000 1 300.642 144.97 -22185.9 3363.28 -18822.7 53414.7 1.06801
143000 1 299.911 63.7886 -22117.7 3355.1 -18762.6 53659.9 1.06313
144000 1 300.577 -101.751 -22111.2 3362.55 -18748.7 53668.7 1.06296
145000 1 301.363 135.834 -22091 3371.34 -18719.6 53488.2 1.06654
146000 1 300.162 -181.564 -22067 3357.91 -18709.1 53452.8 1.06725
147000 1 300.02 -84.984 -22131.9 3356.31 -18775.6 53184.3 1.07264
148000 1 300.47 458.488 -22185.7 3361.35 -18824.4 53235.2 1.07163
149000 1 300.261 -228.439 -22124.2 3359.01 -18765.2 53973.4 1.05696
150000 1 300.119 23.4795 -22102.4 3357.42 -18745 53639.5 1.06354
151000 1 302.654 240.779 -22125.9 3385.79 -18740.2 53482.7 1.06665
152000 1 299.756 -32.2827 -22107.8 3353.37 -18754.4 53782 1.06072
153000 1 301.15 108.086 -22163.1 3368.95 -18794.2 53594 1.06444
154000 1 302.359 -201.334 -22110.9 3382.49 -18728.4 53555.9 1.0652
155000 1 299.359 37.716 -22139.4 3348.93 -18790.4 52825.7 1.07993
156000 1 300.499 191.359 -22231.4 3361.68 -18869.7 53035.5 1.07567
157000 1 300.744 43.1893 -22158.8 3364.41 -18794.4 53620.4 1.06391
158000 1 299.866 -35.1553 -22131 3354.6 -18776.4 53596.1 1.0644
159000 1 300.083 5.70369 -22163.5 3357.02 -18806.4 53405.7 1.06819
160000 1 299.673 -121.992 -22190.1 3352.44 -18837.6 53631.4 1.0637
161000 1 300.205 2.65802 -22200.3 3358.39 -18841.9 53738.3 1.06158
162000 1 298.472 -168.02 -22208.4 3339 -18869.4 53487.8 1.06657
163000 1 300.883 358.779 -22207.2 3365.98 -18841.3 52743.6 1.0816
164000 1 299.284 -76.7344 -22156.7 3348.08 -18808.6 52965.6 1.07707
165000 1 300.531 207.441 -22184.6 3362.03 -18822.5 53200.3 1.07232
166000 1 301.25 -161.633 -22154.2 3370.08 -18784.1 53477.4 1.06676
167000 1 300.959 121.317 -22221.4 3366.82 -18854.6 53343.1 1.06945
168000 1 299.873 -28.8559 -22144.3 3354.67 -18789.7 53436.1 1.06759
169000 1 301.039 -141.835 -22139.9 3367.72 -18772.2 53523.1 1.06585
170000 1 301.58 15.0232 -22126.2 3373.77 -18752.4 53136 1.07362
171000 1 297.909 84.9379 -22146.9 3332.7 -18814.2 52999.8 1.07637
172000 1 301.327 -99.2182 -22081.4 3370.94 -18710.4 53270.4 1.0709
173000 1 299.162 196.018 -22107 3346.72 -18760.3 53300.5 1.0703
174000 1 300.135 -63.3048 -22157.7 3357.6 -18800.1 53659.4 1.06314
175000 1 299.802 58.4897 -22200.4 3353.88 -18846.6 53374.9 1.06881
176000 1 298.56 -81.664 -22212.5 3339.98 -18872.5 53143.3 1.07347
177000 1 300.175 -124.468 -22185.4 3358.05 -18827.4 53263.6 1.07104
178000 1 296.988 -143.534 -22155.9 3322.4 -18833.5 53661 1.06312
179000 1 300.213 -19.0539 -22147.7 3358.47 -18789.2 53810.2 1.06016
180000 1 299.687 102.278 -22178.4 3352.59 -18825.8 53366.1 1.06899
181000 1 300.201 246.572 -22101.2 3358.34 -18742.9 53194.8 1.07243
182000 1 300.341 41.927 -22096.9 3359.91 -18737 53378.3 1.06874
183000 1 298.673 -175.179 -22085.3 3341.25 -18744.1 53760.6 1.06114
184000 1 299.803 126.479 -22140.6 3353.89 -18786.7 53344.1 1.06943
185000 1 301.001 -29.7583 -22135.6 3367.3 -18768.3 53359.1 1.06912
186000 1 300.435 -284.14 -22165.6 3360.96 -18804.6 53719.6 1.06195
187000 1 299.828 -27.7539 -22231.5 3354.17 -18877.3 53358.5 1.06915
188000 1 301.038 57.3909 -22185 3367.7 -18817.3 53185.8 1.07261
189000 1 300.188 -129.742 -22175.2 3358.2 -18817 53523.1 1.06585
190000 1 298.918 -47.5684 -22166 3343.99 -18822 53252.7 1.07127
191000 1 298.689 119.994 -22120.7 3341.42 -18779.2 53201.6 1.0723
192000 1 299.684 -115.925 -22108.1 3352.56 -18755.5 53729.6 1.06176
193000 1 300.201 -248.358 -22098.8 3358.34 -18740.4 54005.6 1.05632
194000 1 298.933 56.1829 -22196 3344.15 -18851.9 53557.8 1.06517
195000 1 299.885 383.73 -22186.1 3354.81 -18831.3 53215.3 1.07201
196000 1 300.603 -328.021 -22124.1 3362.84 -18761.2 53850.4 1.0594
197000 1 300.734 -142.881 -22109.4 3364.3 -18745.1 53787.2 1.06065
198000 1 301.544 212.866 -22189.5 3373.37 -18816.2 52888.9 1.07863
199000 1 301.29 27.1816 -22155.4 3370.52 -18784.9 53491.9 1.06648
200000 1 300.075 101.245 -22117.7 3356.93 -18760.7 53779.2 1.06077
201000 1 300.089 138.257 -22159.1 3357.09 -18802 53699.4 1.06235
202000 1 299.895 -125.987 -22130.6 3354.92 -18775.7 53595.5 1.06441
203000 1 299.075 -286.945 -22167.3 3345.74 -18821.6 53578.2 1.06475
204000 1 303.027 -272.907 -22168.6 3389.96 -18778.7 53429.8 1.06772
205000 1 299.48 148.343 -22200.1 3350.28 -18849.8 53191.4 1.0725
206000 1 300.214 53.614 -22093 3358.49 -18734.5 53599.5 1.06433
207000 1 300.272 40.3103 -22155.2 3359.14 -18796 53213 1.07206
208000 1 300.008 169.65 -22161.3 3356.18 -18805.1 53474.7 1.06683
209000 1 300.896 -162.556 -22154.5 3366.12 -18788.4 53772.6 1.06091
210000 1 299.592 207.667 -22142.5 3351.53 -18791 53210 1.07213
211000 1 301.069 262.737 -22181.4 3368.06 -18813.4 53043 1.0755
212000 1 300.814 -386.627 -22174 3365.2 -18808.8 53447.5 1.06736
213000 1 300.574 25.4026 -22111.2 3362.52 -18748.7 53316.7 1.06997
214000 1 300.317 219.812 -22157 3359.64 -18797.4 53433.3 1.06764
215000 1 300.092 -146.88 -22108.6 3357.12 -18751.5 53865.9 1.05907
216000 1 300.304 24.444 -22178 3359.49 -18818.5 53661.7 1.06311
217000 1 298.085 56.2589 -22139.9 3334.67 -18805.2 53380.2 1.0687
218000 1 299.681 -104.934 -22150.3 3352.53 -18797.8 53392.8 1.06845
219000 1 299.057 112.157 -22146.6 3345.54 -18801 53123.8 1.07386
220000 1 300.611 -157.875 -22182.6 3362.93 -18819.7 53191.1 1.0725
221000 1 301.282 162.311 -22195.8 3370.44 -18825.3 53438.6 1.06755
222000 1 299.646 -53.1361 -22095.2 3352.13 -18743 53868.7 1.05901
223000 1 300.312 433.371 -22157.3 3359.58 -18797.7 53677.5 1.06278
224000 1 299.123 -66.7388 -22157.2 3346.28 -18810.9 53716.8 1.06201
225000 1 303.1 303.425 -22157.6 3390.78 -18766.8 53429.3 1.06772
226000 1 300.346 31.756 -22183.6 3359.96 -18823.7 53672.9 1.06288
227000 1 300.106 -201.484 -22151.1 3357.28 -18793.9 54171.6 1.05309
228000 1 300.811 -0.211819 -22167.9 3365.17 -18802.7 53337.6 1.06959
229000 1 301.467 -100.962 -22097.2 3372.5 -18724.7 52997.5 1.07642
230000 1 299.739 113.865 -22080.8 3353.17 -18727.7 53092.3 1.0745
231000 1 300.24 -135.721 -22145 3358.78 -18786.2 53122.1 1.07389
232000 1 300.631 -185.479 -22101.9 3363.15 -18738.8 53502.1 1.06627
233000 1 300.298 144.718 -22160.7 3359.43 -18801.3 53693.5 1.06247
234000 1 299.6 -149.445 -22118.2 3351.62 -18766.6 53654.7 1.06324
235000 1 302.05 110.786 -22186.3 3379.03 -18807.3 53333.9 1.06963
236000 1 298.722 -26.8585 -22205.8 3341.8 -18864 53388 1.06855
237000 1 299.847 -57.7485 -22188.6 3354.38 -18834.2 53275.5 1.0708
238000 1 299.576 210.988 -22149.6 3351.36 -18798.3 53476.8 1.06678
239000 1 297.957 48.1797 -22120.8 3333.24 -18787.6 53757.6 1.0612
240000 1 300.908 367.287 -22144.8 3366.25 -18778.6 53391.5 1.06848
241000 1 301.248 28.7447 -22168.6 3370.05 -18798.5 53597.3 1.06438
242000 1 300.132 -102.822 -22178.9 3357.57 -18821.3 53648.8 1.06335
243000 1 301.159 27.0475 -22149.1 3369.06 -18780 53386.9 1.06857
244000 1 299.741 191.971 -22105.8 3353.2 -18752.6 53235.4 1.07161
245000 1 300.142 -101.77 -22065.8 3357.68 -18708.1 53571.5 1.06489
246000 1 300.5 87.7994 -22074.6 3361.68 -18712.9 53505.4 1.0662
247000 1 299.871 76.9605 -22134.3 3354.65 -18779.7 53516.4 1.06598
248000 1 302.38 -4.0311 -22133.3 3382.72 -18750.6 53383.4 1.06864
249000 1 299.015 273.558 -22075.8 3345.08 -18730.7 52828 1.07988
250000 1 299.666 -46.823 -22128.2 3352.35 -18775.8 53258.6 1.07116
251000 1 299.091 -100.126 -22126.9 3345.93 -18780.9 53364.1 1.06903
252000 1 300.096 14.7936 -22206.2 3357.17 -18849.1 52921.4 1.07797
253000 1 299.77 55.7924 -22177.9 3353.52 -18824.3 53042.6 1.0755
254000 1 298.16 -104.686 -22105.3 3335.51 -18769.8 53321.8 1.06987
255000 1 299.619 -12.5438 -22068.9 3351.83 -18717.1 53185.7 1.07261
256000 1 297.668 237.693 -22183.2 3330.01 -18853.2 52825.7 1.07992
257000 1 301.163 308.314 -22178.8 3369.1 -18809.7 53297.4 1.07041
258000 1 300.521 -403.409 -22124.9 3361.92 -18763 53955.6 1.05731
259000 1 298.887 264.934 -22256 3343.64 -18912.4 53324.4 1.06983
260000 1 300.375 182.208 -22115.9 3360.29 -18755.6 53489.2 1.06653
261000 1 300.581 -182.427 -22155.7 3362.6 -18793.1 53611.9 1.06408
262000 1 301.244 -275.325 -22122.7 3370.02 -18752.6 53626.1 1.0638
263000 1 299.37 -47.8074 -22165.2 3349.05 -18816.1 53870 1.059
264000 1 300.494 -445.329 -22166.3 3361.62 -18804.7 54307.9 1.05045
265000 1 299.818 90.9311 -22131.7 3354.06 -18777.7 53623.7 1.06388
266000 1 299.082 126.435 -22149.1 3345.83 -18803.2 53329.1 1.06973
267000 1 301.2 -410.707 -22102 3369.51 -18732.5 53755.3 1.06125
268000 1 299.255 351.31 -22183.4 3347.76 -18835.6 53200.5 1.07231
269000 1 302.222 -286.445 -22128.1 3380.95 -18747.2 53403.3 1.06824
270000 1 298.459 -3.76563 -22158.6 3338.86 -18819.8 53166.5 1.073
271000 1 299.806 153.204 -22169.1 3353.93 -18815.2 53206 1.0722
272000 1 300.266 -24.4721 -22080.2 3359.08 -18721.1 53695.9 1.06243
273000 1 301.698 -21.3869 -22150.3 3375.09 -18775.2 53484.1 1.06663
274000 1 300.841 15.0506 -22076.4 3365.51 -18710.9 53575.2 1.06482
275000 1 299.136 -126.278 -22112.8 3346.43 -18766.3 53751.2 1.06133
276000 1 301.544 217.223 -22170 3373.36 -18796.6 53443 1.06745
277000 1 299.12 234.448 -22179 3346.25 -18832.7 53528.6 1.06574
278000 1 299.929 -218.978 -22155.8 3355.3 -18800.5 53762.9 1.0611
279000 1 299.639 54.6194 -22234 3352.05 -18881.9 53357.1 1.06916
280000 1 299.742 22.2968 -22178.7 3353.2 -18825.5 53368.6 1.06893
281000 1 298.294 41.7274 -22091.1 3337.01 -18754.1 53408.9 1.06813
282000 1 298.634 70.1136 -22186.7 3340.81 -18845.9 53190.1 1.07253
283000 1 300.202 291.733 -22157 3358.36 -18798.6 52960.6 1.07717
284000 1 299.882 -111.431 -22129.5 3354.78 -18774.7 53422.8 1.06786
285000 1 301.283 -106.432 -22144 3370.45 -18773.6 53611.5 1.06409
286000 1 299.482 -135.72 -22109.2 3350.3 -18758.9 53549.4 1.06532
287000 1 299.541 373.845 -22107.6 3350.96 -18756.7 53460.3 1.0671
288000 1 298.8 -108.836 -22118.5 3342.67 -18775.8 53595.6 1.06441
289000 1 300.626 100.092 -22194.9 3363.09 -18831.9 53080.9 1.07474
290000 1 299.144 42.0833 -22107.7 3346.52 -18761.1 53172.4 1.0729
291000 1 299.381 -256.33 -22113.8 3349.17 -18764.6 53722.3 1.0619
292000 1 299.595 212.685 -22158.4 3351.56 -18806.9 53389.8 1.06852
293000 1 301.635 72.7089 -22162.2 3374.39 -18787.8 53473.2 1.06686
294000 1 299.349 -187.573 -22200.1 3348.81 -18851.3 53774.5 1.06087
295000 1 301.437 62.9149 -22140.5 3372.17 -18768.4 53758.3 1.06119
296000 1 300.416 -286.831 -22074.2 3360.74 -18713.5 53934.2 1.05772
297000 1 300.569 340.66 -22171.2 3362.46 -18808.7 53689 1.06256
298000 1 299.208 -68.8859 -22163.9 3347.23 -18816.7 53884.4 1.0587
299000 1 299.227 101.451 -22176.9 3347.45 -18829.5 53390.1 1.06852
300000 1 302.289 74.2737 -22090.3 3381.7 -18708.6 53105.2 1.07424
301000 1 298.62 41.5913 -22131.3 3340.65 -18790.6 53474.5 1.06682
302000 1 297.928 170.756 -22096 3332.92 -18763.1 53293.1 1.07045
303000 1 300.124 39.2025 -22182.9 3357.48 -18825.4 52898.8 1.07844
304000 1 299.861 33.8281 -22156.5 3354.54 -18801.9 53372 1.06888
305000 1 299.99 42.8454 -22195.1 3355.98 -18839.1 53376 1.06879
306000 1 300.018 190.726 -22178.2 3356.3 -18821.9 53179.7 1.07275
307000 1 300 -16.4174 -22115.4 3356.09 -18759.3 53071.1 1.07498
308000 1 300.448 22.0821 -22174.7 3361.1 -18813.5 53482.9 1.06665
309000 1 300.11 -336.053 -22143.8 3357.32 -18786.5 53866.6 1.05905
310000 1 300.261 19.3377 -22164.2 3359.01 -18805.2 53664.8 1.06304
311000 1 298.867 -30.5056 -22212.8 3343.42 -18869.4 53687.1 1.0626
312000 1 300.88 64.6279 -22144.2 3365.94 -18778.3 53622.1 1.06389
313000 1 300.752 -374.416 -22076.8 3364.51 -18712.3 53649.3 1.06336
314000 1 301.355 -117.596 -22145.4 3371.26 -18774.1 53241.4 1.07151
315000 1 299.926 -108.15 -22180.1 3355.26 -18824.8 53622.3 1.06388
316000 1 301.059 -43.3615 -22180.6 3367.94 -18812.6 53600 1.06432
317000 1 299.957 70.5837 -22126.4 3355.62 -18770.8 53456.6 1.06725
318000 1 300.313 -160.873 -22162.5 3359.6 -18802.9 53485.4 1.06661
319000 1 300.003 -15.4147 -22203.9 3356.13 -18847.8 53667.9 1.06298
320000 1 298.916 105.215 -22254.2 3343.97 -18910.3 53397.3 1.06839
321000 1 297.755 -96.8044 -22151.9 3330.98 -18820.9 53406.6 1.06818
322000 1 300.119 -374.008 -22173.4 3357.43 -18816 53347 1.06937
323000 1 298.506 59.2882 -22204.3 3339.38 -18865 53708.5 1.06217
324000 1 301.05 -64.4599 -22196.2 3367.84 -18828.4 53772 1.06092
325000 1 301 -78.4024 -22138.7 3367.28 -18771.5 53295.8 1.07041
326000 1 299.919 -194.07 -22161.1 3355.18 -18806 53259.2 1.07114
327000 1 300.505 42.2394 -22190 3361.74 -18828.3 53232.6 1.07168
328000 1 299.018 86.0881 -22089.3 3345.11 -18744.2 53279.3 1.07073
329000 1 300.93 -304.045 -22119.7 3366.5 -18753.2 53463.2 1.06704
330000 1 300.716 -174.062 -22134.4 3364.11 -18770.3 53655.2 1.06323
331000 1 299.412 -111.666 -22133.6 3349.52 -18784 53659.8 1.06315
332000 1 299.144 61.8932 -22134.9 3346.51 -18788.4 53524.3 1.06583
333000 1 300.181 -331.33 -22143.8 3358.12 -18785.6 53772.4 1.06091
334000 1 298.086 284.771 -22151.8 3334.68 -18817.1 53508.3 1.06614
335000 1 299.769 129.532 -22145.8 3353.51 -18792.3 53350.8 1.0693
336000 1 300.308 16.8725 -22199 3359.54 -18839.4 53287.9 1.07057
337000 1 299.384 39.7245 -22164.8 3349.2 -18815.6 53629.6 1.06373
338000 1 302.608 51.136 -22170.1 3385.27 -18784.8 53620.4 1.06392
339000 1 299.156 -48.2244 -22123.8 3346.66 -18777.1 53338.1 1.06958
340000 1 301.328 114.705 -22106.9 3370.94 -18736 52817 1.0801
341000 1 300.146 -260.449 -22139.9 3357.73 -18782.2 53051.5 1.07532
342000 1 300.992 -73.0869 -22150.8 3367.19 -18783.6 53452.5 1.06727
343000 1 299.03 -240.815 -22117.7 3345.25 -18772.5 53521.5 1.06592
344000 1 300.795 114.638 -22098.4 3364.99 -18733.5 53587.2 1.06458
345000 1 299.491 20.0075 -22088.8 3350.4 -18738.4 53793.1 1.06052
346000 1 299.245 5.69248 -22125.8 3347.64 -18778.2 53471 1.06689
347000 1 300.001 -236.781 -22178.9 3356.11 -18822.8 53518.1 1.06598
348000 1 299.527 44.6489 -22224.4 3350.81 -18873.6 53547.2 1.0654
349000 1 298.664 79.5547 -22226.5 3341.15 -18885.4 53948.5 1.05744
350000 1 299.289 -21.7403 -22228.1 3348.14 -18880 53961 1.05722
351000 1 300.662 -8.28625 -22185.3 3363.5 -18821.8 53705.6 1.06223
352000 1 297.593 -105.771 -22220.2 3329.17 -18891.1 53360.2 1.06911
353000 1 300.258 184.474 -22141.4 3358.99 -18782.5 53176.6 1.07284
354000 1 301.623 59.7114 -22185.9 3374.25 -18811.6 53403.8 1.06824
355000 1 298.337 173.408 -22159.2 3337.49 -18821.7 53384.4 1.06864
356000 1 299.304 98.1789 -22126.4 3348.3 -18778.1 53245.5 1.07143
357000 1 299.99 -387.904 -22150.2 3355.98 -18794.2 53331.1 1.0697
358000 1 300.876 118.774 -22171.4 3365.89 -18805.5 53514 1.06605
359000 1 301.322 -56.2299 -22101.5 3370.88 -18730.6 53706.2 1.06223
360000 1 299.593 -162.152 -22213.4 3351.54 -18861.8 53807 1.06023
361000 1 299.993 -166.591 -22212.2 3356.02 -18856.2 53774.8 1.06088
362000 1 299.464 152.607 -22146.5 3350.09 -18796.4 53343.3 1.06946
363000 1 297.791 39.9717 -22165.9 3331.38 -18834.5 53215.2 1.07203
364000 1 299.895 -14.0981 -22140.4 3354.92 -18785.5 53482.9 1.06666
365000 1 298.603 77.9834 -22171.8 3340.47 -18831.3 53205.9 1.07223
366000 1 299.532 -78.237 -22187.2 3350.86 -18836.3 53241 1.07151
367000 1 298.618 -33.7623 -22152.5 3340.64 -18811.8 53394.9 1.06841
368000 1 298.932 -40.0361 -22173.1 3344.15 -18829 53168.1 1.07299
369000 1 300.039 -119.552 -22170 3356.53 -18813.5 53181.3 1.07274
370000 1 299.733 -134.033 -22068 3353.1 -18714.9 53500.4 1.06631
371000 1 300.295 2.28391 -22081.8 3359.4 -18722.4 53419.7 1.06792
372000 1 300.267 -57.9809 -22141.4 3359.09 -18782.3 53178 1.07277
373000 1 299.815 111.356 -22164.1 3354.02 -18810.1 53110.9 1.07413
374000 1 298.253 -54.4698 -22123.4 3336.55 -18786.9 53345.4 1.06941
375000 1 299.882 18.5997 -22083.4 3354.77 -18728.6 53281.9 1.07068
376000 1 300.538 -61.3615 -22143.6 3362.11 -18781.4 53392.6 1.06846
377000 1 299.692 -71.5793 -22118 3352.65 -18765.4 53455.4 1.0672
378000 1 300.389 196.702 -22172.8 3360.45 -18812.4 53127.1 1.07383
379000 1 300.75 -164.084 -22144.9 3364.49 -18780.4 53213.6 1.07211
380000 1 301.345 -119.244 -22158.2 3371.14 -18787 53449.5 1.06734
381000 1 299.167 98.0861 -22064.4 3346.78 -18717.6 53389.2 1.06857
382000 1 299.579 155.986 -22070.1 3351.38 -18718.7 53668.9 1.06298
383000 1 299.037 -81.126 -22111 3345.32 -18765.7 53559.9 1.06512
384000 1 299.034 -129.486 -22113.4 3345.28 -18768.1 53576.1 1.06481
385000 1 301.146 307.562 -22128.9 3368.92 -18760 53497.5 1.06638
386000 1 300.697 -153.609 -22149.9 3363.89 -18786 53457.1 1.06719
387000 1 298.361 25.6522 -22154.4 3337.75 -18816.6 53216.7 1.07201
388000 1 300.483 -22.721 -22181.6 3361.5 -18820.1 53346.2 1.06938
389000 1 299.542 252.854 -22151.7 3350.97 -18800.7 53518.9 1.06598
390000 1 299.358 -160.148 -22152.3 3348.91 -18803.4 53812.4 1.06012
391000 1 299.914 -94.1654 -22145 3355.13 -18789.8 53744.8 1.06148
392000 1 301.853 -158.292 -22138.9 3376.82 -18762.1 53673.5 1.06286
393000 1 302.004 -164.863 -22185.4 3378.51 -18806.9 53786.2 1.06064
394000 1 300.391 277.204 -22149.3 3360.47 -18788.8 53512.2 1.06608
395000 1 301.752 77.8477 -22277 3375.69 -18901.3 53333.8 1.06966
396000 1 298.57 -114.634 -22171.2 3340.1 -18831.1 53263.9 1.07105
397000 1 298.717 197.422 -22169.5 3341.74 -18827.8 53362 1.0691
398000 1 301.593 -176.822 -22117.3 3373.92 -18743.4 53733.2 1.0617
399000 1 298.009 -63.8812 -22157.7 3333.82 -18823.9 53515.6 1.06606
400000 1 299.495 -62.7266 -22181.3 3350.45 -18830.9 53274.3 1.07083
401000 1 300.665 -126.372 -22188.9 3363.54 -18825.3 53413.2 1.06804
402000 1 299.989 -0.894784 -22184.3 3355.97 -18828.3 53358.9 1.06914
403000 1 299.768 -103.497 -22240.1 3353.5 -18886.6 53597.2 1.06442
404000 1 300.34 217.263 -22229.3 3359.9 -18869.4 53198.2 1.07238
405000 1 299.758 20.6409 -22101.3 3353.39 -18747.9 53622.9 1.06391
406000 1 299.735 36.0493 -22083.2 3353.13 -18730.1 53549.3 1.06535
407000 1 298.816 43.4406 -22164.1 3342.84 -18821.3 53515.2 1.06603
408000 1 299.919 62.2854 -22096.9 3355.19 -18741.7 53562.3 1.06507
409000 1 300.99 -274.983 -22146.1 3367.16 -18778.9 53543.1 1.06545
410000 1 298.346 -267.063 -22132.7 3337.59 -18795.1 53379.5 1.06873
411000 1 301.799 70.0483 -22143.7 3376.21 -18767.5 53529.6 1.06573
412000 1 300.197 256.334 -22115 3358.3 -18756.7 53065.5 1.07505
413000 1 300.193 106.844 -22151.4 3358.25 -18793.1 53436.7 1.06758
414000 1 298.889 14.3614 -22148 3343.67 -18804.3 53270.3 1.07092
415000 1 297.774 -103.266 -22099.2 3331.19 -18768 53266.6 1.071
416000 1 299.599 -42.6231 -22118.4 3351.61 -18766.8 53586.6 1.06459
417000 1 301.665 234.511 -22141.8 3374.72 -18767.1 53572.7 1.06488
418000 1 299.967 230.988 -22170.1 3355.72 -18814.3 53888.9 1.05867
419000 1 297.595 -24.3183 -22152.3 3329.19 -18823.1 53502.2 1.0663
420000 1 300.081 -213.293 -22104.1 3357 -18747.1 53582.5 1.06475
421000 1 299.037 -90.0721 -22140.9 3345.32 -18795.6 53528.2 1.06576
422000 1 301.404 -197.95 -22141 3371.8 -18769.2 53831 1.05976
423000 1 300.4 -50.1664 -22207.4 3360.57 -18846.8 53455.3 1.06721
424000 1 298.062 -19.9973 -22186.3 3334.41 -18851.9 53435.2 1.06762
425000 1 299.815 -3.27383 -22203.3 3354.03 -18849.2 53406.3 1.0682
426000 1 300.859 -48.3902 -22123 3365.7 -18757.3 53327.3 1.06977
427000 1 301.352 -0.659857 -22132.1 3371.22 -18760.9 53613.3 1.06406
428000 1 300.603 48.2434 -22145.3 3362.84 -18782.5 53223.2 1.07188
429000 1 299.084 -118.707 -22140.6 3345.85 -18794.7 53534.3 1.06566
430000 1 300.853 97.2123 -22143.6 3365.64 -18777.9 53403.8 1.06824
431000 1 300.608 34.3731 -22162.8 3362.9 -18799.9 53200.4 1.07233
432000 1 300.801 -95.1927 -22104.6 3365.05 -18739.5 53599 1.0644
433000 1 299.92 -127.14 -22158.3 3355.19 -18803.1 53681.7 1.06271
434000 1 299.52 141.491 -22179.6 3350.72 -18828.9 53035.1 1.07567
435000 1 300.497 -85.8381 -22131.1 3361.65 -18769.4 53638.9 1.06355
436000 1 299.656 17.7672 -22121 3352.25 -18768.8 53170 1.07294
437000 1 299.888 49.6649 -22169.4 3354.84 -18814.5 53192.5 1.07248
438000 1 298.356 -109.45 -22148.8 3337.7 -18811.1 53448.4 1.06734
439000 1 299.811 62.3225 -22114.6 3353.98 -18760.6 53368.2 1.06895
440000 1 298.271 -287.915 -22158.9 3336.75 -18822.1 53496.5 1.06639
441000 1 297.725 -20.9391 -22188.5 3330.65 -18857.8 52977.5 1.07685
442000 1 300.489 -287.734 -22145.9 3361.56 -18784.4 53582.4 1.06474
443000 1 301.064 78.1752 -22082.1 3368 -18714.1 53490.4 1.06652
444000 1 300.848 60.6681 -22125.8 3365.58 -18760.2 53423.8 1.06783
445000 1 298.286 110.737 -22197.2 3336.92 -18860.2 53346.1 1.0694
446000 1 298.177 -13.3075 -22164 3335.7 -18828.3 53388.3 1.06856
447000 1 297.697 -87.3818 -22172.5 3330.33 -18842.2 53414.5 1.06804
448000 1 300.108 116.263 -22125.9 3357.3 -18768.6 53248.8 1.07139
449000 1 299.648 -92.3949 -22097.6 3352.16 -18745.5 53347.9 1.06936
450000 1 299.432 273.717 -22141 3349.75 -18791.3 53174.4 1.07284
451000 1 299.7 -55.1298 -22135.7 3352.74 -18783 53204.1 1.07227
452000 1 297.868 25.6503 -22168.3 3332.25 -18836.1 53416.2 1.06798
453000 1 300.551 163.556 -22108.5 3362.26 -18746.2 53136.4 1.07363
454000 1 301.23 -272.582 -22153.7 3369.85 -18783.8 53499 1.06635
455000 1 301.85 46.8458 -22136.6 3376.79 -18759.9 52989.7 1.07658
456000 1 301.884 191.314 -22158.3 3377.17 -18781.1 53686 1.06264
457000 1 299.905 -17.2238 -22147 3355.03 -18792 54167 1.05322
458000 1 301.084 -58.5887 -22153.8 3368.22 -18785.6 53490 1.06652
459000 1 299.235 -192.376 -22132.6 3347.53 -18785 53813.5 1.0601
460000 1 300.762 -102.176 -22143.6 3364.61 -18779 53527.3 1.06578
461000 1 300.116 159.475 -22115.7 3357.39 -18758.3 53513.4 1.06605
462000 1 300.222 -301.406 -22200 3358.58 -18841.4 53633.1 1.06368
463000 1 298.147 209.928 -22211.9 3335.37 -18876.5 53169.2 1.07297
464000 1 300.185 -191.538 -22116.2 3358.16 -18758.1 53732.1 1.06175
465000 1 300.593 -25.936 -22105.7 3362.73 -18743 53943.1 1.0576
466000 1 301.649 97.3572 -22098.2 3374.54 -18723.7 53578.9 1.06475
467000 1 300.038 4.30886 -22131.9 3356.52 -18775.4 53426.6 1.0678
468000 1 300.794 -236.491 -22131.9 3364.97 -18766.9 53610 1.06414
469000 1 299.198 82.567 -22070.7 3347.12 -18723.6 53721 1.06196
470000 1 299.801 -14.3017 -22101.3 3353.87 -18747.4 53973.4 1.05697
471000 1 301.343 140.369 -22138 3371.11 -18766.9 53586.1 1.0646
472000 1 299.071 10.8271 -22147.1 3345.7 -18801.4 53628.8 1.06378
473000 1 299.688 -245.506 -22160.2 3352.61 -18807.6 53310 1.07015
474000 1 299.155 60.7482 -22135.7 3346.65 -18789.1 53290.2 1.07051
475000 1 300.743 151.717 -22191 3364.41 -18826.6 53265.6 1.07102
476000 1 301.804 72.638 -22132.6 3376.28 -18756.4 53408.2 1.06815
477000 1 298.557 83.8641 -22151.8 3339.95 -18811.8 53238.1 1.07157
478000 1 299.231 53.5388 -22137.4 3347.49 -18789.9 53487 1.0666
479000 1 298.564 12.0707 -22163.5 3340.03 -18823.5 53473.4 1.06684
480000 1 300.469 53.4008 -22161.6 3361.34 -18800.3 53482.2 1.06667
481000 1 301.031 -120.441 -22149.3 3367.63 -18781.7 53598.5 1.06435
482000 1 298.31 196.158 -22155.4 3337.19 -18818.2 53093.4 1.07448
483000 1 300.188 158.085 -22147 3358.2 -18788.8 53208.2 1.07216
484000 1 299.37 65.5369 -22166.6 3349.05 -18817.5 53473 1.06685
485000 1 299.767 -1.42346 -22187.7 3353.48 -18834.2 53356.2 1.06919
486000 1 300.953 195.451 -22199.5 3366.75 -18832.7 53182.1 1.07271
487000 1 302.64 69.4644 -22197 3385.63 -18811.3 53366 1.069
488000 1 299.526 35.5065 -22129.7 3350.79 -18778.9 53674.7 1.06285
489000 1 299.586 -198.149 -22252.5 3351.46 -18901 53494.6 1.06645
490000 1 301.673 -79.732 -22198.8 3374.81 -18824 53209.1 1.07215
491000 1 299.383 271.29 -22074 3349.19 -18724.8 53296.2 1.07039
492000 1 302.405 -136.605 -22127.3 3382.99 -18744.3 53417.3 1.06796
493000 1 300.72 48.6692 -22163.2 3364.15 -18799 53260.5 1.07111
494000 1 300.713 26.8127 -22145.2 3364.07 -18781.1 53566.4 1.065
495000 1 299.464 161.358 -22123.4 3350.1 -18773.3 53524.3 1.06585
496000 1 298.682 192.73 -22217.6 3341.35 -18876.3 53029.3 1.07578
497000 1 297.925 11.0188 -22190 3332.88 -18857.1 53413.3 1.06804
498000 1 300.694 -76.1863 -22181.1 3363.86 -18817.3 53173.9 1.07286
499000 1 300.607 -151.971 -22116.4 3362.88 -18753.5 53484.2 1.06667
500000 1 299.268 24.6017 -22162.4 3347.9 -18814.5 53104.8 1.07427
501000 1 299.08 178.957 -22132.5 3345.8 -18786.7 53394.5 1.06843
502000 1 298.556 -48.5116 -22175.2 3339.94 -18835.3 53598.2 1.06435
503000 1 299.88 -28.4501 -22202.7 3354.75 -18847.9 53741.5 1.06154
504000 1 301.418 -62.1614 -22276.9 3371.96 -18905 53764.2 1.06107
505000 1 299.308 -5.22612 -22266.7 3348.36 -18918.4 53724.4 1.06188
506000 1 301.403 -58.4475 -22160.6 3371.79 -18788.8 53353.8 1.06924
507000 1 299.838 160.271 -22185.9 3354.29 -18831.6 53490.7 1.06653
508000 1 298.545 185.214 -22185.3 3339.82 -18845.5 53290.9 1.07052
509000 1 299.217 -183.106 -22198.6 3347.33 -18851.3 52990.7 1.0766
510000 1 299.93 111.868 -22171.2 3355.31 -18815.9 53026.5 1.07584
511000 1 300.301 278.042 -22139.8 3359.46 -18780.4 52827.7 1.07988
512000 1 299.58 -13.5431 -22143.1 3351.4 -18791.7 53304.9 1.07021
513000 1 300.008 -97.0988 -22116.5 3356.18 -18760.3 53493.6 1.06646
514000 1 301.507 78.1816 -22106.8 3372.96 -18733.8 53828.5 1.05982
515000 1 301.949 -96.214 -22107 3377.89 -18729.1 53851.8 1.05939
516000 1 300.821 -94.6041 -22109.1 3365.28 -18743.8 53357.2 1.06917
517000 1 301.23 -3.02402 -22120.3 3369.85 -18750.5 53294.8 1.07042
518000 1 299.417 158.852 -22120.5 3349.57 -18770.9 53482.4 1.06666
519000 1 301.26 -138 -22081.1 3370.19 -18711 53490.5 1.0665
520000 1 299.948 -24.6724 -22132 3355.51 -18776.5 53298.2 1.07038
521000 1 297.419 -202.972 -22114.3 3327.22 -18787.1 53362.3 1.06906
522000 1 299.986 -81.4287 -22087.5 3355.94 -18731.6 53529.2 1.06574
523000 1 300.474 92.2232 -22147.7 3361.4 -18786.3 53054.6 1.07527
524000 1 301.125 -124.058 -22116.5 3368.68 -18747.8 53515.7 1.06602
525000 1 300.814 -107.795 -22177.4 3365.2 -18812.2 53592.2 1.0645
526000 1 297.887 57.4396 -22146.4 3332.45 -18814 54112.3 1.05432
527000 1 300.481 -185.599 -22159.7 3361.47 -18798.2 53707.4 1.06219
528000 1 300.231 -20.6608 -22194.4 3358.68 -18835.7 53812.2 1.06015
529000 1 298.357 100.491 -22176.2 3337.72 -18838.5 53312.7 1.07008
530000 1 300.21 -134.495 -22211.7 3358.44 -18853.3 53201.1 1.07231
531000 1 297.449 93.6776 -22192.6 3327.56 -18865 52925.3 1.07789
532000 1 297.115 -49.0547 -22174.8 3323.82 -18851 53300.2 1.07031
533000 1 298.159 -78.0165 -22123.1 3335.5 -18787.6 53589.6 1.06453
534000 1 299.041 2.13384 -22177.6 3345.37 -18832.2 53213 1.07209
535000 1 301.141 -40.603 -22113.3 3368.86 -18744.5 53628.2 1.06376
536000 1 299.575 -220.534 -22118.8 3351.33 -18767.5 53840.5 1.05959
537000 1 299.584 211.003 -22168.3 3351.44 -18816.9 53488.1 1.06656
538000 1 301.491 131.657 -22180.6 3372.77 -18807.8 53564.7 1.06503
539000 1 299.267 146.527 -22209.3 3347.9 -18861.5 53234.6 1.07165
540000 1 300.009 100.897 -22137.4 3356.2 -18781.2 53408.7 1.06814
541000 1 299.723 -4.73166 -22158 3352.99 -18805 53232.2 1.07172
542000 1 300.541 155.691 -22130.2 3362.15 -18768 53013.2 1.07611
543000 1 302.533 -106.492 -22152.7 3384.43 -18768.3 53399.2 1.06833
544000 1 300.703 -112.729 -22097.5 3363.96 -18733.6 53755.4 1.06126
545000 1 299.216 202.365 -22120.8 3347.32 -18773.5 53194.6 1.07245
546000 1 299.112 -49.6472 -22165.9 3346.16 -18819.7 53566.5 1.06499
547000 1 299.838 123.862 -22145.4 3354.28 -18791.1 53540.7 1.06551
548000 1 300.156 -101.313 -22137.4 3357.84 -18779.6 53414.4 1.06802
549000 1 298.427 217.085 -22108.7 3338.49 -18770.2 53282.3 1.07069
550000 1 297.677 149.205 -22133.2 3330.11 -18803.1 53517.5 1.06597
551000 1 299.113 -90.0252 -22104.1 3346.18 -18757.9 53606.2 1.0642
552000 1 301.456 170.202 -22150.4 3372.39 -18778.1 53472.1 1.06687
553000 1 298.809 39.2587 -22194.3 3342.77 -18851.5 53484.2 1.06663
554000 1 300.935 172.182 -22200.1 3366.55 -18833.6 53745.7 1.06146
555000 1 299.604 45.9125 -22188 3351.67 -18836.3 53564.9 1.06504
556000 1 299.636 -255.421 -22153.1 3352.02 -18801.1 53777.1 1.06083
557000 1 301.428 -57.1524 -22158.8 3372.07 -18786.7 53715.7 1.06203
558000 1 299.231 81.8994 -22196.1 3347.49 -18848.6 53301.9 1.07028
559000 1 301.523 -100.487 -22158.7 3373.13 -18785.5 53435.1 1.06764
560000 1 301.227 -73.9175 -22226.1 3369.82 -18856.3 53516.5 1.06598
561000 1 299.177 -15.774 -22122.5 3346.89 -18775.6 53534.9 1.06561
562000 1 298.422 122.323 -22150.1 3338.45 -18811.7 53322.8 1.06989
563000 1 300.522 58.2687 -22115.9 3361.93 -18754 53625.2 1.06383
564000 1 298.757 61.0638 -22089.1 3342.18 -18746.9 53634.7 1.06364
565000 1 301.489 -156.312 -22138.4 3372.75 -18765.6 53565.6 1.065
566000 1 298.776 27.426 -22118.4 3342.4 -18776 53654.4 1.06324
567000 1 299.214 263.198 -22116.3 3347.31 -18769 53189.3 1.07254
568000 1 297.321 -204.184 -22110.6 3326.13 -18784.5 53598.5 1.06435
569000 1 298.633 123.443 -22206.1 3340.8 -18865.3 53102.2 1.0743
570000 1 301.411 33.846 -22141.8 3371.88 -18769.9 53604.9 1.06424
571000 1 300.654 -95.5918 -22129.9 3363.41 -18766.5 53132.7 1.07369
572000 1 300.292 194.285 -22099.8 3359.36 -18740.5 53353.2 1.06925
573000 1 299.573 23.0975 -22213.8 3351.32 -18862.5 53517.8 1.06596
574000 1 300.583 -189.556 -22191 3362.62 -18828.4 53287.2 1.07059
575000 1 299.464 -52.7409 -22180.5 3350.1 -18830.4 53621.5 1.0639
576000 1 300.658 -44.6294 -22198.1 3363.46 -18834.7 53616.7 1.064
577000 1 300.841 59.2514 -22185.9 3365.5 -18820.4 53623.2 1.06386
578000 1 300.258 -101.383 -22162.5 3358.98 -18803.5 53426.9 1.06777
579000 1 299.204 2.4317 -22143.1 3347.18 -18795.9 53699.9 1.06239
580000 1 299.078 212.51 -22127.7 3345.78 -18781.9 53656.6 1.0632
581000 1 297.817 217.51 -22128.7 3331.67 -18797 53524.2 1.06583
582000 1 298.575 45.9254 -22135.4 3340.15 -18795.2 53544.9 1.06541
583000 1 298.568 -73.7693 -22144.3 3340.07 -18804.2 53671.6 1.0629
584000 1 300.905 128.032 -22153 3366.22 -18786.8 53474.1 1.06682
585000 1 301.765 82.0188 -22168.5 3375.84 -18792.6 53278.4 1.07075
586000 1 299.529 -80.7317 -22205.2 3350.82 -18854.4 53550.4 1.06531
587000 1 299.47 -4.68242 -22163.5 3350.17 -18813.4 53549.5 1.06533
588000 1 300.452 139.15 -22115.9 3361.15 -18754.7 53788.6 1.06063
589000 1 300.535 -94.7498 -22123.9 3362.08 -18761.8 53880.7 1.05878
590000 1 303.307 3.84394 -22174.5 3393.09 -18781.4 53699.2 1.06236
591000 1 297.972 3.91376 -22207.3 3333.41 -18873.9 53529 1.06574
592000 1 299.638 -73.761 -22178.7 3352.05 -18826.7 53577.6 1.06478
593000 1 299.582 -31.7398 -22180.9 3351.42 -18829.5 53432.3 1.06767
594000 1 299.565 109.113 -22154.4 3351.23 -18803.2 53420.1 1.06792
595000 1 299.93 -168.566 -22110.5 3355.31 -18755.2 53502.7 1.06626
596000 1 300.723 -131.612 -22151.1 3364.18 -18787 53690.7 1.06254
597000 1 298.359 119.591 -22227.6 3337.74 -18889.8 53754.9 1.06129
598000 1 299.365 1.00629 -22105.1 3348.99 -18756.1 53834.8 1.05969
599000 1 299.238 -168.244 -22154.3 3347.57 -18806.7 53890.6 1.0586
600000 1 301.603 146.48 -22188.5 3374.03 -18814.5 53416.8 1.06797
