# Time-averaged data for fix thermo_avg
# TimeStep v_epsilon_co v_temp v_press v_pe v_ke v_etotal v_vol v_dens
601000 1 300.745 391.538 -22148 3364.43 -18783.5 53602.3 1.06429
602000 1 300.232 -157.11 -22165.3 3358.69 -18806.6 53721.3 1.06192
603000 1 299.076 45.1786 -22072.8 3345.76 -18727 53402.4 1.06827
604000 1 300.251 53.2478 -22110.2 3358.9 -18751.3 53124.2 1.07387
605000 1 300.068 -168.432 -22133.8 3356.85 -18776.9 53038.8 1.07559
606000 1 300.093 236.239 -22131.2 3357.14 -18774 53375.9 1.0688
607000 1 298.122 -32.8615 -22157.4 3335.09 -18822.3 53272.2 1.07091
608000 1 300.935 -11.6474 -22143.8 3366.55 -18777.2 53687.7 1.0626
609000 1 299.659 -29.8668 -22127.2 3352.27 -18774.9 53871.7 1.05899
610000 1 300.261 50.8601 -22119.3 3359.02 -18760.2 53900.5 1.0584
611000 1 300.058 194.879 -22167.4 3356.75 -18810.6 53556.8 1.0652
612000 1 297.288 -159.484 -22171.9 3325.76 -18846.1 53301.3 1.07032
613000 1 299.381 -214.059 -22134.4 3349.17 -18785.3 53249.2 1.07133
614000 1 299.477 -207.187 -22088.7 3350.25 -18738.5 53502.3 1.06628
615000 1 301.866 -58.5197 -22124.3 3376.97 -18747.3 53393.1 1.06847
616000 1 299.235 157.808 -22150 3347.53 -18802.4 53180.7 1.07272
617000 1 299.325 -18.5035 -22102.2 3348.54 -18753.6 53567.1 1.06499
618000 1 301.014 212.266 -22170.8 3367.44 -18803.4 53659.1 1.06319
619000 1 301.664 -122.047 -22194.9 3374.71 -18820.2 53795.4 1.06048
620000 1 298.916 10.4302 -22130.1 3343.97 -18786.1 53616.7 1.064
621000 1 301.027 275.308 -22184.3 3367.58 -18816.7 53523.3 1.06585
622000 1 299.861 120.061 -22173.5 3354.53 -18819 53600.2 1.06436
623000 1 301.023 75.2625 -22177.4 3367.53 -18809.9 53695.5 1.06244
624000 1 300.446 64.9075 -22178.3 3361.08 -18817.3 53390.7 1.06851
625000 1 298.186 -41.0611 -22174.2 3335.8 -18838.3 53658.5 1.06318
626000 1 300.77 310.447 -22189 3364.71 -18824.3 53805.9 1.06026
627000 1 300.304 -22.9487 -22206.6 3359.5 -18847.1 53371.1 1.06894
628000 1 299.765 -123.613 -22141.3 3353.46 -18787.8 53138.6 1.07358
629000 1 298.569 -40.4817 -22082.9 3340.08 -18742.8 53164.9 1.07307
630000 1 299.111 56.9656 -22184.2 3346.15 -18838.1 53511.4 1.06612
631000 1 299.507 -58.2733 -22128.5 3350.57 -18777.9 53682 1.06273
632000 1 300.045 32.6622 -22112.2 3356.6 -18755.6 53737.2 1.06162
633000 1 299.34 -21.5431 -22123.9 3348.71 -18775.2 53725.2 1.06184
634000 1 299.532 -28.0616 -22160 3350.86 -18809.1 53309.6 1.07014
635000 1 298.56 -320.172 -22172.4 3339.98 -18832.4 53257.2 1.07119
636000 1 300.254 94.1198 -22141.9 3358.93 -18783 53367.1 1.06898
637000 1 297.794 205.954 -22168.1 3331.41 -18836.7 53514.5 1.06603
638000 1 300.878 278.933 -22193.9 3365.92 -18828 53955.5 1.05732
639000 1 298.348 147.661 -22196.6 3337.61 -18859 53681.1 1.06273
640000 1 300.781 -235.155 -22184.5 3364.84 -18819.7 53635.8 1.06363
641000 1 299.215 131.952 -22201.5 3347.32 -18854.2 53588.6 1.06458
642000 1 300.992 -22.9164 -22143.1 3367.19 -18775.9 53375.6 1.06881
643000 1 298.534 -119.586 -22083.7 3339.69 -18744 53523.8 1.06586
644000 1 302.161 11.9664 -22155.6 3380.27 -18775.3 53483.9 1.06664
645000 1 299.431 62.9414 -22191.5 3349.73 -18841.8 53401.8 1.06829
646000 1 298.593 -137.58 -22190.4 3340.36 -18850 53783.5 1.0607
647000 1 302.285 31.6152 -22177.2 3381.66 -18795.5 53813.3 1.06012
648000 1 299.04 209 -22211.6 3345.35 -18866.3 53806.7 1.06024
649000 1 300.077 61.9401 -22208.2 3356.95 -18851.3 53840.3 1.05958
650000 1 300.138 -124.08 -22182.5 3357.64 -18824.9 53775.6 1.0609
651000 1 299.723 25.1233 -22164.1 3353 -18811.1 53293.1 1.07046
652000 1 300.12 112.891 -22139.5 3357.44 -18782.1 53519.2 1.06593
653000 1 300.429 332.91 -22209 3360.89 -18848.1 53456.7 1.0672
654000 1 300.745 -52.1054 -22127.4 3364.43 -18763 53154.2 1.07325
655000 1 299.068 -142.095 -22190 3345.67 -18844.3 53178.8 1.07276
656000 1 299.259 -54.3647 -22125.7 3347.81 -18777.9 53341.3 1.06949
657000 1 299.445 -157.649 -22181.8 3349.89 -18831.9 53537.9 1.06556
658000 1 300.113 138.766 -22223.2 3357.36 -18865.8 53595.4 1.06443
659000 1 301.038 -19.2137 -22181.6 3367.7 -18813.9 53230.2 1.07172
660000 1 299.201 -6.24038 -22182.1 3347.16 -18834.9 53094.1 1.07448
661000 1 300.265 -101.927 -22227 3359.06 -18867.9 53580.6 1.06472
662000 1 298.835 -173.869 -22188.9 3343.06 -18845.8 53491.3 1.06649
663000 1 300.878 -59.6883 -22220 3365.91 -18854.1 53221.4 1.0719
664000 1 300.189 180.832 -22197 3358.21 -18838.8 53246.6 1.07141
665000 1 301.077 -112.016 -22052.1 3368.14 -18683.9 53276.4 1.07082
666000 1 299.5 22.668 -22098.9 3350.5 -18748.4 53462.8 1.06706
667000 1 299.839 193.943 -22110.9 3354.29 -18756.6 53186.4 1.07263
668000 1 300.512 -67.5924 -22091 3361.82 -18729.2 53294.4 1.07043
669000 1 303.009 14.8816 -22140.8 3389.76 -18751 53150.9 1.07333
670000 1 298.164 -97.064 -22143.7 3335.55 -18808.2 53425 1.06781
671000 1 298.865 -101.361 -22179 3343.4 -18835.6 53168.7 1.07299
672000 1 298.973 85.8321 -22091.8 3344.61 -18747.2 53539.7 1.06553
673000 1 300.681 -123.202 -22088.3 3363.71 -18724.6 53532.7 1.06566
674000 1 297.972 63.2719 -22169.5 3333.41 -18836.1 53255.5 1.07122
675000 1 299.339 56.5005 -22183.9 3348.7 -18835.2 53362.2 1.06908
676000 1 298.25 32.1348 -22110.9 3336.52 -18774.4 53571.3 1.0649
677000 1 300.046 51.254 -22123.9 3356.6 -18767.2 53021.9 1.07596
678000 1 300.797 66.1301 -22099.9 3365.01 -18734.9 53505.4 1.06621
679000 1 300.891 -54.0869 -22123.9 3366.06 -18757.9 53414.9 1.06802
680000 1 300.466 214.509 -22095.5 3361.31 -18734.2 53356.4 1.06921
681000 1 299.791 -277.324 -22083.5 3353.75 -18729.8 53190.1 1.07256
682000 1 299.128 67.053 -22116.6 3346.34 -18770.3 53569.1 1.06494
683000 1 299.785 76.6979 -22094.5 3353.69 -18740.8 53380.1 1.06872
684000 1 298.22 273.411 -22165.7 3336.18 -18829.6 53335.1 1.06962
685000 1 301.264 -233.542 -22149.9 3370.23 -18779.7 53744.5 1.06147
686000 1 299.716 -41.032 -22073.1 3352.92 -18720.2 53532 1.06569
687000 1 299 193.346 -22070.6 3344.91 -18725.7 53467.7 1.06697
688000 1 300.419 -195.425 -22146.5 3360.78 -18785.7 53464.6 1.06704
689000 1 300.78 -193.957 -22183.5 3364.82 -18818.7 53680.6 1.06274
690000 1 298.086 -19.995 -22088.1 3334.68 -18753.5 54097.5 1.05454
691000 1 300.776 219.277 -22125.5 3364.77 -18760.7 53914.7 1.05813
692000 1 297.422 83.5192 -22164.7 3327.26 -18837.5 53730.1 1.06177
693000 1 302.856 -83.6262 -22182.9 3388.05 -18794.9 53523.9 1.06584
694000 1 296.934 -33.1698 -22173.4 3321.79 -18851.6 53325.8 1.06982
695000 1 299.435 38.7463 -22113.3 3349.78 -18763.6 53306.5 1.07019
696000 1 299.061 135.324 -22100.5 3345.59 -18754.9 53545.6 1.0654
697000 1 299.941 44.4803 -22151.6 3355.44 -18796.2 53420.1 1.06792
698000 1 299.949 137.539 -22188 3355.53 -18832.5 53366.6 1.06898
699000 1 301.49 -170.333 -22144.2 3372.77 -18771.5 53795.4 1.06049
700000 1 299.853 -226.229 -22116.6 3354.45 -18762.2 53550.9 1.06531
701000 1 301.303 -50.5797 -22203.8 3370.67 -18833.1 53891.1 1.05858
702000 1 300.032 -91.4486 -22181.6 3356.45 -18825.1 53369 1.06893
703000 1 301.013 104.664 -22182.5 3367.42 -18815.1 53330.4 1.06973
704000 1 300.104 25.3372 -22183.2 3357.25 -18826 53562.7 1.06509
705000 1 300.329 98.5976 -22075.1 3359.78 -18715.3 53595.2 1.06443
706000 1 300.421 56.569 -22043.9 3360.81 -18683.1 53430 1.06773
707000 1 300.575 87.4716 -22117.5 3362.53 -18755 53191.9 1.0725
708000 1 299.751 -65.1498 -22083.4 3353.31 -18730.1 53542.8 1.06549
709000 1 299.847 -8.35199 -22047.5 3354.38 -18693.1 53761.2 1.06114
710000 1 298.537 -267.385 -22082.5 3339.73 -18742.8 53443.5 1.06746
711000 1 300.767 55.1841 -22158.7 3364.67 -18794 53035.9 1.07567
712000 1 298.77 -345.923 -22197.9 3342.33 -18855.6 53142.9 1.07348
713000 1 299.811 98.5246 -22147.7 3353.98 -18793.7 53291.7 1.0705
714000 1 299.795 -86.4449 -22123.8 3353.8 -18770 53550.9 1.06531
715000 1 300.372 27.2815 -22161.3 3360.26 -18801.1 53600.3 1.06435
716000 1 300.102 -10.2105 -22110.7 3357.24 -18753.4 53472.2 1.06688
717000 1 299.96 148.747 -22102.5 3355.65 -18746.8 53471.6 1.06689
718000 1 301.781 119.649 -22100.4 3376.02 -18724.4 53525.5 1.06581
719000 1 299.635 51.9351 -22130.4 3352.02 -18778.4 53218 1.07198
720000 1 300.462 157.219 -22136.3 3361.26 -18775 53447.4 1.06736
721000 1 298.595 -55.6939 -22118.7 3340.38 -18778.3 53531.4 1.06569
722000 1 296.888 -54.8084 -22085.2 3321.28 -18763.9 53984.1 1.05675
723000 1 300.595 111.799 -22170.7 3362.75 -18807.9 53609.6 1.06414
724000 1 298.14 399.707 -22115.8 3335.29 -18780.5 53381.7 1.0687
725000 1 300.325 179.588 -22112.7 3359.73 -18753 53279.4 1.07075
726000 1 299.95 -18.8961 -22128.9 3355.54 -18773.4 53242.1 1.07151
727000 1 299.348 63.8929 -22115.8 3348.8 -18767 53069 1.07498
728000 1 300.785 150.63 -22198 3364.88 -18833.1 53159.8 1.07314
729000 1 300.47 289.051 -22193.5 3361.36 -18832.1 53525 1.06583
730000 1 301.483 76.1157 -22162.4 3372.69 -18789.7 53443.2 1.06746
731000 1 297.751 -168.748 -22159.6 3330.94 -18828.6 53520.9 1.06591
732000 1 300.091 -87.7707 -22141.6 3357.11 -18784.5 53503.3 1.06626
733000 1 298.349 248.957 -22155.4 3337.63 -18817.8 53166.3 1.07301
734000 1 300.422 70.409 -22135.2 3360.81 -18774.4 53349.4 1.06934
735000 1 302.352 18.8355 -22112.2 3382.41 -18729.8 53523.2 1.06585
736000 1 299.351 3.66003 -22106.7 3348.83 -18757.9 53454.2 1.06725
737000 1 301.059 84.8234 -22134.7 3367.94 -18766.7 53412.3 1.06807
738000 1 299.595 52.7336 -22151.7 3351.56 -18800.1 53328.5 1.06974
739000 1 299.168 -25.1025 -22220.6 3346.79 -18873.8 53627.4 1.06378
740000 1 299.721 -229.712 -22216.4 3352.97 -18863.4 53827.7 1.05983
741000 1 301.308 36.6454 -22144.7 3370.73 -18773.9 53876.8 1.05886
742000 1 299.892 -21.9325 -22101.3 3354.89 -18746.4 53532.1 1.06571
743000 1 300.025 -282.759 -22124.2 3356.38 -18767.8 53405 1.06824
744000 1 302.764 -133.931 -22141.6 3387.02 -18754.5 53564.2 1.06504
745000 1 302.066 180.094 -22144 3379.21 -18764.8 52826.6 1.07991
746000 1 302.118 6.62884 -22157 3379.79 -18777.2 53469.1 1.06696
747000 1 298.977 106.167 -22173.5 3344.65 -18828.9 53436.2 1.0676
748000 1 299.254 17.0604 -22108.8 3347.75 -18761.1 53555.4 1.06521
749000 1 299.094 -54.9971 -22140.8 3345.95 -18794.8 53433 1.06768
750000 1 299.203 238.275 -22106.4 3347.17 -18759.2 53247.2 1.07139
751000 1 299.338 -74.7704 -22110.7 3348.69 -18762 53351.7 1.06929
752000 1 300.009 432.265 -22038.1 3356.2 -18681.9 53280.3 1.07073
753000 1 297.994 110.361 -22045.8 3333.66 -18712.1 53543.4 1.06547
754000 1 299.191 25.6954 -22175.2 3347.05 -18828.1 53195.2 1.07243
755000 1 301.291 -195.342 -22112.9 3370.53 -18742.4 53657.4 1.0632
756000 1 298.631 -24.4785 -22179 3340.78 -18838.3 53223.4 1.07186
757000 1 299.742 37.698 -22180.7 3353.21 -18827.5 53490.4 1.06653
758000 1 300.138 100.447 -22193.9 3357.64 -18836.3 53622.5 1.06388
759000 1 298.764 -82.7483 -22155.6 3342.26 -18813.4 53542.2 1.06551
760000 1 300.1 91.0816 -22149.6 3357.21 -18792.4 53260.2 1.07112
761000 1 299.177 -97.5651 -22139.2 3346.89 -18792.3 53303.1 1.07027
762000 1 299.317 -158.912 -22099.5 3348.45 -18751.1 53480.7 1.06671
763000 1 299.408 67.6625 -22145.7 3349.47 -18796.2 53289.1 1.07054
764000 1 301.003 195.051 -22131.2 3367.31 -18763.9 53189.2 1.07256
765000 1 298.874 -150.485 -22125.9 3343.5 -18782.4 53560.1 1.06515
766000 1 299.479 -146.901 -22167.9 3350.27 -18817.6 53626.1 1.06384
767000 1 300 42.7742 -22155 3356.09 -18798.9 53123.5 1.07388
768000 1 299.903 -240.352 -22147 3355.01 -18792 53438.9 1.06754
769000 1 298.792 47.2322 -22148.3 3342.58 -18805.7 53278.9 1.07074
770000 1 299.785 68.5648 -22253 3353.69 -18899.3 53190.7 1.07253
771000 1 300.542 298.855 -22177.5 3362.16 -18815.4 53439.1 1.06754
772000 1 300.064 -133.205 -22152.5 3356.8 -18795.7 53253.1 1.07127
773000 1 300.087 8.14585 -22108.1 3357.07 -18751 53480.7 1.06673
774000 1 299.089 -12.3324 -22135.3 3345.9 -18789.4 53552.9 1.06529
775000 1 300.327 -335.981 -22179.1 3359.76 -18819.4 53545.5 1.06542
776000 1 300.302 -67.3513 -22185.6 3359.48 -18826.2 53220.1 1.07193
777000 1 301.606 326.179 -22126.2 3374.06 -18752.2 53187.8 1.07257
778000 1 298.985 -132.293 -22140.8 3344.74 -18796.1 53512.2 1.0661
779000 1 299.258 -1.08542 -22173.4 3347.8 -18825.6 53171.2 1.07292
780000 1 301.764 -211.724 -22165 3375.83 -18789.2 53339.9 1.06954
781000 1 299.918 -179.523 -22191.6 3355.18 -18836.5 53118.5 1.07398
782000 1 301.504 -45.6558 -22104.4 3372.92 -18731.5 52985.3 1.0767
783000 1 299.601 -131.71 -22152.6 3351.64 -18801 53189.2 1.07255
784000 1 300.48 -73.6893 -22185.1 3361.46 -18823.6 53178.6 1.07277
785000 1 300.569 60.8971 -22134.3 3362.46 -18771.9 53663.5 1.06307
786000 1 300.957 5.19783 -22162.8 3366.8 -18796 53608.2 1.06417
787000 1 300.974 236.313 -22099.7 3366.98 -18732.7 53880.4 1.05879
788000 1 299.173 230.777 -22092.7 3346.85 -18745.9 53941.7 1.05758
789000 1 301.511 68.3335 -22131.3 3373 -18758.3 53856.7 1.05926
790000 1 301.263 170.828 -22145.4 3370.22 -18775.1 53422.9 1.06787
791000 1 298.345 -228.663 -22130.5 3337.58 -18792.9 53496.3 1.06642
792000 1 298.352 416.355 -22055.3 3337.65 -18717.7 53397.1 1.0684
793000 1 301.62 -289.493 -22101.3 3374.22 -18727.1 53627.1 1.06382
794000 1 298.265 -30.1626 -22120.6 3336.69 -18784 53591 1.06451
795000 1 298.734 -129.248 -22162.2 3341.93 -18820.2 53551.8 1.0653
796000 1 298.877 36.0177 -22197.8 3343.53 -18854.3 53576 1.0648
797000 1 299.57 114.163 -22179.6 3351.28 -18828.3 53430.1 1.06775
798000 1 300.337 -8.50944 -22113.9 3359.87 -18754.1 53357.4 1.06918
799000 1 301.324 -49.4303 -22191.2 3370.9 -18820.3 53533.8 1.06564
800000 1 300.501 -84.2026 -22173.4 3361.7 -18811.7 53503.9 1.06624
801000 1 300.341 -256.904 -22124 3359.9 -18764 53177.4 1.07281
802000 1 299.506 252.972 -22126.8 3350.57 -18776.2 53579.7 1.06476
803000 1 299.726 -121.986 -22189.3 3353.02 -18836.3 53652.4 1.06329
804000 1 300.981 27.5423 -22101.3 3367.07 -18734.2 53457.7 1.06716
805000 1 300.367 -74.914 -22169.4 3360.2 -18809.2 53150.2 1.07334
806000 1 302.145 -87.4642 -22196.6 3380.09 -18816.5 53205.3 1.07222
807000 1 299.128 -67.9711 -22200.9 3346.34 -18854.5 53389.8 1.06854
808000 1 299.974 55.1589 -22080.7 3355.8 -18724.9 53460.6 1.0671
809000 1 299.505 36.9248 -22103 3350.56 -18752.4 53238.5 1.07156
810000 1 300.806 90.8899 -22116.7 3365.11 -18751.6 53552.1 1.06528
811000 1 299.264 88.4395 -22079.5 3347.86 -18731.7 53316.2 1.07001
812000 1 300.431 -36.0215 -22030.4 3360.92 -18669.5 53506.8 1.06622
813000 1 301.784 293.372 -22077.8 3376.05 -18701.8 53598.4 1.06439
814000 1 302.564 -81.2698 -22098.6 3384.78 -18713.8 53088.8 1.07458
815000 1 302.154 244.424 -22136.3 3380.19 -18756.1 53366.9 1.06898
816000 1 300.264 129.302 -22194.1 3359.04 -18835.1 53493.3 1.06645
817000 1 300.205 210.014 -22138.3 3358.39 -18779.9 53783.9 1.0607
818000 1 301.242 208.264 -22139.8 3369.99 -18769.8 53546.3 1.06542
819000 1 300.604 -166.448 -22178.7 3362.85 -18815.8 53532.4 1.06568
820000 1 300.616 -376.527 -22135.4 3362.98 -18772.4 53265.2 1.07102
821000 1 299.171 -51.1999 -22113.5 3346.82 -18766.7 53011.7 1.07614
822000 1 298.913 -17.5464 -22123.4 3343.94 -18779.4 53487.1 1.06658
823000 1 300.724 351.305 -22109 3364.19 -18744.9 53229.3 1.07179
824000 1 301.432 74.3642 -22143.5 3372.11 -18771.4 53100.4 1.07434
825000 1 301.192 56.8573 -22134 3369.43 -18764.6 53438.6 1.06755
826000 1 298.51 145.382 -22191.2 3339.42 -18851.8 53426.2 1.06782
827000 1 299.207 187.619 -22155 3347.23 -18807.8 53758.3 1.0612
828000 1 300.266 69.4787 -22173.5 3359.06 -18814.5 53893.5 1.05855
829000 1 300.825 -115.052 -22182.1 3365.33 -18816.8 53522.1 1.06592
830000 1 300.907 -109.156 -22185.9 3366.24 -18819.6 53426.5 1.06783
831000 1 298.823 -86.4274 -22149.2 3342.93 -18806.3 54059.5 1.05528
832000 1 301.59 275.465 -22132.1 3373.88 -18758.3 53443.1 1.06745
833000 1 297.548 171.801 -22127.7 3328.67 -18799.1 53418.1 1.06797
834000 1 299.212 -137.669 -22161.2 3347.28 -18813.9 53507 1.06619
835000 1 299.875 72.1834 -22147.7 3354.69 -18793 53169.1 1.07296
836000 1 300.781 68.4565 -22163 3364.83 -18798.2 53377.1 1.06878
837000 1 300.261 16.0741 -22167.6 3359.02 -18808.6 53665.8 1.06303
838000 1 301.238 170.358 -22076.9 3369.94 -18706.9 53482 1.06671
839000 1 301.145 -97.4075 -22123.5 3368.9 -18754.6 53697.4 1.06241
840000 1 299.696 -340.695 -22156.8 3352.7 -18804.1 53507.6 1.06616
841000 1 300.38 287.576 -22093.7 3360.35 -18733.4 53498.6 1.06638
842000 1 300.349 -33.9702 -22162.9 3360 -18802.9 53310.6 1.07012
843000 1 302.156 144.551 -22079.8 3380.21 -18699.6 53061.6 1.07512
844000 1 299.559 -259.49 -22141 3351.16 -18789.8 53593.8 1.06447
845000 1 301.902 29.7716 -22134.9 3377.37 -18757.6 53545.4 1.06545
846000 1 299.121 -107.371 -22123.2 3346.26 -18777 53916.2 1.05811
847000 1 302.132 -325.36 -22166.9 3379.94 -18787 53697.3 1.06242
848000 1 299.621 36.0431 -22205.5 3351.85 -18853.6 53903.9 1.05833
849000 1 299.994 112.828 -22251.4 3356.03 -18895.3 54033.7 1.0558
850000 1 301.713 -66.0034 -22202.7 3375.26 -18827.5 53696.5 1.06248
851000 1 297.671 110.547 -22135.6 3330.04 -18805.6 53689.9 1.06254
852000 1 301.292 -89.3616 -22176.9 3370.55 -18806.4 53626.3 1.06382
853000 1 298.25 148.336 -22166.7 3336.52 -18830.2 53245.6 1.07143
854000 1 301.327 -0.603637 -22172.2 3370.94 -18801.3 52867.9 1.07907
855000 1 297.698 103.012 -22168.5 3330.34 -18838.2 53128.1 1.07382
856000 1 301.291 -161.082 -22157.4 3370.54 -18786.8 53526 1.0658
857000 1 301.025 -38.129 -22145.8 3367.56 -18778.2 53373.8 1.06885
858000 1 300.57 -74.8818 -22190 3362.48 -18827.5 53605.7 1.06422
859000 1 300.465 109.076 -22122.4 3361.3 -18761.1 53219.8 1.07196
860000 1 300.535 -170.867 -22155.4 3362.08 -18793.3 53475.2 1.06681
861000 1 300.377 59.3467 -22177.7 3360.31 -18817.3 53812.2 1.06015
862000 1 297.916 21.3341 -22181.2 3332.78 -18848.4 53717.9 1.06199
863000 1 297.984 -35.5887 -22143.7 3333.54 -18810.1 53575.7 1.06482
864000 1 300.394 -14.0366 -22167.4 3360.5 -18806.9 53320.6 1.06992
865000 1 301.213 117.664 -22208.2 3369.67 -18838.5 53023 1.07591
866000 1 298.704 101.021 -22148 3341.6 -18806.4 53168.8 1.07298
867000 1 300.696 145.782 -22123.8 3363.89 -18759.9 53555.4 1.06525
868000 1 301.064 192.974 -22165.8 3367.99 -18797.8 53268.7 1.07094
869000 1 299.679 9.79772 -22152.9 3352.5 -18800.4 53455 1.06721
870000 1 302.331 -229.385 -22213.2 3382.17 -18831.1 53482.4 1.06667
871000 1 298.188 167.838 -22156.5 3335.82 -18820.6 53315 1.07004
872000 1 299.398 9.08029 -22105.3 3349.36 -18755.9 53325.7 1.06983
873000 1 301.444 -76.3771 -22158.4 3372.25 -18786.2 53744.4 1.06149
874000 1 300.642 124.087 -22116 3363.28 -18752.8 53642.1 1.06349
875000 1 299.761 -29.7497 -22080.3 3353.42 -18726.9 53579.7 1.06475
876000 1 300.314 -65.1811 -22064.6 3359.61 -18705 53481.4 1.06669
877000 1 298.371 55.1366 -22066.9 3337.87 -18729.1 53380.6 1.06872
878000 1 299.029 86.6298 -22118.5 3345.23 -18773.3 53310.1 1.07012
879000 1 300.386 -83.9085 -22091.4 3360.42 -18731 53293.8 1.07048
880000 1 300.246 72.3264 -22117.3 3358.84 -18758.4 53396.6 1.0684
881000 1 299.141 19.8685 -22136.2 3346.49 -18789.7 53463.4 1.06707
882000 1 298.514 -21.6505 -22166.7 3339.47 -18827.2 53355.5 1.06921
883000 1 300.009 -86.8078 -22117.2 3356.2 -18761 53657.7 1.06319
884000 1 301.879 -275.877 -22136.2 3377.11 -18759.1 53429.3 1.06772
885000 1 299.448 28.5775 -22089.6 3349.91 -18739.6 53408.1 1.06816
886000 1 299.812 -45.5651 -22107.6 3353.99 -18753.6 53454.4 1.06723
887000 1 300.239 -83.1764 -22146.6 3358.77 -18787.9 53483.9 1.06664
888000 1 300.551 -81.8796 -22091.4 3362.26 -18729.1 53376.9 1.0688
889000 1 300.341 49.6977 -22165.7 3359.91 -18805.7 53674.3 1.06286
890000 1 298.363 24.1447 -22111.2 3337.78 -18773.4 53482.6 1.06667
891000 1 299.285 203.423 -22162.9 3348.09 -18814.8 53429.5 1.06775
892000 1 299.728 21.0844 -22166.8 3353.05 -18813.7 53609.4 1.06415
893000 1 300.818 102.55 -22149.3 3365.24 -18784.1 53399.3 1.06833
894000 1 301.475 64.9106 -22177.1 3372.6 -18804.5 53319.4 1.06995
895000 1 298.512 -198.992 -22154.8 3339.45 -18815.3 53216.6 1.07202
896000 1 298.102 -103.371 -22089.4 3334.86 -18754.5 53281.2 1.07069
897000 1 298.793 131.713 -22116.3 3342.59 -18773.8 53186.4 1.07263
898000 1 300.69 -58.3707 -22173.6 3363.81 -18809.8 53223.2 1.07186
899000 1 299.67 -22.4894 -22219.2 3352.4 -18866.7 53392.7 1.06848
900000 1 299.486 131.59 -22173.9 3350.34 -18823.6 53425.5 1.06781
901000 1 299.793 48.2921 -22151.8 3353.78 -18798 53283.1 1.07068
902000 1 300.685 -44.228 -22076.8 3363.76 -18713 53333.4 1.06967
903000 1 298.892 42.4734 -22053.4 3343.7 -18709.7 53419.7 1.06792
904000 1 298.165 38.8293 -22092.9 3335.56 -18757.4 53463.3 1.06705
905000 1 300.916 -15.2696 -22105.6 3366.34 -18739.3 53484.1 1.06663
906000 1 299.712 -73.1299 -22154.6 3352.87 -18801.8 53049.5 1.07541
907000 1 299.502 0.641041 -22152 3350.52 -18801.5 53209.6 1.07215
908000 1 297.109 183.424 -22185.5 3323.75 -18861.7 53143.9 1.07348
909000 1 298.773 -43.3448 -22161.1 3342.37 -18818.7 53521.5 1.06589
910000 1 298.937 -18.348 -22133.2 3344.21 -18789 53239.3 1.07155
911000 1 298.969 -57.0507 -22157 3344.56 -18812.4 53422.6 1.06786
912000 1 299.834 -18.5758 -22156.7 3354.24 -18802.4 53440.3 1.06752
913000 1 301.414 164.602 -22135.5 3371.91 -18763.6 53454.9 1.06722
914000 1 300.154 11.6852 -22147.2 3357.82 -18789.4 53531.4 1.06571
915000 1 299.968 -33.7368 -22154.1 3355.73 -18798.3 53311.2 1.07009
916000 1 301.369 76.1897 -22172.8 3371.41 -18801.4 53252.2 1.0713
917000 1 300.393 -279.091 -22124.9 3360.49 -18764.5 53395.2 1.06841
918000 1 298.483 108.009 -22183 3339.12 -18843.9 53534.2 1.06565
919000 1 297.729 -55.1551 -22208 3330.69 -18877.3 53198 1.07237
920000 1 299.005 42.158 -22188.4 3344.96 -18843.4 53380.7 1.06872
921000 1 301.103 27.5009 -22153.1 3368.44 -18784.7 53297.7 1.07037
922000 1 300.651 -188.785 -22123.8 3363.38 -18760.4 53271 1.0709
923000 1 299.641 -171.614 -22164.4 3352.08 -18812.3 53446.2 1.06741
924000 1 302.327 -233.026 -22169 3382.13 -18786.8 53506.5 1.06619
925000 1 300.252 -83.8145 -22123 3358.91 -18764.1 53158.1 1.07319
926000 1 299.754 248.255 -22167.6 3353.34 -18814.2 53606.1 1.06421
927000 1 299.446 68.1503 -22170 3349.89 -18820.1 53732.5 1.0617
928000 1 299.881 -61.2048 -22133.3 3354.76 -18778.5 53833 1.05975
929000 1 298.975 -87.4476 -22182.6 3344.63 -18838 53574.2 1.06484
930000 1 301.589 315.735 -22241.2 3373.87 -18867.3 53753.4 1.06129
931000 1 300.381 187.077 -22184.4 3360.36 -18824 53738.8 1.0616
932000 1 299.468 -120.528 -22200 3350.15 -18849.9 53616.6 1.064
933000 1 299.2 -32.3111 -22152.7 3347.14 -18805.5 53609.7 1.06415
934000 1 300.797 31.6282 -22170.5 3365.01 -18805.5 53602.3 1.06429
935000 1 299.639 123.901 -22150.8 3352.06 -18798.7 53639.2 1.06355
936000 1 299.882 25.6094 -22186.3 3354.77 -18831.5 53738.8 1.06158
937000 1 299.539 56.4687 -22139.2 3350.94 -18788.2 53792.2 1.06055
938000 1 299.539 72.5298 -22100.1 3350.94 -18749.2 53297.9 1.07037
939000 1 298.779 101.439 -22153.7 3342.43 -18811.3 53319.8 1.06993
940000 1 298.885 104.062 -22109.7 3343.62 -18766.1 53321.9 1.0699
941000 1 298.467 -78.9016 -22116.1 3338.95 -18777.1 53725.4 1.06186
942000 1 301.078 -143.66 -22106.4 3368.15 -18738.2 53451.6 1.06729
943000 1 300 -69.3427 -22090.7 3356.1 -18734.6 53653.5 1.06327
944000 1 299.957 -123.43 -22182 3355.61 -18826.4 53789.4 1.06059
945000 1 298.428 92.7466 -22139.6 3338.51 -18801.1 53575.3 1.06482
946000 1 298.402 -215.58 -22201.8 3338.22 -18863.6 53269.2 1.07094
947000 1 300.367 -61.399 -22161.4 3360.2 -18801.2 53453.4 1.06725
948000 1 301.005 52.1371 -22143.4 3367.34 -18776 53967.4 1.05711
949000 1 298.309 92.3866 -22121.2 3337.17 -18784 53775.4 1.06086
950000 1 298.009 -337.376 -22065.1 3333.83 -18731.3 53570.6 1.06496
951000 1 301.91 -29.8452 -22123 3377.46 -18745.5 53168.8 1.07296
952000 1 299.775 -38.7735 -22183.8 3353.58 -18830.2 53316.6 1.07
953000 1 299.902 -168.489 -22184.6 3355 -18829.6 53169.6 1.07294
954000 1 301.178 -219.677 -22155.9 3369.27 -18786.7 53648.4 1.06338
955000 1 298.004 -49.0531 -22193 3333.77 -18859.3 53663.3 1.06307
956000 1 298.665 -75.6111 -22215.9 3341.16 -18874.8 53302.9 1.07027
957000 1 299.82 147.5 -22132.1 3354.08 -18778.1 53220.7 1.07193
958000 1 299.562 -154.272 -22199.2 3351.19 -18848 52871.8 1.07902
959000 1 301.25 292.548 -22111.1 3370.08 -18741.1 53285.1 1.07062
960000 1 300.06 -276.556 -22062.5 3356.76 -18705.8 53573.8 1.06487
961000 1 299.567 150.821 -22082.6 3351.25 -18731.3 53931.2 1.0578
962000 1 300.454 49.6839 -22137.9 3361.17 -18776.7 53197.6 1.07237
963000 1 299.132 31.9441 -22156.3 3346.39 -18810 53425 1.06782
964000 1 299.294 41.9888 -22161.4 3348.19 -18813.2 53847.8 1.05946
965000 1 300.135 -131.824 -22158.1 3357.61 -18800.4 53662.5 1.0631
966000 1 300.874 -13.7342 -22209 3365.87 -18843.2 53500.5 1.06631
967000 1 300.282 60.3967 -22181.6 3359.25 -18822.3 53444.5 1.06742
968000 1 300.288 61.1509 -22115.9 3359.32 -18756.6 53437.3 1.06757
969000 1 299.289 -151.438 -22098.9 3348.15 -18750.8 53601.2 1.06431
970000 1 301.18 -73.3906 -22195.7 3369.29 -18826.4 53843.1 1.05952
971000 1 299.27 93.4331 -22176.4 3347.93 -18828.5 53713.9 1.06207
972000 1 300.669 -93.018 -22195 3363.58 -18831.4 53825.3 1.05988
973000 1 301.072 13.6179 -22145.3 3368.08 -18777.2 53688.8 1.06257
974000 1 301.437 125.659 -22134 3372.17 -18761.8 53710.2 1.06216
975000 1 299.99 -231.925 -22158.8 3355.98 -18802.8 53172 1.0729
976000 1 299.788 -23.7781 -22194.7 3353.72 -18841 53289.5 1.07053
977000 1 298.409 25.2419 -22146.4 3338.3 -18808.1 53045.7 1.07544
978000 1 303.039 -109.81 -22130.9 3390.09 -18740.8 53759.4 1.0612
979000 1 299.521 173.792 -22136.1 3350.73 -18785.4 53460.4 1.06711
980000 1 299.772 66.5927 -22174.7 3353.54 -18821.1 53636.6 1.06361
981000 1 299.297 93.0143 -22139 3348.23 -18790.7 53793.3 1.06051
982000 1 301.01 -162.703 -22164 3367.4 -18796.6 53626.4 1.06381
983000 1 301.03 -19.245 -22140.7 3367.61 -18773.1 53842.6 1.05953
984000 1 299.359 144.545 -22166.8 3348.92 -18817.8 53282 1.07068
985000 1 299.583 10.4403 -22196.9 3351.43 -18845.5 53346.7 1.06939
986000 1 301.217 -194.365 -22203.3 3369.71 -18833.6 53540.1 1.06554
987000 1 302.29 60.3936 -22193.9 3381.71 -18812.1 53784.4 1.06069
988000 1 300.224 -143.209 -22147.3 3358.6 -18788.7 53698.9 1.06238
989000 1 301.507 -61.6884 -22138.4 3372.95 -18765.5 53346.4 1.06941
990000 1 299.81 -279.328 -22102.7 3353.97 -18748.7 53173.9 1.07286
991000 1 299.809 -358.02 -22140.2 3353.96 -18786.2 53150 1.07334
992000 1 300.355 79.7087 -22084.4 3360.07 -18724.3 53080.9 1.07479
993000 1 300.796 -14.4132 -22156.8 3365 -18791.8 53566.9 1.06498
994000 1 300.746 -7.39018 -22179.4 3364.44 -18814.9 53303.6 1.07025
995000 1 299.837 125.616 -22156 3354.27 -18801.7 53606.9 1.06422
996000 1 300.379 186.498 -22100.4 3360.33 -18740.1 53649.2 1.06335
997000 1 299.447 -26.0319 -22089.2 3349.9 -18739.3 53468.2 1.06695
998000 1 299.027 63.0965 -22163.7 3345.21 -18818.5 53312.7 1.07007
999000 1 299.657 83.8216 -22129.4 3352.26 -18777.1 53424.8 1.06785
1000000 1 299.578 24.8587 -22129.9 3351.38 -18778.6 53598.2 1.06439
1001000 1 297.793 61.6302 -22131.7 3331.4 -18800.3 53666.8 1.06305
1002000 1 298.498 -32.9359 -22123 3339.29 -18783.7 53476.6 1.06679
1003000 1 301.175 73.3615 -22117.8 3369.24 -18748.6 53283.5 1.07067
1004000 1 298.183 1.56727 -22145.4 3335.76 -18809.7 53322.2 1.06988
1005000 1 298.799 -56.1244 -22152.7 3342.66 -18810.1 53712 1.06212
1006000 1 300.915 -136.924 -22146.7 3366.33 -18780.4 53532.7 1.06567
1007000 1 301.492 -149.51 -22154.5 3372.78 -18781.8 53318 1.06995
1008000 1 303.023 -115.547 -22135.3 3389.91 -18745.4 53207 1.07219
1009000 1 299.229 -63.6011 -22154.6 3347.47 -18807.1 53469.4 1.06692
1010000 1 300.688 40.9627 -22143.6 3363.79 -18779.8 53086 1.07464
1011000 1 300.989 -108.853 -22118 3367.16 -18750.9 53167 1.07303
1012000 1 301.65 51.7041 -22141 3374.56 -18766.5 53154.5 1.07326
1013000 1 298.222 238.422 -22135.2 3336.21 -18799 53534.2 1.06565
1014000 1 299.9 -172.315 -22143.6 3354.98 -18788.6 53492.7 1.06647
1015000 1 298.904 154.857 -22143.2 3343.84 -18799.4 53332.3 1.06968
1016000 1 299.923 185.91 -22085.3 3355.23 -18730 53365.5 1.06902
1017000 1 299.868 30.7194 -22041.9 3354.61 -18687.2 53595.2 1.06443
1018000 1 298.079 -0.370643 -22088.9 3334.6 -18754.3 53653.1 1.06327
1019000 1 298.64 95.9404 -22123.7 3340.87 -18782.8 53642 1.06349
1020000 1 298.382 -137.536 -22152.6 3338 -18814.6 53638.8 1.06357
1021000 1 299.272 160.94 -22179 3347.95 -18831 53644.9 1.06343
1022000 1 299.031 37.8647 -22155 3345.26 -18809.7 53521.4 1.0659
1023000 1 301.17 -63.4784 -22087.4 3369.19 -18718.3 53553.9 1.06525
1024000 1 300.079 68.9531 -22143.5 3356.97 -18786.6 53474.1 1.06684
1025000 1 299.77 -64.2545 -22110.1 3353.52 -18756.5 53358.4 1.06915
1026000 1 300.211 43.3761 -22148.1 3358.45 -18789.7 53336.9 1.06958
1027000 1 301.586 10.8512 -22132.1 3373.84 -18758.3 53318.3 1.06996
1028000 1 299.869 -59.8886 -22085.8 3354.63 -18731.2 53159.9 1.07316
1029000 1 300.674 -47.5159 -22167.3 3363.64 -18803.6 53334.2 1.06966
1030000 1 300.948 -139.127 -22177.7 3366.69 -18811 53345.5 1.06943
1031000 1 301.161 42.6404 -22143.9 3369.09 -18774.8 53492.7 1.06648
1032000 1 300.2 454.335 -22141.7 3358.33 -18783.4 53589.9 1.06452
1033000 1 299.22 136.04 -22184.6 3347.36 -18837.2 53905.1 1.0583
1034000 1 298.419 51.4817 -22165.1 3338.41 -18826.7 53493.9 1.06645
1035000 1 300.085 -39.2764 -22154.6 3357.04 -18797.6 53133.8 1.07367
1036000 1 301.102 12.357 -22162.9 3368.42 -18794.5 53300.8 1.07031
1037000 1 299.946 -131.466 -22137.5 3355.49 -18782 53438.6 1.06754
1038000 1 301.221 1.89851 -22165.7 3369.75 -18796 53355.8 1.06921
1039000 1 302.418 -120.272 -22107.8 3383.14 -18724.7 53655.1 1.06325
1040000 1 301.666 -12.1061 -22142.7 3374.73 -18768 53500.3 1.06631
1041000 1 300.693 134.554 -22173.7 3363.84 -18809.9 53402.3 1.06828
1042000 1 300.274 -53.1633 -22159.7 3359.15 -18800.5 53398.3 1.06836
1043000 1 299.152 -52.3594 -22165.2 3346.61 -18818.6 53539.3 1.06554
1044000 1 299.873 -198.54 -22164 3354.67 -18809.4 53431 1.0677
1045000 1 300.693 -147.385 -22192.5 3363.85 -18828.7 53206.3 1.07223
1046000 1 299.701 241.447 -22167.2 3352.75 -18814.4 53227.5 1.07178
1047000 1 299.879 2.67118 -22242.2 3354.74 -18887.4 53500.5 1.0663
1048000 1 300.923 42.6167 -22148.8 3366.41 -18782.4 53239.5 1.07155
1049000 1 299.438 74.9795 -22113.1 3349.81 -18763.3 53668.1 1.06302
1050000 1 299.77 55.2477 -22134.3 3353.52 -18780.8 53636.5 1.06362
1051000 1 299.327 -69.3221 -22134.8 3348.56 -18786.2 53497.4 1.06639
1052000 1 299.51 53.2218 -22098.7 3350.62 -18748 53824.2 1.05992
1053000 1 300.706 -177.232 -22158 3363.99 -18794 53659.4 1.06315
1054000 1 299.347 149.89 -22079.4 3348.79 -18730.6 53810.6 1.06017
1055000 1 300.086 -60.983 -22179.1 3357.06 -18822 53701.1 1.06232
1056000 1 301.15 25.1088 -22125.7 3368.95 -18756.7 53499.6 1.06633
1057000 1 301.053 -2.41147 -22131.5 3367.87 -18763.6 53479.6 1.06674
1058000 1 299.909 -111.8 -22156.3 3355.08 -18801.3 53412.3 1.0681
1059000 1 300.284 -234.516 -22170 3359.27 -18810.7 53061.1 1.07513
1060000 1 300.009 18.4289 -22152 3356.19 -18795.8 53460.5 1.06711
1061000 1 300.109 -23.5661 -22171.7 3357.31 -18814.4 53282.7 1.07066
1062000 1 300.666 70.3527 -22142.3 3363.55 -18778.7 53246.2 1.0714
1063000 1 300.277 -155.108 -22206.8 3359.2 -18847.6 53070.5 1.07495
1064000 1 300.274 223.03 -22221 3359.16 -18861.8 53000.3 1.07637
1065000 1 302.169 26.8609 -22166.9 3380.36 -18786.5 53139.5 1.07359
1066000 1 299.537 155.485 -22173.9 3350.92 -18823 53569.2 1.06494
1067000 1 298.603 -99.6443 -22163.7 3340.46 -18823.3 53250 1.07135
1068000 1 300.68 -197.591 -22097.2 3363.7 -18733.5 53610.2 1.06414
1069000 1 301.051 -105.009 -22037.1 3367.85 -18669.2 53377.8 1.06877
1070000 1 301.324 81.4716 -22071 3370.9 -18700.1 53128.1 1.07378
1071000 1 301.448 309.016 -22089.9 3372.29 -18717.6 53404.6 1.06823
1072000 1 297.196 -7.3426 -22115 3324.72 -18790.3 53676.8 1.06281
1073000 1 301.11 38.7034 -22187.4 3368.52 -18818.9 53505.1 1.06622
1074000 1 299.499 -38.7245 -22211.5 3350.49 -18861 53505.7 1.06621
1075000 1 298.988 -523.458 -22197.9 3344.77 -18853.2 53687.4 1.06262
1076000 1 298.959 112.529 -22140.8 3344.45 -18796.4 53367.1 1.06897
1077000 1 297.993 105.115 -22097.9 3333.64 -18764.3 53615.3 1.06403
1078000 1 301.465 63.5699 -22098.8 3372.48 -18726.3 53366.8 1.06899
1079000 1 298.909 -330.63 -22136.7 3343.88 -18792.8 53658.3 1.06319
1080000 1 299.399 179.889 -22173.3 3349.37 -18823.9 53448.8 1.06734
1081000 1 299.567 -179.174 -22171.6 3351.25 -18820.4 53402.3 1.06826
1082000 1 299.877 -94.3241 -22121.2 3354.72 -18766.5 53350.3 1.06933
1083000 1 301.6 -155.479 -22125.3 3374 -18751.3 53504.9 1.06622
1084000 1 298.386 19.3624 -22161.5 3338.04 -18823.5 53439.9 1.06752
1085000 1 299.33 87.2379 -22189.2 3348.59 -18840.6 53691.3 1.06253
1086000 1 298.862 173.112 -22139.4 3343.37 -18796 53599.9 1.06433
1087000 1 298.862 5.28254 -22165 3343.36 -18821.7 53704.8 1.0623
1088000 1 298.737 7.66759 -22134.7 3341.96 -18792.7 53565.3 1.06503
1089000 1 301.001 294.47 -22139.4 3367.29 -18772.1 53720.2 1.06194
1090000 1 300.461 -79.8893 -22172.2 3361.25 -18811 53461.4 1.0671
1091000 1 300.548 -48.1239 -22186.4 3362.22 -18824.1 53852 1.05935
1092000 1 299.346 50.9725 -22170.5 3348.78 -18821.7 53914.2 1.05813
1093000 1 299.723 -158.385 -22179.3 3353 -18826.3 53411.6 1.06809
1094000 1 299.487 143.62 -22232.6 3350.35 -18882.2 53320.6 1.06992
1095000 1 298.397 -3.09357 -22194.8 3338.16 -18856.6 53488.2 1.06655
1096000 1 301.054 -126.789 -22142.5 3367.89 -18774.6 53528.7 1.06576
1097000 1 299.281 -68.4897 -22188.5 3348.05 -18840.4 53580.3 1.06472
1098000 1 299.271 44.3481 -22206.7 3347.94 -18858.7 53881.8 1.05877
1099000 1 302.122 112.106 -22120.8 3379.84 -18741 53626.2 1.06382
1100000 1 300.507 177.902 -22088 3361.76 -18726.2 53270 1.07099
1101000 1 300.64 -40.7798 -22106.1 3363.26 -18742.8 53298.7 1.07036
1102000 1 298.667 -41.6878 -22142.3 3341.18 -18801.1 53504.6 1.06623
1103000 1 300.178 -366.985 -22171.4 3358.08 -18813.3 53208.1 1.07216
1104000 1 302.064 158.735 -22136.7 3379.19 -18757.5 53491.2 1.06649
1105000 1 299.702 -51.2362 -22113.9 3352.76 -18761.1 53436.2 1.0676
1106000 1 298.434 15.4972 -22142.4 3338.58 -18803.9 53266.7 1.07101
1107000 1 299.489 239.246 -22156.6 3350.38 -18806.2 53112.6 1.07411
1108000 1 298.825 53.4176 -22118.6 3342.95 -18775.7 53367.8 1.06897
1109000 1 301.358 108.043 -22140.3 3371.29 -18769 53258.1 1.07117
1110000 1 299.775 46.2447 -22159.2 3353.58 -18805.7 53348.6 1.06937
1111000 1 300.638 6.77927 -22122.4 3363.23 -18759.2 53428.2 1.06776
1112000 1 300.97 18.2501 -22051.4 3366.94 -18684.5 53437.8 1.06756
1113000 1 298.649 151.012 -22127.9 3340.98 -18787 53495.2 1.06642
1114000 1 300.867 -163.778 -22244.6 3365.8 -18878.8 53438.9 1.06755
1115000 1 299.113 178.371 -22184.3 3346.17 -18838.2 53787.9 1.06062
1116000 1 297.392 -327.842 -22172.9 3326.92 -18846 53402.7 1.06827
1117000 1 299.576 221.395 -22175.7 3351.35 -18824.4 53603.5 1.06426
1118000 1 300.478 32.7668 -22158.1 3361.44 -18796.7 53608.4 1.06417
1119000 1 298.004 -135.381 -22166.4 3333.77 -18832.7 53642.2 1.0635
1120000 1 299.94 92.6926 -22089.4 3355.42 -18733.9 53382 1.06869
1121000 1 299.681 -233.076 -22085.3 3352.53 -18732.8 53489.4 1.06655
1122000 1 298.412 -183.623 -22166.7 3338.33 -18828.4 53343.8 1.06944
1123000 1 301.858 8.81935 -22168.3 3376.88 -18791.4 53302 1.07028
1124000 1 301.805 -20.4371 -22124.2 3376.29 -18747.9 53217.8 1.07198
1125000 1 299.186 114.765 -22125 3346.99 -18778 53163.3 1.07308
1126000 1 299.016 135.238 -22098.9 3345.08 -18753.9 53522.6 1.06586
1127000 1 301.246 185.547 -22165.2 3370.04 -18795.2 53734.5 1.06166
1128000 1 298.677 170.344 -22167 3341.29 -18825.7 53820.4 1.05999
1129000 1 301.457 120.857 -22150 3372.4 -18777.6 53731.1 1.06176
1130000 1 298.653 -355.465 -22168.1 3341.03 -18827 53679.2 1.06277
1131000 1 300.84 -94.2447 -22166.2 3365.5 -18800.7 53466.2 1.067
1132000 1 300.993 -155.753 -22153.6 3367.2 -18786.4 53748.6 1.06141
1133000 1 297.734 113.448 -22224.6 3330.74 -18893.9 53904.4 1.05835
1134000 1 299.85 75.5377 -22200.6 3354.41 -18846.2 53773.8 1.0609
1135000 1 300.586 -275.469 -22169.9 3362.65 -18807.3 53516.8 1.06601
1136000 1 298.627 -128.532 -22148 3340.74 -18807.2 53350.6 1.06931
1137000 1 299.935 84.2727 -22151.5 3355.37 -18796.1 53753 1.06132
1138000 1 301.008 147.702 -22129.3 3367.37 -18761.9 53571.6 1.06489
1139000 1 299.177 -293.374 -22133.6 3346.88 -18786.7 53533 1.06566
1140000 1 299.808 40.0831 -22139.3 3353.94 -18785.4 53522.6 1.06588
1141000 1 302.069 -140.527 -22162.5 3379.24 -18783.3 53622.4 1.0639
1142000 1 300.261 -327.822 -22190.7 3359.02 -18831.7 53613.8 1.06405
1143000 1 300.6 163.823 -22045.2 3362.81 -18682.4 53167.4 1.07303
1144000 1 299.916 112.25 -22101.6 3355.15 -18746.5 53221.9 1.0719
1145000 1 300.842 -95.6068 -22167.9 3365.52 -18802.4 53556.2 1.06523
1146000 1 297.055 23.3713 -22154.7 3323.15 -18831.5 53107.1 1.07422
1147000 1 299.255 -154.618 -22159.6 3347.76 -18811.9 53249.3 1.07134
1148000 1 301.827 37.1455 -22133.2 3376.54 -18756.7 53529.3 1.06574
1149000 1 299.494 57.3205 -22168.3 3350.43 -18817.8 53544.8 1.06543
1150000 1 300.397 53.9076 -22151.1 3360.53 -18790.5 53373.6 1.06887
1151000 1 301.73 -99.6775 -22130.6 3375.45 -18755.1 53549 1.06535
1152000 1 299.622 63.8425 -22132.8 3351.87 -18781 53350.3 1.06932
1153000 1 298.695 -88.5206 -22160.2 3341.5 -18818.7 53317.1 1.06997
1154000 1 302.006 136.451 -22119.7 3378.54 -18741.2 53677.6 1.0628
1155000 1 299.241 -148.09 -22092 3347.6 -18744.4 53500.4 1.06632
1156000 1 299.514 86.4776 -22068.3 3350.66 -18717.6 53176.7 1.0728
1157000 1 299.183 -34.9997 -22103.8 3346.95 -18756.9 53409.3 1.06814
1158000 1 300.704 226.902 -22140.5 3363.97 -18776.6 53368.5 1.06894
1159000 1 299.294 95.2578 -22242.2 3348.2 -18894 53575.7 1.06485
1160000 1 299.895 -193.907 -22203 3354.92 -18848.1 53728.1 1.0618
1161000 1 298.706 147.16 -22161.9 3341.62 -18820.2 53405.8 1.0682
1162000 1 299.474 -283.33 -22130.9 3350.22 -18780.7 53441.7 1.06749
1163000 1 298.772 -101.093 -22161.1 3342.36 -18818.7 53447.8 1.06736
1164000 1 300.594 71.4262 -22132.1 3362.74 -18769.4 53199 1.07236
1165000 1 299.474 -92.7928 -22194.4 3350.21 -18844.2 53135.8 1.07363
1166000 1 299.541 -88.2668 -22185.2 3350.95 -18834.3 53277.3 1.07077
1167000 1 301.854 30.6048 -22173.1 3376.84 -18796.3 53444.8 1.06744
1168000 1 299.523 229.557 -22153.1 3350.76 -18802.4 53090 1.07456
1169000 1 301.543 -94.3447 -22138.8 3373.35 -18765.5 53569.9 1.06494
1170000 1 302.089 -310.768 -22108.6 3379.47 -18729.1 53652.9 1.06329
1171000 1 300.761 -122.518 -22188.2 3364.61 -18823.6 53418.3 1.06796
1172000 1 298.18 71.0568 -22193 3335.73 -18857.2 53515.4 1.06602
1173000 1 300.942 -3.80656 -22149.9 3366.63 -18783.3 53305.4 1.07021
1174000 1 299.33 -208.234 -22167.9 3348.6 -18819.3 53299.4 1.07033
1175000 1 299.533 -127.95 -22170.2 3350.87 -18819.4 53654.3 1.06326
1176000 1 298.938 4.18525 -22180 3344.21 -18835.8 53109.4 1.07417
1177000 1 300.708 -94.7191 -22183.4 3364.01 -18819.4 53657 1.06319
1178000 1 300.937 -109.043 -22218.4 3366.58 -18851.8 53693.5 1.06248
1179000 1 300.09 -228.493 -22190.7 3357.1 -18833.6 53423.1 1.06787
1180000 1 300.106 66.3113 -22179.6 3357.28 -18822.3 53655.7 1.06323
1181000 1 298.703 201.779 -22257.3 3341.58 -18915.7 53622.5 1.0639
1182000 1 298.812 -24.8105 -22215.2 3342.8 -18872.4 53603.5 1.06426
1183000 1 301.498 -206.489 -22150.3 3372.85 -18777.5 53645.7 1.06344
1184000 1 298.526 123.101 -22145.6 3339.6 -18806 53444 1.06744
1185000 1 299.655 176.151 -22156 3352.24 -18803.8 53507.7 1.06618
1186000 1 300.153 95.2784 -22157.3 3357.81 -18799.5 53310.3 1.0701
1187000 1 297.994 80.6299 -22112.5 3333.66 -18778.8 53539.9 1.06553
1188000 1 301.454 115.924 -22165 3372.36 -18792.6 53689.2 1.06259
1189000 1 299.024 128.011 -22153.3 3345.18 -18808.2 53567 1.06498
1190000 1 299.779 129.579 -22142.7 3353.62 -18789.1 53818.7 1.06001
1191000 1 299.66 129.203 -22083.7 3352.29 -18731.4 53364.8 1.06902
1192000 1 301.042 61.5389 -22138.1 3367.75 -18770.4 53277.2 1.07078
1193000 1 299.653 -32.7054 -22079.3 3352.22 -18727.1 53432 1.06772
1194000 1 299.55 329.217 -22091.5 3351.06 -18740.4 53346.7 1.0694
1195000 1 301.99 -0.342066 -22071.4 3378.35 -18693.1 53797.8 1.06042
1196000 1 301.607 -61.0572 -22201.7 3374.08 -18827.6 53586.3 1.06461
1197000 1 299.551 161.132 -22135.1 3351.07 -18784 53354.5 1.06923
1198000 1 300.962 60.8551 -22182.3 3366.85 -18815.5 53709.5 1.06217
1199000 1 301.271 178.574 -22177.3 3370.31 -18807 53383.1 1.06868
1200000 1 299.158 3.42127 -22128.7 3346.67 -18782 53580 1.06473
1201000 1 298.479 23.6933 -22148.5 3339.08 -18809.4 53334.9 1.06961
1202000 1 299.768 41.7613 -22203.6 3353.5 -18850.1 53312.7 1.07007
1203000 1 300.929 45.7268 -22120.1 3366.49 -18753.6 53469.8 1.06695
1204000 1 301.541 58.1293 -22123.3 3373.33 -18750 53451.7 1.06729
1205000 1 301.258 -69.6057 -22109.2 3370.17 -18739 53097.1 1.07441
1206000 1 301.452 35.3565 -22095.3 3372.33 -18723 53408.3 1.06815
1207000 1 299.657 -140.145 -22144.9 3352.26 -18792.6 53250.2 1.07135
1208000 1 301 129.279 -22185.5 3367.28 -18818.2 53369.3 1.06894
1209000 1 300.22 -111.094 -22169.8 3358.56 -18811.2 53818.2 1.06001
1210000 1 302.606 -61.2074 -22131.9 3385.25 -18746.7 53766.9 1.06102
1211000 1 302.609 143.722 -22179.8 3385.28 -18794.6 53599.6 1.06435
1212000 1 302.311 -75.9155 -22134.8 3381.95 -18752.9 53680.5 1.06274
1213000 1 298.436 -19.2065 -22152.5 3338.6 -18813.9 53233.4 1.07168
1214000 1 300.109 -55.0587 -22161 3357.32 -18803.7 53449.9 1.06732
1215000 1 298.931 -4.76194 -22169 3344.14 -18824.8 53270.5 1.07092
1216000 1 299.845 52.7533 -22107.5 3354.36 -18753.2 53541.4 1.06549
1217000 1 298.413 24.303 -22132 3338.34 -18793.6 53719 1.06197
1218000 1 299.715 -342.496 -22109.1 3352.91 -18756.2 53447.6 1.06739
1219000 1 299.875 -17.5054 -22186.4 3354.69 -18831.7 53688.9 1.06259
1220000 1 300.274 -103.772 -22175.1 3359.16 -18815.9 53610.5 1.06415
1221000 1 299.09 137.868 -22247.6 3345.92 -18901.7 53387.1 1.06858
1222000 1 298.476 -226.024 -22241.7 3339.05 -18902.7 53524.3 1.06583
1223000 1 299.353 -93.0759 -22243.1 3348.85 -18894.2 53487.6 1.06657
1224000 1 299.637 -16.8118 -22208.5 3352.03 -18856.4 53475.1 1.06682
1225000 1 300.359 -164.966 -22165.1 3360.11 -18805 53624.9 1.06384
1226000 1 302.235 -8.78978 -22180.5 3381.09 -18799.4 53696.3 1.06243
1227000 1 299.029 40.5342 -22144.2 3345.24 -18799 53275.2 1.07083
1228000 1 298.616 -139.21 -22156.3 3340.61 -18815.6 53527.8 1.06578
1229000 1 298.788 -110.865 -22152.8 3342.54 -18810.3 53755.5 1.06125
1230000 1 299.564 105.053 -22099.7 3351.22 -18748.5 53296.4 1.07043
1231000 1 300.3 -33.9495 -22123.5 3359.45 -18764.1 53238.8 1.07155
1232000 1 300.691 -79.3193 -22150 3363.82 -18786.2 53503.2 1.06627
1233000 1 299.973 -107.375 -22104.1 3355.79 -18748.3 53632 1.06371
1234000 1 300.708 -23.1401 -22143.9 3364.02 -18779.9 53639.7 1.06355
1235000 1 300.693 53.7158 -22148.2 3363.84 -18784.4 53610.4 1.06414
1236000 1 299.766 -182.39 -22156.5 3353.47 -18803 53587.2 1.06459
1237000 1 300.01 -244.535 -22161.1 3356.21 -18804.9 53684.1 1.06266
1238000 1 301.119 44.8877 -22155.3 3368.61 -18786.7 53322.5 1.06987
1239000 1 299.603 -36.3597 -22133 3351.66 -18781.3 53601.9 1.06429
1240000 1 299.716 99.326 -22124.5 3352.92 -18771.6 53638.8 1.06356
1241000 1 301.455 153.547 -22158.1 3372.38 -18785.7 53667.9 1.06298
1242000 1 300.247 68.9168 -22172.5 3358.86 -18813.7 53592.9 1.06447
1243000 1 300.994 -79.1569 -22178 3367.22 -18810.8 53499.5 1.06633
1244000 1 301.153 -10.0084 -22179.3 3368.99 -18810.3 53631.6 1.0637
1245000 1 299.967 52.2835 -22161.7 3355.72 -18806 53434.6 1.06762
1246000 1 298.232 -121.076 -22120.9 3336.31 -18784.6 53356.3 1.0692
1247000 1 300.536 -86.2636 -22130.5 3362.09 -18768.5 53223.5 1.07186
1248000 1 301.071 9.333 -22181.3 3368.07 -18813.3 53255.4 1.07122
1249000 1 302.09 106.986 -22167.2 3379.47 -18787.7 53145.6 1.07346
1250000 1 300.52 26.179 -22200.9 3361.91 -18839 53342.3 1.06947
1251000 1 302.252 -20.8506 -22197.4 3381.29 -18816.1 53326 1.06981
1252000 1 298.975 -148.656 -22216.1 3344.62 -18871.4 53508.8 1.06614
1253000 1 298.417 86.4287 -22296.6 3338.38 -18958.3 53496.3 1.06639
1254000 1 300.738 37.8165 -22197 3364.35 -18832.7 53524.7 1.06583
1255000 1 300.519 -14.425 -22166.8 3361.9 -18804.9 53246 1.07141
1256000 1 298.55 220.177 -22193.8 3339.87 -18853.9 53403 1.06827
1257000 1 298.464 -57.5615 -22198.2 3338.91 -18859.3 53365.2 1.06902
1258000 1 300.688 50.8028 -22063.4 3363.79 -18699.6 53403.2 1.06827
1259000 1 300.137 21.1463 -22149.7 3357.62 -18792.1 53240.1 1.07152
1260000 1 297.839 40.661 -22142.3 3331.92 -18810.4 53262.6 1.07107
1261000 1 300.441 -179.22 -22118.9 3361.03 -18757.9 53484.5 1.06663
1262000 1 299.135 120.786 -22167.2 3346.42 -18820.7 53359.4 1.06913
1263000 1 300.655 -312.844 -22117.9 3363.42 -18754.4 53572.4 1.06488
1264000 1 300.434 -227.25 -22065.6 3360.95 -18704.7 53777.9 1.06082
1265000 1 298.349 86.3331 -22102.7 3337.63 -18765 53874.3 1.05893
1266000 1 299.176 -20.0667 -22119 3346.88 -18772.1 53619.7 1.06396
1267000 1 297.589 97.168 -22148.5 3329.12 -18819.4 53421.9 1.06788
1268000 1 300.799 -133.071 -22113.5 3365.04 -18748.5 53527.1 1.06579
1269000 1 299.631 145.529 -22139.4 3351.97 -18787.4 53274.5 1.07085
1270000 1 298.659 -262.071 -22176.3 3341.09 -18835.2 53411.7 1.0681
1271000 1 298.275 180.248 -22179.9 3336.8 -18843.1 53414.7 1.06804
1272000 1 299.81 -14.4617 -22147.9 3353.96 -18793.9 53355.3 1.06921
1273000 1 299.567 -71.8629 -22173.9 3351.25 -18822.7 53264.2 1.07105
1274000 1 300.299 -75.2748 -22202.1 3359.44 -18842.6 53296.5 1.07038
1275000 1 299.178 -245.534 -22098.5 3346.89 -18751.6 53386.7 1.06859
1276000 1 299.611 -40.3459 -22104.5 3351.75 -18752.7 53444.4 1.06743
1277000 1 298.984 69.5213 -22162.6 3344.72 -18817.8 53191.6 1.0725
1278000 1 300.719 -1.92924 -22211.2 3364.13 -18847 53402.2 1.06827
1279000 1 299.597 38.4246 -22161.6 3351.59 -18810 53672.7 1.06289
1280000 1 299.457 88.5707 -22093.6 3350.02 -18743.6 53578.1 1.06476
1281000 1 300.428 191.608 -22149.1 3360.88 -18788.2 53771.3 1.06099
1282000 1 300.523 101.414 -22146.6 3361.95 -18784.7 53689.1 1.06256
1283000 1 302.1 269.278 -22149.6 3379.59 -18770 53993.1 1.05658
1284000 1 302.189 74.3645 -22116.4 3380.58 -18735.9 53374.8 1.06884
1285000 1 300.058 -63.4689 -22143.9 3356.74 -18787.2 53406.1 1.0682
1286000 1 300.021 37.7067 -22086.7 3356.33 -18730.4 53883.1 1.05879
1287000 1 299.862 158.801 -22168 3354.55 -18813.4 53669.2 1.06298
1288000 1 299.292 136.198 -22162.8 3348.17 -18814.7 53500.2 1.06634
1289000 1 299.609 38.7067 -22163.3 3351.72 -18811.5 53634.3 1.06366
1290000 1 300.966 290.346 -22202.2 3366.9 -18835.3 53337.3 1.06958
1291000 1 301.03 -103.925 -22120.1 3367.62 -18752.5 53263 1.07107
1292000 1 300.742 -75.1272 -22148.8 3364.39 -18784.4 53010.9 1.07619
1293000 1 299.708 128.289 -22156.3 3352.83 -18803.4 53356.6 1.06919
1294000 1 299.213 146.531 -22082.8 3347.29 -18735.5 53416.6 1.068
1295000 1 299.742 -118.217 -22105.1 3353.2 -18751.9 53330.4 1.06972
1296000 1 301.191 -53.9934 -22114.6 3369.42 -18745.2 53044.2 1.07548
1297000 1 300.532 -0.565155 -22059.2 3362.05 -18697.1 53348.7 1.06937
1298000 1 300.655 176.649 -22135.1 3363.42 -18771.6 53227.3 1.07177
1299000 1 300.437 -50.6139 -22157.9 3360.98 -18797 53489.9 1.06652
1300000 1 297.835 95.8027 -22151.3 3331.87 -18819.4 53524.9 1.06582
1301000 1 300.232 -357.543 -22178.7 3358.69 -18820.1 53135.4 1.07364
1302000 1 298.345 -11.0587 -22156.4 3337.58 -18818.8 52934.3 1.0777
1303000 1 300.863 40.3563 -22200.5 3365.74 -18834.7 53160.3 1.07313
1304000 1 299.726 -75.6921 -22212.4 3353.03 -18859.4 53314 1.07003
1305000 1 299.462 10.5472 -22153.9 3350.07 -18803.8 53543.2 1.06546
1306000 1 300.12 169.356 -22174.6 3357.44 -18817.2 53588.7 1.06456
1307000 1 298.684 -102.794 -22177.1 3341.38 -18835.7 53497.4 1.06639
1308000 1 301.105 -146.123 -22125.6 3368.45 -18757.1 53127.6 1.07379
1309000 1 300.25 -274.006 -22119.5 3358.89 -18760.6 53153 1.07333
1310000 1 301.745 111.443 -22205.1 3375.61 -18829.4 53293.7 1.07045
1311000 1 301.816 -192.245 -22183.4 3376.41 -18807 53547.5 1.06537
1312000 1 299.606 231.821 -22171.9 3351.68 -18820.3 53363.9 1.06905
1313000 1 300.912 -64.0965 -22202.2 3366.3 -18835.9 53508.9 1.06616
1314000 1 300.683 16.5065 -22152.5 3363.73 -18788.8 53550.3 1.06532
1315000 1 298.743 100.005 -22144.6 3342.03 -18802.6 53194.2 1.07246
1316000 1 299.175 35.6308 -22159.8 3346.86 -18813 53309.7 1.07012
1317000 1 299.484 -74.452 -22192.5 3350.32 -18842.2 53313.2 1.07006
1318000 1 301.371 52.2095 -22122.1 3371.43 -18750.7 53337.5 1.06958
1319000 1 300.499 -41.1975 -22190.1 3361.68 -18828.4 53621.1 1.06391
1320000 1 301.145 -33.0924 -22191.6 3368.9 -18822.7 53402.5 1.06826
1321000 1 298.662 148.132 -22093.9 3341.13 -18752.7 53590.8 1.06451
1322000 1 301.121 -159.413 -22150.2 3368.63 -18781.6 53095.3 1.07448
1323000 1 301.534 -22.1428 -22133.7 3373.26 -18760.5 53277.5 1.07079
1324000 1 301.207 -7.06667 -22148.9 3369.59 -18779.3 53612.2 1.06412
1325000 1 301.399 -35.1355 -22127.5 3371.74 -18755.8 53473.1 1.0669
1326000 1 299.582 -244.108 -22172.1 3351.42 -18820.7 53514.8 1.06605
1327000 1 301.618 81.104 -22130.1 3374.19 -18755.9 53522.1 1.06587
1328000 1 302.408 405.364 -22176.5 3383.03 -18793.4 53291.3 1.0705
1329000 1 299.742 185.195 -22178.1 3353.2 -18824.9 53459.3 1.06718
1330000 1 301.957 105.754 -22213.4 3377.98 -18835.4 53316.7 1.06999
1331000 1 299.227 4.24359 -22156.7 3347.44 -18809.3 53557.5 1.06518
1332000 1 301.609 -260.203 -22262.5 3374.1 -18888.4 53591.3 1.0645
1333000 1 299.506 89.2766 -22278.7 3350.57 -18928.1 53200.4 1.07232
1334000 1 298.411 180.749 -22116.6 3338.31 -18778.3 53482.7 1.06669
1335000 1 298.776 -78.7874 -22154.9 3342.4 -18812.5 53492.2 1.06648
1336000 1 299.21 54.3287 -22207.3 3347.26 -18860.1 53593.9 1.06447
1337000 1 300.294 153.776 -22136.1 3359.38 -18776.7 53354.3 1.06926
1338000 1 302.462 -193.281 -22182.9 3383.63 -18799.3 53457.7 1.06717
1339000 1 298.937 -107.238 -22158.6 3344.2 -18814.4 53442.7 1.06746
1340000 1 299.886 -21.9835 -22141.9 3354.82 -18787.1 53502.8 1.06627
1341000 1 300.37 269.893 -22082.5 3360.24 -18722.3 53248.7 1.07135
1342000 1 299.169 105.811 -22134.4 3346.8 -18787.6 53292.9 1.07046
1343000 1 300.187 -130.245 -22130.3 3358.19 -18772.1 53495.8 1.06642
1344000 1 300.922 -78.5447 -22140.9 3366.41 -18774.5 53548.4 1.06536
1345000 1 299.67 -72.482 -22144 3352.4 -18791.6 53542 1.06549
1346000 1 299.511 -42.4181 -22216.7 3350.63 -18866 53437.3 1.0676
1347000 1 301.147 66.4646 -22138.9 3368.93 -18769.9 53269.1 1.07094
1348000 1 300.731 50.9731 -22127.9 3364.27 -18763.6 53475.7 1.06682
1349000 1 301.046 -171.594 -22153.5 3367.8 -18785.7 53537.4 1.06559
1350000 1 300.054 -34.3572 -22183.1 3356.7 -18826.4 53410.7 1.06811
1351000 1 299.208 69.6382 -22143 3347.23 -18795.8 53665.5 1.06303
1352000 1 299.532 -3.52485 -22217 3350.86 -18866.2 53441.5 1.06748
1353000 1 300.721 168.001 -22210.8 3364.16 -18846.7 53701.2 1.06232
1354000 1 298.767 -142.245 -22179.6 3342.3 -18837.3 53595.4 1.06444
1355000 1 299.061 38.4455 -22145.1 3345.59 -18799.5 53292.9 1.07047
1356000 1 299.595 -32.6701 -22147.2 3351.57 -18795.7 53370.3 1.0689
1357000 1 301.165 146.461 -22161.7 3369.12 -18792.5 53483.3 1.06665
1358000 1 298.511 -3.58627 -22154.3 3339.44 -18814.9 53466 1.06699
1359000 1 297.22 -8.7772 -22115 3324.99 -18790 53643.2 1.06348
1360000 1 298.427 -80.0905 -22167 3338.5 -18828.5 53310.3 1.07012
1361000 1 298.89 23.6902 -22149.5 3343.68 -18805.9 53490 1.06652
1362000 1 299.358 -110.791 -22150.9 3348.92 -18802 53661.8 1.0631
1363000 1 297.276 -207.216 -22157.6 3325.62 -18831.9 53496.2 1.0664
1364000 1 299.353 -162.059 -22178.4 3348.86 -18829.5 53306 1.07021
1365000 1 297.958 -122.394 -22115.7 3333.25 -18782.4 53555.3 1.06526
1366000 1 300.952 78.7591 -22152.7 3366.74 -18786 53293 1.07046
1367000 1 301.275 23.6439 -22112.2 3370.35 -18741.8 53468.7 1.06695
1368000 1 299.699 -94.3609 -22093.4 3352.73 -18740.6 53266.6 1.07101
1369000 1 300.892 -111.17 -22186.7 3366.07 -18820.7 53239.3 1.07154
1370000 1 300.8 87.3217 -22112.2 3365.04 -18747.1 53684.7 1.06267
1371000 1 299.844 149.306 -22175.7 3354.34 -18821.3 53655.1 1.06325
1372000 1 299.842 50.6974 -22204.2 3354.32 -18849.9 53615.9 1.06403
1373000 1 299.08 58.0368 -22175 3345.8 -18829.2 53534.1 1.06563
1374000 1 299.257 -34.4313 -22133.9 3347.79 -18786.1 53286.5 1.07059
1375000 1 301.699 212.767 -22128.4 3375.1 -18753.3 53131.2 1.07374
1376000 1 300.397 -24.1242 -22100.2 3360.53 -18739.6 53207 1.0722
1377000 1 299.607 -89.1415 -22123.4 3351.69 -18771.7 53115.5 1.07403
1378000 1 301.089 -0.559404 -22171.8 3368.28 -18803.5 53167.1 1.073
1379000 1 299.929 327.587 -22205.5 3355.3 -18850.3 53087.9 1.07461
1380000 1 300.686 -72.1679 -22170.1 3363.77 -18806.3 52972.1 1.07695
1381000 1 300.567 42.594 -22181.2 3362.44 -18818.8 53216 1.072
1382000 1 298.817 -24.4837 -22153.8 3342.86 -18810.9 53425.9 1.0678
1383000 1 300.017 -97.2455 -22197.4 3356.28 -18841.1 53401.7 1.06829
1384000 1 302.014 148.068 -22140.8 3378.62 -18762.2 53391.6 1.06849
1385000 1 300.05 235.177 -22064.2 3356.66 -18707.6 53457.9 1.06717
1386000 1 297.547 14.2523 -22088.2 3328.65 -18759.5 53444 1.06745
1387000 1 301.968 96.4794 -22115.8 3378.11 -18737.7 53178.5 1.07276
1388000 1 298.159 45.6506 -22145.6 3335.5 -18810.1 53268.7 1.07095
1389000 1 299.604 -17.5407 -22163.7 3351.66 -18812 53436.6 1.06758
1390000 1 299.349 -223.535 -22170.1 3348.82 -18821.3 53461 1.06711
1391000 1 300.419 -133.633 -22104.4 3360.78 -18743.6 53334.8 1.06962
1392000 1 299.944 -40.56 -22107.5 3355.47 -18752 53516.1 1.06599
1393000 1 301.127 -90.1595 -22163.8 3368.7 -18795.1 53612.4 1.06409
1394000 1 301.303 -237.541 -22201.5 3370.67 -18830.8 53543.6 1.06549
1395000 1 300.677 -86.443 -22197.2 3363.67 -18833.6 53601.5 1.06431
1396000 1 299.659 -127.507 -22128.8 3352.28 -18776.5 53898.3 1.05846
1397000 1 299.044 -98.1594 -22145 3345.4 -18799.6 53784.7 1.06072
1398000 1 301.366 -1.41222 -22172.8 3371.37 -18801.5 53605.8 1.06422
1399000 1 301.148 -67.319 -22204.5 3368.93 -18835.5 53585.2 1.06465
1400000 1 300.162 -43.404 -22154.8 3357.91 -18796.9 53673.7 1.06287
1401000 1 301.402 -154.448 -22149 3371.77 -18777.2 53515.5 1.06602
1402000 1 300.168 -124.47 -22126.2 3357.97 -18768.3 53524.4 1.06583
1403000 1 301.592 -200.209 -22101.2 3373.9 -18727.3 53773.4 1.0609
1404000 1 299.833 37.2853 -22118.2 3354.23 -18764 53770.3 1.06098
1405000 1 301.032 18.3573 -22160.9 3367.64 -18793.3 53595.6 1.06442
1406000 1 300.747 -5.37846 -22109.2 3364.45 -18744.7 53460.5 1.06711
1407000 1 299.496 25.7577 -22134.3 3350.45 -18783.9 53250.7 1.07132
1408000 1 301.219 20.4224 -22160.5 3369.73 -18790.7 53381.7 1.06868
1409000 1 300.508 -224.848 -22139.7 3361.77 -18777.9 53462.5 1.06707
1410000 1 299.294 188.937 -22126.4 3348.19 -18778.2 53649.8 1.06335
1411000 1 300.943 163.421 -22147.9 3366.64 -18781.3 53313.9 1.07005
1412000 1 299.777 13.4464 -22175.3 3353.6 -18821.7 53423.2 1.06785
1413000 1 299.162 195.483 -22089.6 3346.72 -18742.9 53531 1.06571
1414000 1 300.726 -58.6985 -22144.8 3364.22 -18780.6 53279.8 1.07072
1415000 1 299.275 277.792 -22168.5 3347.98 -18820.5 53601.7 1.06431
1416000 1 300.696 -9.45534 -22140.5 3363.88 -18776.7 53984.3 1.05676
1417000 1 299.572 146.684 -22149.5 3351.31 -18798.2 53342.9 1.06948
1418000 1 301.629 8.08547 -22148.8 3374.32 -18774.5 53696.3 1.06245
1419000 1 302.097 -23.0991 -22190.6 3379.55 -18811 53438.1 1.06755
1420000 1 299.322 63.862 -22185 3348.51 -18836.5 53335.3 1.06962
1421000 1 299.569 -4.878 -22162.1 3351.27 -18810.8 53840.7 1.05957
1422000 1 299.712 8.92363 -22115.2 3352.87 -18762.3 53811.5 1.06015
1423000 1 297.897 130.9 -22180.7 3332.57 -18848.1 53707.5 1.0622
1424000 1 301.632 35.0795 -22135.5 3374.35 -18761.2 53655.8 1.06324
1425000 1 299.077 77.7437 -22236 3345.77 -18890.3 53173.8 1.07286
1426000 1 300.245 -67.7069 -22174.1 3358.83 -18815.3 53345.4 1.06943
1427000 1 299.116 183.409 -22177.2 3346.2 -18831 53406.5 1.0682
1428000 1 302.113 -67.4408 -22131.1 3379.73 -18751.4 53502.9 1.06627
1429000 1 297.978 184.777 -22033.3 3333.47 -18699.9 53275.3 1.07088
1430000 1 302.368 -8.88843 -22080.1 3382.59 -18697.5 53106.3 1.07424
1431000 1 298.155 -102.958 -22138.9 3335.45 -18803.5 53150.6 1.07335
1432000 1 298.579 -18.654 -22191.3 3340.2 -18851.1 53426.7 1.06778
1433000 1 300.69 -62.4404 -22106.2 3363.81 -18742.4 53256.7 1.07121
1434000 1 300.802 207.215 -22162.8 3365.07 -18797.7 53326.8 1.06978
1435000 1 301.56 -181.1 -22166.3 3373.54 -18792.8 53528.1 1.06577
1436000 1 300.308 -6.19341 -22176.1 3359.54 -18816.6 53879.5 1.05884
1437000 1 298.279 152.431 -22194 3336.85 -18857.1 53482.9 1.06665
1438000 1 300.48 112.71 -22205.8 3361.47 -18844.3 53189.3 1.07258
1439000 1 298.89 53.7049 -22193.6 3343.67 -18850 52984.4 1.07671
1440000 1 299.395 177.441 -22156.5 3349.33 -18807.2 53434 1.06765
1441000 1 298.955 -17.3077 -22213.6 3344.41 -18869.2 53681.3 1.06273
1442000 1 300.61 63.1747 -22268.6 3362.91 -18905.7 53569.4 1.06493
1443000 1 297.35 51.7332 -22242 3326.45 -18915.5 53536.4 1.06559
1444000 1 299.842 -3.68114 -22228.7 3354.33 -18874.4 53554.6 1.06524
1445000 1 299.38 79.0501 -22202.3 3349.16 -18853.1 53549.7 1.06534
1446000 1 300.145 124.584 -22136.4 3357.72 -18778.7 53518.9 1.06595
1447000 1 299.71 -45.0833 -22203 3352.85 -18850.1 53216.2 1.07201
1448000 1 299.338 191.738 -22182.5 3348.68 -18833.8 53341.8 1.06948
1449000 1 299.875 -15.786 -22110.8 3354.69 -18756.1 53727.3 1.06182
1450000 1 300.61 261.563 -22187.2 3362.91 -18824.3 53714.2 1.06208
1451000 1 297.89 160.521 -22169.7 3332.49 -18837.2 53675.4 1.06283
1452000 1 299.765 -67.7979 -22183.7 3353.46 -18830.2 53603.2 1.06428
1453000 1 299.453 104.848 -22163.2 3349.98 -18813.3 53438.9 1.06754
1454000 1 300.175 -295.936 -22217.5 3358.05 -18859.4 53336.1 1.0696
1455000 1 298.972 -130.992 -22166.4 3344.59 -18821.8 53240.6 1.07153
1456000 1 300.572 -121.348 -22153 3362.5 -18790.5 53716.2 1.06202
1457000 1 299.121 7.71637 -22169.2 3346.26 -18822.9 53386.6 1.06859
1458000 1 299.225 154.263 -22184.6 3347.42 -18837.2 53427.3 1.06779
1459000 1 301.42 -113.711 -22204 3371.98 -18832 53580 1.06474
1460000 1 299.872 -15.4521 -22192.4 3354.66 -18837.8 53456.2 1.06721
1461000 1 300.805 37.4755 -22156 3365.1 -18790.9 53885.8 1.05868
1462000 1 298.782 -163.272 -22129.2 3342.47 -18786.7 54028.6 1.05588
1463000 1 299.277 96.3748 -22170.1 3348.01 -18822.1 53722.2 1.06192
1464000 1 299.327 7.77163 -22168.4 3348.57 -18819.8 53400.9 1.06829
1465000 1 301.59 265.437 -22150 3373.88 -18776.2 53347.3 1.06936
1466000 1 299.592 128.447 -22205.8 3351.53 -18854.3 53153.5 1.07327
1467000 1 299.873 85.7386 -22154.6 3354.67 -18800 53368 1.06898
1468000 1 298.832 -66.5583 -22166.3 3343.03 -18823.3 53660.5 1.06313
1469000 1 301.438 -12.6073 -22093.2 3372.19 -18721.1 53294 1.07044
1470000 1 299.959 -222.507 -22146.6 3355.63 -18790.9 53241.6 1.07153
1471000 1 300.229 -142.185 -22204.6 3358.65 -18845.9 53197.8 1.07238
1472000 1 297.982 -76.0291 -22206.5 3333.52 -18873 53431.9 1.06767
1473000 1 300.983 154.92 -22175 3367.1 -18807.9 53465 1.06702
1474000 1 301.922 82.4602 -22162.2 3377.59 -18784.6 53542.6 1.0655
1475000 1 299.842 -113.328 -22199 3354.33 -18844.7 53443.5 1.06745
1476000 1 301.232 -11.9661 -22203.7 3369.88 -18833.8 53485.7 1.0666
1477000 1 299.855 27.5014 -22182.8 3354.48 -18828.3 53450.3 1.06733
1478000 1 301.474 -36.478 -22169 3372.59 -18796.4 53217.5 1.07199
1479000 1 300.686 112.271 -22201.3 3363.77 -18837.6 53281.5 1.07069
1480000 1 300.787 196.114 -22135.2 3364.9 -18770.3 53114.1 1.07408
1481000 1 301.022 55.0579 -22111.9 3367.52 -18744.3 53349.6 1.06934
1482000 1 300.555 398.768 -22153.6 3362.3 -18791.3 53096.5 1.07444
1483000 1 298.535 -33.6197 -22132.8 3339.71 -18793.1 53471.1 1.06691
1484000 1 301.01 -169.095 -22217.2 3367.39 -18849.9 53552.6 1.06528
1485000 1 298.124 273.047 -22136.5 3335.11 -18801.4 53243.5 1.07145
1486000 1 302.878 -14.3723 -22160.2 3388.29 -18771.9 53314.1 1.07005
1487000 1 300.629 -11.5982 -22091.1 3363.13 -18727.9 53540.8 1.06552
1488000 1 299.458 -92.6559 -22151 3350.03 -18801 53525.9 1.0658
1489000 1 301.73 -107.847 -22165.8 3375.45 -18790.4 53552.6 1.06528
1490000 1 297.373 155.468 -22138.3 3326.71 -18811.6 53633 1.06367
1491000 1 299.903 52.8559 -22147.7 3355.01 -18792.7 53271.8 1.0709
1492000 1 299.266 -96.139 -22096.1 3347.89 -18748.2 53232.1 1.07168
1493000 1 298.763 -120.53 -22133.4 3342.25 -18791.1 53249.6 1.07134
1494000 1 300.656 68.7844 -22152.1 3363.43 -18788.6 53571.8 1.06489
1495000 1 300.501 262.051 -22162.3 3361.69 -18800.6 53167.3 1.07299
1496000 1 299.444 91.2309 -22190.3 3349.88 -18840.5 53442.2 1.06749
1497000 1 300.36 74.2515 -22075.7 3360.12 -18715.6 53491.5 1.0665
1498000 1 300.537 143.133 -22160.8 3362.1 -18798.7 53231.7 1.07171
1499000 1 300.392 100.761 -22252.9 3360.48 -18892.4 53343.4 1.06946
1500000 1 298.926 126.474 -22178.5 3344.08 -18834.4 53624.9 1.06384
1501000 1 299.425 -39.2508 -22168.5 3349.66 -18818.8 53739.4 1.0616
1502000 1 300.981 -59.0697 -22169.2 3367.07 -18802.1 53480 1.06671
1503000 1 297.864 171.062 -22206.5 3332.2 -18874.3 53474.9 1.06682
1504000 1 299.015 67.3902 -22234.9 3345.08 -18889.8 53542.3 1.06548
1505000 1 302.775 58.468 -22156.1 3387.14 -18768.9 53646 1.06342
1506000 1 298.85 81.8205 -22211.6 3343.23 -18868.3 53615.6 1.06406
1507000 1 300.672 141.222 -22208.8 3363.61 -18845.2 53383.8 1.06866
1508000 1 301.523 -93.7968 -22227.4 3373.13 -18854.2 53654.3 1.06325
1509000 1 300.246 -7.52032 -22158.4 3358.84 -18799.5 53590.2 1.06454
1510000 1 301.531 185.384 -22201.8 3373.22 -18828.5 53437.7 1.06756
1511000 1 299.96 -51.8059 -22105.2 3355.64 -18749.5 53527.7 1.06576
1512000 1 301.156 -54.3414 -22107.8 3369.03 -18738.8 53583.7 1.06467
1513000 1 299.208 72.6166 -22161.7 3347.23 -18814.4 53680.4 1.06274
1514000 1 298.633 -28.213 -22132.3 3340.8 -18791.5 53688.7 1.06258
1515000 1 299.998 68.798 -22162.3 3356.07 -18806.2 53662.8 1.06311
1516000 1 300.399 88.4528 -22093.9 3360.56 -18733.3 53468.8 1.06695
1517000 1 299.602 -170.001 -22117.1 3351.64 -18765.5 53554.4 1.06525
1518000 1 298.369 -162.451 -22120.6 3337.85 -18782.8 53782.5 1.06072
1519000 1 299.073 -26.4453 -22139.5 3345.72 -18793.7 53984.2 1.05676
1520000 1 299.461 29.2339 -22133 3350.07 -18783 53719 1.06199
1521000 1 300.441 47.8289 -22201.2 3361.02 -18840.2 53449.1 1.06733
1522000 1 301 29.3886 -22205.3 3367.28 -18838 53404.1 1.06826
1523000 1 298.88 9.79116 -22099.6 3343.56 -18756 53177.8 1.07278
1524000 1 302.567 -147.548 -22171.5 3384.81 -18786.7 53246.3 1.07141
1525000 1 299.182 233.119 -22146.5 3346.94 -18799.5 53410.7 1.0681
1526000 1 302.593 -28.0706 -22171.4 3385.1 -18786.3 53202.1 1.07228
1527000 1 301.161 40.0222 -22127.6 3369.08 -18758.5 52774.7 1.08098
1528000 1 300.37 62.3208 -22120.6 3360.23 -18760.4 53337.6 1.06961
1529000 1 300.677 -165.351 -22160.4 3363.67 -18796.7 53094.2 1.07448
1530000 1 300.987 -129.317 -22164.8 3367.14 -18797.7 53321.2 1.06989
1531000 1 300.719 -78.3749 -22171.6 3364.14 -18807.4 53477.7 1.06676
1532000 1 299.358 188.528 -22146.3 3348.91 -18797.4 53358.1 1.06916
1533000 1 298.754 91.6607 -22187.5 3342.15 -18845.4 53502 1.06629
1534000 1 299.46 20.0779 -22161 3350.06 -18811 53235.2 1.07164
1535000 1 300.101 -323.867 -22139.5 3357.22 -18782.3 53327.1 1.06978
1536000 1 299.218 -150.969 -22149.1 3347.35 -18801.8 53527.8 1.0658
1537000 1 297.804 20.2706 -22219.1 3331.52 -18887.6 53202.1 1.07229
1538000 1 298.867 37.2519 -22215.3 3343.42 -18871.9 53306.1 1.07022
1539000 1 301.591 58.4696 -22195.5 3373.9 -18821.6 53177.9 1.07278
1540000 1 299.801 -273.627 -22149.2 3353.87 -18795.3 53381.7 1.06868
1541000 1 299.511 289.768 -22133.3 3350.63 -18782.7 53458.8 1.06716
1542000 1 298.061 22.406 -22121.3 3334.41 -18786.9 53091.3 1.07454
1543000 1 299.118 -12.0559 -22193 3346.23 -18846.8 53368.8 1.06893
1544000 1 299.048 107.841 -22156 3345.45 -18810.5 53154 1.07327
1545000 1 300.15 -86.1414 -22116.3 3357.77 -18758.5 53319.2 1.06993
1546000 1 299.685 -62.4226 -22100.5 3352.57 -18747.9 53366.3 1.069
1547000 1 300.064 -194.155 -22106.3 3356.82 -18749.5 53517.4 1.06598
1548000 1 300.143 -7.92236 -22103.4 3357.69 -18745.8 53276.8 1.07081
1549000 1 300.03 114.357 -22182 3356.42 -18825.5 53112.2 1.07411
1550000 1 301.074 77.5534 -22139.7 3368.11 -18771.6 53227.8 1.07177
1551000 1 300.516 0.561717 -22167.7 3361.86 -18805.8 53563.8 1.06505
1552000 1 301.539 -6.27785 -22191.3 3373.31 -18817.9 53687.3 1.0626
1553000 1 300.176 -96.5986 -22192.9 3358.07 -18834.8 53993.3 1.05658
1554000 1 299.701 178.688 -22100.1 3352.75 -18747.3 53392.8 1.06849
1555000 1 299.613 -75.8766 -22170.2 3351.77 -18818.4 53498 1.06636
1556000 1 298.415 73.2175 -22158.3 3338.36 -18820 53528.8 1.06574
1557000 1 298.231 59.0899 -22174.9 3336.31 -18838.6 53501.6 1.06629
1558000 1 299.893 94.4475 -22158.8 3354.9 -18803.9 53385.5 1.06862
1559000 1 299.055 96.9951 -22109.9 3345.52 -18764.4 53305.3 1.07021
1560000 1 300.437 -332.808 -22094.5 3360.99 -18733.5 53551.1 1.06531
1561000 1 298.174 130.695 -22163.5 3335.66 -18827.9 53229.7 1.07173
1562000 1 300.192 -186.765 -22229.8 3358.24 -18871.5 53242.1 1.07149
1563000 1 300.375 117.2 -22164.1 3360.29 -18803.8 53097.9 1.07441
1564000 1 301.056 55.7943 -22186.7 3367.91 -18818.7 53300.6 1.07033
1565000 1 298.573 -4.76774 -22183.6 3340.13 -18843.4 53221.6 1.07194
1566000 1 300.645 35.4666 -22182 3363.31 -18818.7 53459.3 1.06713
1567000 1 298.739 164.108 -22217.1 3341.99 -18875.1 53383.6 1.06866
1568000 1 299.902 302.631 -22120.4 3354.99 -18765.4 53258.6 1.07115
1569000 1 297.78 95.8093 -22187 3331.26 -18855.7 53662.8 1.06308
1570000 1 301.115 -91.305 -22155.5 3368.57 -18786.9 53721.4 1.06193
1571000 1 298.493 -81.7948 -22223.3 3339.24 -18884 53480.1 1.06672
1572000 1 301.472 -129.863 -22155.3 3372.56 -18782.7 53372.3 1.06887
1573000 1 301.193 -131.719 -22189 3369.44 -18819.5 53148.5 1.07336
1574000 1 300.124 182.859 -22106.2 3357.48 -18748.7 53476 1.0668
1575000 1 300.64 163.968 -22189.9 3363.25 -18826.6 53557.3 1.0652
1576000 1 299.1 67.0171 -22165.3 3346.02 -18819.2 53186.6 1.07261
1577000 1 299.607 -1.24804 -22167.9 3351.7 -18816.2 53234.2 1.07164
1578000 1 299.448 12.9893 -22151.6 3349.92 -18801.7 53286.1 1.07059
1579000 1 298.875 229.391 -22090.3 3343.51 -18746.8 53189.6 1.07254
1580000 1 300.011 -158.667 -22130.9 3356.21 -18774.6 53341.3 1.06949
1581000 1 301.09 -34.0136 -22141.5 3368.29 -18773.2 53366 1.06903
1582000 1 298.512 141.061 -22185.8 3339.45 -18846.4 53588.4 1.06457
1583000 1 301.18 29.9561 -22154.3 3369.29 -18785 53529.7 1.06573
1584000 1 298.043 -97.1359 -22099.9 3334.2 -18765.7 53657.4 1.06319
1585000 1 300.922 -192.169 -22196.6 3366.41 -18830.2 53655 1.06324
1586000 1 298.695 -45.2259 -22141.6 3341.5 -18800.1 53515.9 1.066
1587000 1 302.804 6.76106 -22180.7 3387.46 -18793.2 53545.8 1.0654
1588000 1 298.757 19.0672 -22123 3342.19 -18780.8 53444.3 1.06745
1589000 1 299.137 -254.803 -22105 3346.43 -18758.6 53475.7 1.0668
1590000 1 298.555 181.542 -22190.3 3339.93 -18850.4 53335.9 1.0696
1591000 1 300.876 -21.3924 -22193.3 3365.89 -18827.4 53437.1 1.06759
1592000 1 300.845 -88.9047 -22155.1 3365.55 -18789.6 53854.3 1.0593
1593000 1 300.621 34.3967 -22173.2 3363.04 -18810.2 53811.7 1.06014
1594000 1 299.709 135.341 -22165 3352.84 -18812.2 53729.8 1.06176
1595000 1 298.016 162.819 -22185.7 3333.89 -18851.8 53687.9 1.06259
1596000 1 301.189 -172.963 -22120.4 3369.4 -18751 53645.2 1.06345
1597000 1 299.745 20.576 -22191.9 3353.25 -18838.6 53303.5 1.07027
1598000 1 299.923 -74.1752 -22185.7 3355.23 -18830.4 53560.2 1.06511
1599000 1 301.631 16.4547 -22123.6 3374.34 -18749.3 53331.3 1.06969
1600000 1 301.869 49.0262 -22164.6 3377.01 -18787.6 53548.5 1.06536
