# Time-averaged data for fix thermo_avg
# TimeStep v_epsilon_co v_temp v_press v_pe v_ke v_etotal v_vol v_dens
601000 1.1 299.415 295.889 -22441.8 3349.55 -19092.2 53336.4 1.0696
602000 1.1 299.16 -51.8312 -22417.4 3346.7 -19070.7 53075.9 1.07484
603000 1.1 299.835 -74.5662 -22426.6 3354.25 -19072.4 53373.3 1.06885
604000 1.1 300.464 -43.0341 -22437.7 3361.29 -19076.5 53183.8 1.07266
605000 1.1 298.139 -54.6318 -22390.6 3335.28 -19055.3 53251.4 1.07132
606000 1.1 298.127 -266.24 -22427.6 3335.14 -19092.5 53589.9 1.06453
607000 1.1 300.104 -37.274 -22354 3357.25 -18996.7 53484.8 1.06669
608000 1.1 298.741 -97.6983 -22354.7 3342.01 -19012.7 53330.7 1.0697
609000 1.1 301.148 -86.7424 -22396.7 3368.93 -19027.7 53223.2 1.07187
610000 1.1 300.187 44.1996 -22412.7 3358.19 -19054.5 52967 1.07705
611000 1.1 300.956 -350.977 -22427.9 3366.79 -19061.1 53455.3 1.06721
612000 1.1 298.646 186.821 -22394.5 3340.95 -19053.5 53263.8 1.07105
613000 1.1 299.221 -218.279 -22407.1 3347.38 -19059.7 53228 1.07179
614000 1.1 301.008 -0.063138 -22416.2 3367.37 -19048.8 53268.8 1.07094
615000 1.1 298.599 -163.106 -22373.7 3340.42 -19033.3 53272.5 1.07088
616000 1.1 300.127 66.0441 -22414.4 3357.51 -19056.9 53581.5 1.06472
617000 1.1 300.595 152.583 -22413.2 3362.75 -19050.5 53165.6 1.07303
618000 1.1 301.547 -111.313 -22436.7 3373.4 -19063.3 53289.1 1.07056
619000 1.1 301.077 6.14544 -22333.8 3368.14 -18965.7 53464.5 1.06703
620000 1.1 301.698 -76.4743 -22354 3375.09 -18978.9 53127.6 1.07379
621000 1.1 300.283 38.155 -22378.5 3359.26 -19019.2 53421.5 1.06788
622000 1.1 297.129 -38.0054 -22336.7 3323.97 -19012.8 53290.3 1.07051
623000 1.1 299.277 310.152 -22341.9 3348.01 -18993.9 52949.3 1.07742
624000 1.1 300.084 44.6983 -22331.1 3357.03 -18974.1 53199 1.07235
625000 1.1 300.271 -156.332 -22444 3359.13 -19084.9 53095.3 1.07446
626000 1.1 300.291 -32.3112 -22454.6 3359.35 -19095.3 53267.7 1.07097
627000 1.1 299.143 135.904 -22373.4 3346.51 -19026.9 53750 1.06139
628000 1.1 301.059 212.165 -22398.5 3367.94 -19030.5 53262.8 1.07113
629000 1.1 300.773 83.42 -22302.8 3364.74 -18938 52958.6 1.07725
630000 1.1 299.84 -205.616 -22320.1 3354.31 -18965.8 52854.8 1.07934
631000 1.1 301.666 315.007 -22328.9 3374.73 -18954.1 53051.7 1.07533
632000 1.1 299.697 8.33199 -22375.5 3352.71 -19022.8 53098.4 1.0744
633000 1.1 299.753 165.257 -22364.3 3353.33 -19011 53524.9 1.06582
634000 1.1 298.887 -56.4021 -22449.1 3343.64 -19105.5 53563.7 1.06505
635000 1.1 299.347 203.792 -22402.8 3348.79 -19054 53373.2 1.06885
636000 1.1 299.149 217.463 -22385.7 3346.57 -19039.1 53467.8 1.06696
637000 1.1 299.779 -268.056 -22371.8 3353.62 -19018.2 53421.3 1.0679
638000 1.1 299.284 4.13297 -22404.7 3348.08 -19056.6 53332.9 1.06967
639000 1.1 299.224 -3.35692 -22355.1 3347.41 -19007.7 53116.7 1.07402
640000 1.1 300.342 56.1804 -22397.2 3359.92 -19037.3 53440.9 1.06752
641000 1.1 297.651 61.9636 -22445.5 3329.82 -19115.7 53595.8 1.06441
642000 1.1 303.088 -104.72 -22406.8 3390.64 -19016.1 53302 1.07031
643000 1.1 299.857 -167.184 -22420.2 3354.5 -19065.7 53111.8 1.07411
644000 1.1 299.431 9.37422 -22430.7 3349.73 -19081 53276.9 1.07078
645000 1.1 299.379 -45.635 -22395.7 3349.15 -19046.6 53001.1 1.07635
646000 1.1 299.35 61.2062 -22376.7 3348.82 -19027.9 52953 1.07733
647000 1.1 301.477 -58.9831 -22384.3 3372.62 -19011.6 53226.5 1.07181
648000 1.1 301.239 71.6614 -22435.7 3369.95 -19065.7 53470.8 1.0669
649000 1.1 300.29 -314.741 -22417.5 3359.33 -19058.2 53499.9 1.06631
650000 1.1 300.382 123.933 -22416 3360.37 -19055.7 53314.7 1.07002
651000 1.1 300.533 -30.8984 -22386.5 3362.06 -19024.5 52936.2 1.07768
652000 1.1 298.983 -68.7143 -22359.1 3344.72 -19014.3 53044.8 1.07547
653000 1.1 297.999 -199.8 -22370.5 3333.71 -19036.8 53121.2 1.07392
654000 1.1 300.172 24.2677 -22368 3358.02 -19010 53089.7 1.07456
655000 1.1 300.303 -75.7018 -22419.1 3359.49 -19059.6 53279.3 1.07074
656000 1.1 301.012 61.7877 -22408.7 3367.41 -19041.3 53182.6 1.07269
657000 1.1 299.425 -50.7116 -22354.9 3349.66 -19005.3 53167.9 1.07298
658000 1.1 300.988 -26.2035 -22437.7 3367.15 -19070.6 53133.1 1.07369
659000 1.1 300.718 -204.625 -22357.3 3364.13 -18993.2 53163.3 1.07307
660000 1.1 301.397 -184.588 -22392.1 3371.72 -19020.4 52900.5 1.07841
661000 1.1 299.048 110.087 -22412 3345.44 -19066.5 53182.2 1.07274
662000 1.1 300.037 88.1112 -22422.3 3356.5 -19065.8 53258.9 1.07115
663000 1.1 298.893 283.171 -22454.5 3343.71 -19110.8 53156 1.07323
664000 1.1 300.358 -220.78 -22456.2 3360.1 -19096.1 53233.7 1.07165
665000 1.1 297.597 -234.547 -22405.5 3329.21 -19076.3 53344.7 1.06944
666000 1.1 302.085 -22.7051 -22389.4 3379.42 -19009.9 53198.1 1.07239
667000 1.1 301.306 -54.899 -22408.6 3370.71 -19037.9 53249 1.07134
668000 1.1 298.747 -95.0251 -22378.7 3342.07 -19036.6 53096.6 1.07442
669000 1.1 299.818 -33.043 -22399.6 3354.05 -19045.6 52988.9 1.07661
670000 1.1 299.588 138.223 -22365 3351.48 -19013.6 53120 1.07396
671000 1.1 297.971 312.598 -22375.2 3333.39 -19041.8 53280.3 1.07073
672000 1.1 298.186 194.182 -22412.3 3335.8 -19076.5 53121 1.07392
673000 1.1 298.155 -57.1926 -22425.1 3335.45 -19089.7 53338.1 1.06955
674000 1.1 301.448 -23.2966 -22413.8 3372.3 -19041.5 53256 1.07121
675000 1.1 300.224 326.236 -22410.7 3358.6 -19052.1 53214.5 1.07204
676000 1.1 300.612 46.6482 -22367.7 3362.94 -19004.8 53344.8 1.06942
677000 1.1 300.302 246.381 -22426.9 3359.48 -19067.5 53173.3 1.07287
678000 1.1 298.152 39.571 -22423.6 3335.42 -19088.2 53289.6 1.07054
679000 1.1 299.909 -79.5879 -22375.2 3355.08 -19020.1 53486.9 1.06658
680000 1.1 300.152 -107.296 -22384.5 3357.8 -19026.7 53341.2 1.06949
681000 1.1 299.908 -108.294 -22450 3355.07 -19095 53297.2 1.07041
682000 1.1 302.242 203.935 -22418.2 3381.17 -19037 53282.6 1.07068
683000 1.1 299.875 -162.178 -22398.2 3354.7 -19043.5 53132.2 1.07372
684000 1.1 301.233 17.5896 -22451 3369.89 -19081.1 53151.1 1.07333
685000 1.1 300.227 -119.059 -22409.1 3358.63 -19050.5 52972.4 1.07693
686000 1.1 298.478 6.90799 -22409.8 3339.07 -19070.7 53229.7 1.07173
687000 1.1 300.226 -50.7737 -22428.6 3358.63 -19070 53078 1.07481
688000 1.1 300.541 86.5955 -22470 3362.15 -19107.8 53053.7 1.07529
689000 1.1 301.599 297.7 -22371.3 3373.99 -18997.3 53581.9 1.0647
690000 1.1 299.674 142.01 -22357.2 3352.45 -19004.7 53301.3 1.07029
691000 1.1 301.589 38.7364 -22405.6 3373.87 -19031.8 53435.8 1.06763
692000 1.1 299.837 -77.8265 -22380.2 3354.28 -19025.9 53391.2 1.06849
693000 1.1 299.977 -182.377 -22421.3 3355.84 -19065.4 53079.4 1.07481
694000 1.1 299.136 -20.1092 -22385.8 3346.43 -19039.3 52972.7 1.07696
695000 1.1 299.483 78.7743 -22467.4 3350.31 -19117.1 53358.4 1.06915
696000 1.1 300.334 112.625 -22417.2 3359.83 -19057.4 53423.1 1.06785
697000 1.1 300.824 7.03959 -22449.1 3365.31 -19083.8 53171.8 1.07292
698000 1.1 299.614 -208.151 -22400.9 3351.78 -19049.1 53049.2 1.07539
699000 1.1 299.997 -171.166 -22381.9 3356.06 -19025.8 53331.9 1.06969
700000 1.1 299.202 -252.527 -22347.9 3347.16 -19000.8 53243.4 1.07147
701000 1.1 300.42 190.267 -22401.3 3360.8 -19040.5 52884.3 1.07874
702000 1.1 299.08 -233.256 -22317.2 3345.8 -18971.4 53049.7 1.07537
703000 1.1 298.235 178.697 -22289.5 3336.35 -18953.1 53191.6 1.0725
704000 1.1 300.179 272.831 -22363 3358.1 -19004.9 53292 1.07048
705000 1.1 299.976 -239.6 -22443.3 3355.83 -19087.4 53352.5 1.06931
706000 1.1 300.22 94.293 -22415.7 3358.55 -19057.2 53222.9 1.07187
707000 1.1 299.428 -234.827 -22332.1 3349.69 -18982.4 53278.4 1.07075
708000 1.1 297.885 7.9129 -22365 3332.43 -19032.6 53109.9 1.07416
709000 1.1 300.86 -52.9563 -22371.6 3365.71 -19005.9 53382.9 1.06867
710000 1.1 300.724 86.6295 -22409.1 3364.19 -19044.9 53300.9 1.0703
711000 1.1 298.034 39.01 -22413.6 3334.1 -19079.5 53366.9 1.06899
712000 1.1 299.46 125.504 -22386.6 3350.05 -19036.5 53541.2 1.0655
713000 1.1 300.646 -88.4931 -22414.3 3363.33 -19051 53399.5 1.06833
714000 1.1 301.247 -110.88 -22378.3 3370.05 -19008.3 52869.4 1.07904
715000 1.1 298.061 -157.986 -22486.2 3334.4 -19151.8 53184.1 1.07266
716000 1.1 299.366 -39.9123 -22421.3 3349 -19072.3 53430.9 1.0677
717000 1.1 300.515 101.8 -22422.3 3361.85 -19060.4 53620.6 1.06392
718000 1.1 300.837 88.5049 -22432.2 3365.46 -19066.8 53573.8 1.06488
719000 1.1 298.166 78.1062 -22418.6 3335.58 -19083 53314.3 1.07003
720000 1.1 299.48 1.00443 -22525.6 3350.28 -19175.3 53459.2 1.06714
721000 1.1 301.024 -206.371 -22428.5 3367.55 -19061 53337.3 1.06958
722000 1.1 299.344 23.5166 -22409.8 3348.75 -19061.1 53538.4 1.06556
723000 1.1 300.962 -76.0722 -22402.3 3366.85 -19035.4 53490.5 1.06652
724000 1.1 299.68 14.882 -22359.6 3352.51 -19007.1 53455.6 1.06721
725000 1.1 299.632 -76.6953 -22423 3351.98 -19071 53391.7 1.06849
726000 1.1 301.17 -136.125 -22357.8 3369.18 -18988.6 53144.1 1.07349
727000 1.1 300.04 -97.1657 -22344.6 3356.54 -18988.1 53280 1.07072
728000 1.1 298.583 -7.52136 -22367.3 3340.24 -19027 53143.5 1.07347
729000 1.1 297.251 -134.293 -22418.5 3325.34 -19093.1 53169.9 1.07293
730000 1.1 298.894 197.341 -22378 3343.72 -19034.3 53329.2 1.06972
731000 1.1 300.41 -3.68134 -22352.2 3360.68 -18991.5 53103.6 1.07427
732000 1.1 299.696 104.568 -22328 3352.69 -18975.3 53106.5 1.07423
733000 1.1 300.82 0.403975 -22339.3 3365.26 -18974 53504.8 1.06622
734000 1.1 300.882 -23.0782 -22357.6 3365.96 -18991.6 53336.6 1.0696
735000 1.1 298.938 -230.273 -22394 3344.22 -19049.7 53459.6 1.06714
736000 1.1 299.945 -78.0434 -22423.2 3355.48 -19067.7 53381.5 1.06868
737000 1.1 299.791 66.2603 -22395.1 3353.76 -19041.3 53439.7 1.06752
738000 1.1 300.488 -77.5721 -22475.5 3361.55 -19114 53394.8 1.06843
739000 1.1 297.372 115.489 -22423.9 3326.7 -19097.2 53347.7 1.06936
740000 1.1 298.85 100.574 -22414.9 3343.22 -19071.7 53018 1.07602
741000 1.1 299.673 8.83736 -22334.5 3352.43 -18982 53265.8 1.071
742000 1.1 302.497 -67.0722 -22337.5 3384.02 -18953.4 53424.3 1.06782
743000 1.1 299.862 293.098 -22316 3354.55 -18961.5 52962.5 1.07715
744000 1.1 298.906 -60.5321 -22304 3343.86 -18960.1 53101.1 1.07434
745000 1.1 300.347 -79.2181 -22395.4 3359.97 -19035.5 53282.9 1.07069
746000 1.1 298.425 71.5138 -22390.4 3338.47 -19052 53279.3 1.07074
747000 1.1 298.262 184.021 -22489.9 3336.65 -19153.2 53220.6 1.07193
748000 1.1 300.598 -6.6555 -22413.7 3362.79 -19050.9 53043.3 1.0755
749000 1.1 300.659 -139.223 -22387.9 3363.47 -19024.5 53074.2 1.07488
750000 1.1 298.759 259.768 -22353 3342.22 -19010.8 53026.6 1.07585
751000 1.1 299.718 -40.8502 -22401.8 3352.94 -19048.9 53104 1.07429
752000 1.1 300.83 -44.3559 -22402.1 3365.38 -19036.7 53106.4 1.07423
753000 1.1 300.887 7.83586 -22381.8 3366.02 -19015.8 53326.2 1.06979
754000 1.1 301.952 -254.745 -22396.1 3377.93 -19018.2 53151.8 1.0733
755000 1.1 300.913 -22.9175 -22365.1 3366.31 -18998.8 53214.1 1.07207
756000 1.1 301.487 179.501 -22358.2 3372.73 -18985.5 53188.8 1.07256
757000 1.1 300.808 104.915 -22347.6 3365.13 -18982.5 53372.9 1.06887
758000 1.1 301.51 -42.7909 -22374.2 3372.99 -19001.2 53512.7 1.0661
759000 1.1 299.66 214.272 -22388.5 3352.3 -19036.2 53321.6 1.06991
760000 1.1 301.96 -166.682 -22445.3 3378.02 -19067.3 53509.8 1.06613
761000 1.1 300.63 101.123 -22400.5 3363.14 -19037.4 53661.8 1.06311
762000 1.1 300.147 343.479 -22391.3 3357.74 -19033.6 53313.3 1.07007
763000 1.1 300.987 -223.454 -22406.5 3367.13 -19039.3 53312.3 1.07008
764000 1.1 300.752 108.94 -22382 3364.51 -19017.5 53376.2 1.0688
765000 1.1 300.708 136.038 -22395.1 3364.02 -19031.1 53260.9 1.07113
766000 1.1 297.389 -93.8405 -22347.6 3326.88 -19020.7 53408 1.06816
767000 1.1 299.547 228.989 -22316.4 3351.03 -18965.4 53231.8 1.07171
768000 1.1 299.921 107.425 -22446.9 3355.21 -19091.7 53205.1 1.07223
769000 1.1 299.678 -23.0827 -22474.6 3352.49 -19122.1 53420.8 1.06793
770000 1.1 300.903 27.9165 -22440.4 3366.19 -19074.2 53573.1 1.06488
771000 1.1 299.367 -322.069 -22402.6 3349.01 -19053.5 53541.7 1.06549
772000 1.1 298.947 156.553 -22421.7 3344.31 -19077.4 53508.7 1.06614
773000 1.1 299.247 -39.9567 -22454.5 3347.67 -19106.9 53676.8 1.06282
774000 1.1 300.166 -17.7175 -22472.4 3357.95 -19114.4 53719.5 1.06196
775000 1.1 300.47 -19.9016 -22466.8 3361.35 -19105.5 53321.3 1.06991
776000 1.1 300.426 -143.386 -22422.6 3360.86 -19061.8 53073.4 1.07489
777000 1.1 301.257 150.978 -22376 3370.16 -19005.8 53162.2 1.07309
778000 1.1 300.381 -119.002 -22387.8 3360.35 -19027.5 53110.7 1.07413
779000 1.1 301.233 53.5821 -22336.6 3369.89 -18966.7 53106.9 1.07421
780000 1.1 299.191 -220.307 -22381.5 3347.04 -19034.4 53246 1.07142
781000 1.1 301.533 10.6366 -22405.6 3373.24 -19032.4 53300.6 1.07032
782000 1.1 298.632 177.126 -22413.3 3340.79 -19072.6 53313.5 1.07005
783000 1.1 298.726 39.5138 -22410.2 3341.84 -19068.4 53110.4 1.07415
784000 1.1 299.671 -161.45 -22387.4 3352.41 -19035 53183.4 1.07268
785000 1.1 300.327 46.4247 -22393.8 3359.75 -19034 53342.4 1.06947
786000 1.1 301.391 116.94 -22373.2 3371.66 -19001.6 53641.2 1.06353
787000 1.1 298.557 250.925 -22395.1 3339.96 -19055.1 53550.8 1.06531
788000 1.1 298.525 31.3182 -22391.8 3339.6 -19052.2 53360.7 1.0691
789000 1.1 299.459 93.836 -22326.2 3350.05 -18976.1 53035.3 1.07566
790000 1.1 299.965 195.659 -22323.6 3355.7 -18967.9 53130.9 1.07373
791000 1.1 302.191 41.653 -22362.8 3380.61 -18982.2 53013.1 1.07611
792000 1.1 299.197 98.9581 -22411.1 3347.11 -19063.9 53418 1.06796
793000 1.1 298.805 79.0082 -22451.5 3342.73 -19108.8 53504 1.06624
794000 1.1 298.453 314.551 -22413.9 3338.79 -19075.1 53275 1.07082
795000 1.1 298.578 259.695 -22378.5 3340.19 -19038.3 53196.8 1.07241
796000 1.1 299.596 -157.311 -22425.4 3351.58 -19073.8 53162.3 1.07309
797000 1.1 298.51 131.342 -22386.4 3339.42 -19047 52986.9 1.07665
798000 1.1 300.142 -60.756 -22376.5 3357.68 -19018.9 53432.1 1.06767
799000 1.1 301.151 -8.55857 -22383 3368.96 -19014 53744.5 1.06147
800000 1.1 298.648 94.6369 -22358.3 3340.97 -19017.3 53469 1.06695
801000 1.1 299.293 185.817 -22359.9 3348.19 -19011.7 53190.8 1.07256
802000 1.1 298.679 -85.3552 -22374.7 3341.32 -19033.4 53312.4 1.07007
803000 1.1 299.91 -110.127 -22407.7 3355.08 -19052.6 53513.1 1.06605
804000 1.1 298.424 300.875 -22409.4 3338.47 -19071 52931.4 1.07782
805000 1.1 299.774 -272.88 -22358.6 3353.57 -19005 53044.1 1.07549
806000 1.1 300.569 -278.518 -22420 3362.46 -19057.6 53288.9 1.07061
807000 1.1 300.174 -65.7627 -22350.7 3358.04 -18992.6 53151.5 1.07331
808000 1.1 298.774 -204.833 -22423.5 3342.38 -19081.1 53172.5 1.07289
809000 1.1 300.794 -79.3794 -22390.2 3364.97 -19025.2 53490.3 1.06651
810000 1.1 299.523 -144.497 -22314.9 3350.76 -18964.2 53595.5 1.06443
811000 1.1 298.967 35.8819 -22343.5 3344.54 -18999 53124.1 1.07388
812000 1.1 300.77 -10.2791 -22346.4 3364.71 -18981.7 53050.2 1.07536
813000 1.1 300.237 -174.24 -22417.9 3358.75 -19059.2 53104 1.07428
814000 1.1 299.059 113.126 -22378.8 3345.57 -19033.3 53248.5 1.07135
815000 1.1 301.343 -39.0298 -22381.5 3371.11 -19010.4 53258.3 1.07116
816000 1.1 300.98 -167.918 -22419.7 3367.06 -19052.7 53457.5 1.06719
817000 1.1 298.449 -74.0695 -22435.3 3338.74 -19096.6 52973.4 1.07692
818000 1.1 301.148 201.814 -22367.4 3368.94 -18998.5 53207.2 1.07218
819000 1.1 299.756 -74.7157 -22367.6 3353.36 -19014.2 53241.3 1.07151
820000 1.1 298.568 -20.1455 -22391.1 3340.08 -19051 53051.4 1.07533
821000 1.1 298.865 -195.619 -22424.5 3343.4 -19081.1 52954.1 1.07731
822000 1.1 300.471 228.444 -22382.3 3361.36 -19020.9 53229.5 1.07176
823000 1.1 298.335 -80.7378 -22371.1 3337.47 -19033.7 53166.6 1.07302
824000 1.1 298.826 -41.7534 -22288 3342.96 -18945.1 53220.4 1.07192
825000 1.1 298.968 -202.597 -22362.8 3344.55 -19018.2 53260.8 1.07111
826000 1.1 299.159 -59.3896 -22440.1 3346.69 -19093.4 53488.2 1.06657
827000 1.1 299.53 11.8431 -22477.8 3350.84 -19127 53601.2 1.06432
828000 1.1 300.57 103.605 -22377.7 3362.47 -19015.2 53599.3 1.06436
829000 1.1 300.644 -147.607 -22419.2 3363.3 -19055.9 53459 1.06713
830000 1.1 299.34 -59.4154 -22275.5 3348.71 -18926.7 53281.7 1.07068
831000 1.1 299.416 -168.363 -22364.3 3349.57 -19014.8 53021.1 1.07595
832000 1.1 299.391 76.9807 -22326.8 3349.29 -18977.5 53141 1.07352
833000 1.1 299.594 15.7139 -22372.2 3351.55 -19020.6 52928 1.07786
834000 1.1 299.814 126.243 -22371.4 3354.01 -19017.4 53048.6 1.07539
835000 1.1 301.15 -190.133 -22377.4 3368.96 -19008.4 53098.8 1.07439
836000 1.1 301.634 56.014 -22422.1 3374.38 -19047.7 53428 1.06776
837000 1.1 299.917 30.4463 -22402.2 3355.17 -19047.1 53429.5 1.06773
838000 1.1 299.087 12.4309 -22364 3345.88 -19018.1 53481.3 1.06669
839000 1.1 299.296 -198.086 -22357.5 3348.22 -19009.3 53530.2 1.06572
840000 1.1 300.517 -56.4997 -22395.7 3361.88 -19033.8 53753.1 1.0613
841000 1.1 300.201 268.696 -22375.7 3358.34 -19017.4 53492.9 1.06647
842000 1.1 300.861 -51.1195 -22411.9 3365.73 -19046.1 53371.5 1.06889
843000 1.1 301.251 105.602 -22372.7 3370.09 -19002.6 53244.9 1.07144
844000 1.1 298.097 141.861 -22371.6 3334.8 -19036.8 53782.8 1.06076
845000 1.1 298.365 -104.864 -22404.7 3337.81 -19066.9 53849.1 1.05944
846000 1.1 300.877 -327.943 -22423.2 3365.91 -19057.3 53314.2 1.07003
847000 1.1 299.564 -196.458 -22402.2 3351.21 -19051 53760.3 1.06115
848000 1.1 301.201 31.2723 -22427.3 3369.53 -19057.7 53534.5 1.06564
849000 1.1 299.836 8.58006 -22424.7 3354.26 -19070.4 53354.4 1.06923
850000 1.1 299.927 -370.465 -22361.3 3355.28 -19006.1 53323.3 1.06989
851000 1.1 300.786 -85.1757 -22409.6 3364.89 -19044.7 52918.8 1.07804
852000 1.1 299.251 221.271 -22380.7 3347.72 -19032.9 53233.9 1.07171
853000 1.1 300.778 42.6926 -22366.9 3364.8 -19002.1 53437.1 1.06759
854000 1.1 299.201 271.971 -22417.6 3347.15 -19070.4 53377.4 1.06877
855000 1.1 299.706 175.813 -22358 3352.81 -19005.2 53438.2 1.06756
856000 1.1 299.275 -70.5314 -22397.8 3347.99 -19049.8 53325.1 1.06983
857000 1.1 300.728 129.856 -22391.7 3364.24 -19027.5 53059.4 1.07518
858000 1.1 301.209 -78.2279 -22372.6 3369.62 -19003 53139.7 1.07354
859000 1.1 301.404 -153.96 -22435.4 3371.8 -19063.6 53419 1.06795
860000 1.1 298.509 129.482 -22382.6 3339.42 -19043.2 53403.3 1.06827
861000 1.1 302.089 -65.2399 -22388 3379.46 -19008.5 53513.9 1.06604
862000 1.1 300.279 1.30575 -22398.2 3359.22 -19038.9 53440.4 1.06754
863000 1.1 301.569 -44.5842 -22442.4 3373.65 -19068.8 53278.5 1.07077
864000 1.1 299.337 -212.065 -22315.9 3348.68 -18967.2 53415.5 1.068
865000 1.1 300.074 -26.8215 -22386.6 3356.92 -19029.7 53274.2 1.07083
866000 1.1 298.707 100.929 -22393.4 3341.62 -19051.8 52972 1.07695
867000 1.1 301.543 -5.96299 -22400 3373.36 -19026.7 53317.5 1.07001
868000 1.1 300.391 177.857 -22427.2 3360.47 -19066.8 53450 1.06732
869000 1.1 298.33 -98.7624 -22409 3337.42 -19071.6 53259.2 1.07114
870000 1.1 299.863 315.749 -22413.5 3354.56 -19058.9 53366.6 1.06899
871000 1.1 300.631 -107.637 -22381.4 3363.15 -19018.2 53254.5 1.07124
872000 1.1 300.137 -118.501 -22343.1 3357.63 -18985.5 53149.4 1.07336
873000 1.1 298.402 146.203 -22469.1 3338.22 -19130.9 53302.2 1.07027
874000 1.1 300.419 -278.613 -22394.1 3360.78 -19033.3 53745.1 1.06147
875000 1.1 298.444 57.3831 -22402.1 3338.69 -19063.4 53361 1.06911
876000 1.1 300.056 -73.3415 -22405.3 3356.73 -19048.6 53667.3 1.06299
877000 1.1 298.4 93.4469 -22354.9 3338.19 -19016.7 53377.9 1.06875
878000 1.1 298.918 -14.4185 -22385.2 3343.99 -19041.2 53458.9 1.06713
879000 1.1 300.42 -38.3638 -22368.1 3360.79 -19007.3 53264.7 1.07105
880000 1.1 299.904 -157.815 -22381.3 3355.01 -19026.3 53191.9 1.0725
881000 1.1 299.01 172.744 -22443.9 3345.02 -19098.9 53029.6 1.07579
882000 1.1 299.879 -129.039 -22405.2 3354.74 -19050.5 53330.8 1.06979
883000 1.1 300.929 -29.0255 -22408.1 3366.48 -19041.6 53425 1.06781
884000 1.1 300.323 50.2313 -22352.3 3359.7 -18992.6 53354.5 1.06923
885000 1.1 301.744 -111.157 -22368.8 3375.61 -18993.2 53407.7 1.06817
886000 1.1 300.613 39.6011 -22416 3362.95 -19053.1 53268 1.07097
887000 1.1 300.073 -40.296 -22458.1 3356.91 -19101.2 53212.7 1.0721
888000 1.1 300.119 -105.954 -22390.4 3357.43 -19032.9 53510 1.06612
889000 1.1 299.215 24.8396 -22476.3 3347.32 -19128.9 53505.6 1.06621
890000 1.1 300.109 -69.0158 -22446.2 3357.31 -19088.9 53292.2 1.07047
891000 1.1 299.697 19.3384 -22416.9 3352.71 -19064.2 53373 1.06886
892000 1.1 299.972 -83.6578 -22464.3 3355.78 -19108.6 53235.5 1.07162
893000 1.1 297.915 317.358 -22457.8 3332.77 -19125.1 53064.6 1.07506
894000 1.1 300.196 -56.7639 -22352.7 3358.28 -18994.5 53324.9 1.06983
895000 1.1 298.155 53.3191 -22360.9 3335.45 -19025.5 53354.1 1.06925
896000 1.1 300.569 83.4064 -22333.7 3362.46 -18971.2 53104.3 1.07426
897000 1.1 300.528 -115.529 -22376.4 3362 -19014.4 53418.8 1.06793
898000 1.1 300.287 227.726 -22355.8 3359.3 -18996.5 53231.3 1.07171
899000 1.1 298.759 -0.596493 -22418.9 3342.21 -19076.7 53279.1 1.07075
900000 1.1 299.24 23.7092 -22430.8 3347.59 -19083.2 53304.7 1.07023
901000 1.1 298.682 -34.1829 -22400.2 3341.35 -19058.8 53428.5 1.06776
902000 1.1 301.472 -201.105 -22383.1 3372.56 -19010.6 53651.9 1.06331
903000 1.1 299.334 -114.393 -22441.5 3348.64 -19092.9 53491.1 1.06651
904000 1.1 299.246 159.904 -22402.2 3347.66 -19054.6 53108.2 1.07419
905000 1.1 299.734 -74.357 -22408.1 3353.11 -19054.9 53341.4 1.06949
906000 1.1 300.121 94.3554 -22337.9 3357.45 -18980.5 53308.4 1.07015
907000 1.1 299.306 42.3524 -22361.2 3348.34 -19012.8 53221.8 1.07189
908000 1.1 300.743 -156.1 -22382.2 3364.4 -19017.8 53188 1.07258
909000 1.1 297.531 -4.65427 -22334.7 3328.47 -19006.3 53115.2 1.07406
910000 1.1 297.783 59.7868 -22413.6 3331.29 -19082.3 53138.2 1.07358
911000 1.1 301.27 -115.255 -22439.4 3370.3 -19069.1 53410.7 1.06812
912000 1.1 299.664 -14.5783 -22474.6 3352.33 -19122.2 53245.1 1.07142
913000 1.1 298.338 143.194 -22442.5 3337.51 -19105 53174.3 1.07287
914000 1.1 300.976 7.62891 -22433.1 3367.01 -19066.1 53423.4 1.06786
915000 1.1 302.183 -108.868 -22377.2 3380.51 -18996.7 53653.3 1.06328
916000 1.1 300.335 26.4543 -22403.5 3359.84 -19043.7 53430.9 1.0677
917000 1.1 299.429 145.682 -22399 3349.71 -19049.3 53421.5 1.06788
918000 1.1 298.597 106.835 -22372.3 3340.4 -19031.9 53596.4 1.06442
919000 1.1 300.153 194.209 -22346.5 3357.81 -18988.7 53457.1 1.06718
920000 1.1 300.292 -40.3008 -22424.9 3359.36 -19065.6 53210.1 1.07214
921000 1.1 300.542 -57.7425 -22417.7 3362.16 -19055.6 53525.8 1.06582
922000 1.1 301.889 192.268 -22387.6 3377.22 -19010.4 53340.1 1.06951
923000 1.1 298.465 245.67 -22372.1 3338.93 -19033.2 53109 1.07417
924000 1.1 301.968 228.645 -22353.8 3378.12 -18975.7 53469.2 1.06694
925000 1.1 300.466 142.7 -22384.1 3361.31 -19022.8 53143.3 1.07347
926000 1.1 300.595 195.013 -22293.6 3362.75 -18930.8 53278.7 1.07077
927000 1.1 298.563 -116.686 -22331.3 3340.02 -18991.2 53551.6 1.0653
928000 1.1 298.861 105.656 -22338.7 3343.35 -18995.4 53524.9 1.06583
929000 1.1 300.932 46.8092 -22407.7 3366.53 -19041.2 53075.5 1.07485
930000 1.1 298.294 -124.41 -22356.9 3337.01 -19019.8 53156.7 1.07323
931000 1.1 299.832 54.3131 -22394.4 3354.22 -19040.2 53039.2 1.07559
932000 1.1 301.221 80.4001 -22404.6 3369.75 -19034.9 53026.6 1.07583
933000 1.1 301.014 81.1753 -22395.7 3367.43 -19028.3 53159.7 1.07314
934000 1.1 299.937 52.7519 -22327.9 3355.39 -18972.5 53116.6 1.07402
935000 1.1 301.909 62.4427 -22318.3 3377.45 -18940.8 53326.1 1.0698
936000 1.1 299.935 149.865 -22382.9 3355.37 -19027.5 53528.7 1.06577
937000 1.1 300.469 33.016 -22365.6 3361.35 -19004.2 53498.4 1.06635
938000 1.1 299.403 69.7664 -22376.3 3349.41 -19026.9 53576.8 1.06479
939000 1.1 299.153 96.6342 -22396.1 3346.61 -19049.5 53406.6 1.06821
940000 1.1 301.849 -210.439 -22436.2 3376.78 -19059.4 53262.4 1.07109
941000 1.1 299.339 -106.338 -22437.3 3348.7 -19088.6 53293.4 1.07047
942000 1.1 299.27 121.756 -22411.1 3347.93 -19063.2 53520.8 1.06591
943000 1.1 301.206 230.65 -22348.8 3369.58 -18979.2 53075.6 1.07484
944000 1.1 300.382 78.4199 -22340.6 3360.37 -18980.2 53006.9 1.07627
945000 1.1 300.429 -167.394 -22420.8 3360.89 -19059.9 53578.5 1.06478
946000 1.1 298.693 159.5 -22351.9 3341.47 -19010.4 53406 1.0682
947000 1.1 301.392 -16.6311 -22389 3371.67 -19017.4 53243.6 1.07145
948000 1.1 300.211 -31.7984 -22416.5 3358.45 -19058 53584.6 1.06465
949000 1.1 300.42 -205.927 -22424.4 3360.79 -19063.6 53406.8 1.0682
950000 1.1 300.054 -22.5597 -22378.7 3356.69 -19022 53446.1 1.06742
951000 1.1 298.929 18.7399 -22352.3 3344.11 -19008.2 53033.8 1.0757
952000 1.1 299.51 -204.244 -22392.7 3350.61 -19042.1 53259.9 1.07112
953000 1.1 298.546 -98.48 -22370 3339.83 -19030.1 53399.4 1.06833
954000 1.1 299.9 -150.578 -22370.7 3354.98 -19015.8 53278.2 1.07075
955000 1.1 300.618 90.3834 -22356.8 3363.01 -18993.8 53259.5 1.07113
956000 1.1 299.375 101.703 -22360.2 3349.1 -19011.1 53375.6 1.06882
957000 1.1 299.936 -95.0409 -22395.2 3355.38 -19039.8 53247.9 1.07137
958000 1.1 299.65 -136.213 -22404.5 3352.18 -19052.3 53182.6 1.07268
959000 1.1 297.591 -15.1262 -22428 3329.14 -19098.9 53111.4 1.07412
960000 1.1 299.359 -171.744 -22411 3348.92 -19062 53173.6 1.07288
961000 1.1 299.929 -276.354 -22370.8 3355.3 -19015.5 53249.5 1.07136
962000 1.1 298.273 30.708 -22379.8 3336.78 -19043 53331.7 1.06971
963000 1.1 299.407 -135.152 -22351.5 3349.46 -19002 53842 1.05955
964000 1.1 298.021 15.576 -22397.6 3333.95 -19063.7 53334.9 1.06964
965000 1.1 298.501 -145.577 -22374.4 3339.33 -19035 53390.1 1.06853
966000 1.1 299.641 -330.848 -22382.3 3352.08 -19030.2 53272.1 1.0709
967000 1.1 299.609 -173.05 -22395.1 3351.72 -19043.3 53250.3 1.07132
968000 1.1 298.499 38.6511 -22388.1 3339.3 -19048.8 53276.9 1.0708
969000 1.1 299.044 -26.6738 -22442.1 3345.4 -19096.7 53320.3 1.06991
970000 1.1 300.974 -104.224 -22364.5 3366.99 -18997.6 53176.1 1.07281
971000 1.1 299.656 -102.241 -22403.5 3352.25 -19051.2 53381.9 1.06868
972000 1.1 301.351 -322.815 -22371.2 3371.21 -19000 53266.7 1.071
973000 1.1 300.121 156.908 -22376.5 3357.45 -19019.1 52980 1.07679
974000 1.1 300.501 -139.075 -22406.1 3361.7 -19044.4 53032.4 1.07573
975000 1.1 300.951 99.1042 -22310.2 3366.74 -18943.5 53307.2 1.07018
976000 1.1 300.3 8.36859 -22330.9 3359.45 -18971.5 53403.2 1.06826
977000 1.1 302.045 -225.409 -22304.4 3378.98 -18925.4 53489.9 1.06653
978000 1.1 300.043 -108.364 -22323.6 3356.57 -18967.1 53389.5 1.06852
979000 1.1 300.239 168.031 -22388.8 3358.77 -19030.1 53481.4 1.06669
980000 1.1 298.449 11.7509 -22317.9 3338.74 -18979.1 53659.4 1.06316
981000 1.1 298.719 69.4267 -22363.1 3341.76 -19021.3 53520.3 1.06592
982000 1.1 299.957 -17.1997 -22374.7 3355.61 -19019.1 53551.6 1.06529
983000 1.1 300.658 -215.763 -22417 3363.45 -19053.6 53489.7 1.06654
984000 1.1 300.549 63.4272 -22309.1 3362.23 -18946.8 53596.9 1.06438
985000 1.1 299.073 -94.6026 -22356.6 3345.73 -19010.8 53406.6 1.06818
986000 1.1 300.267 79.2571 -22403.1 3359.08 -19044.1 53348.7 1.06934
987000 1.1 302.34 -164.961 -22387.7 3382.28 -19005.5 53498.9 1.06633
988000 1.1 300.265 -86.551 -22402.2 3359.06 -19043.2 53605.5 1.06423
989000 1.1 301.41 -218.095 -22421 3371.86 -19049.2 53243.7 1.07147
990000 1.1 300.518 157.545 -22427.5 3361.89 -19065.6 53715.9 1.06204
991000 1.1 300.451 -11.7354 -22461.1 3361.14 -19099.9 53364.1 1.06905
992000 1.1 300.154 -90.157 -22388.5 3357.82 -19030.7 53320.6 1.0699
993000 1.1 297.639 -153.081 -22430.4 3329.68 -19100.7 53111.7 1.07412
994000 1.1 298.381 -11.7998 -22331.7 3337.98 -18993.7 53450.2 1.06733
995000 1.1 300.695 72.2349 -22405 3363.87 -19041.2 53059.4 1.07519
996000 1.1 300.942 -20.138 -22348.1 3366.63 -18981.5 53189.7 1.07254
997000 1.1 300.97 48.5799 -22417 3366.94 -19050 52982.7 1.07673
998000 1.1 298.647 -94.8663 -22416.7 3340.96 -19075.7 53367.6 1.06898
999000 1.1 301.049 167.759 -22390.5 3367.83 -19022.6 53279.2 1.07075
1000000 1.1 299.764 174.744 -22437 3353.46 -19083.6 53260.2 1.07113
1001000 1.1 298.974 85.6352 -22398.1 3344.61 -19053.5 52876 1.07891
1002000 1.1 300.001 -26.6343 -22394.6 3356.11 -19038.5 52670.6 1.0831
1003000 1.1 301.217 -72.9959 -22405.1 3369.71 -19035.4 53057.3 1.07524
1004000 1.1 300.077 -59.964 -22378.5 3356.95 -19021.5 53452.4 1.06728
1005000 1.1 302.415 -63.4269 -22360.7 3383.12 -18977.5 53217.6 1.07199
1006000 1.1 300.373 179.044 -22393.6 3360.27 -19033.3 53385.8 1.0686
1007000 1.1 300.864 -212.475 -22388.9 3365.76 -19023.2 53414.9 1.06801
1008000 1.1 300.887 -136.356 -22394.6 3366.02 -19028.6 53489.7 1.06655
1009000 1.1 301.554 -121.959 -22469.6 3373.48 -19096.1 53520.8 1.06592
1010000 1.1 299.732 -10.7094 -22439.5 3353.1 -19086.4 53788 1.06061
1011000 1.1 298.981 -100.638 -22426.5 3344.7 -19081.8 53483.9 1.06664
1012000 1.1 299.489 171.133 -22443.7 3350.38 -19093.3 53457.8 1.06717
1013000 1.1 300.823 29.1867 -22349.6 3365.3 -18984.3 53172.5 1.0729
1014000 1.1 298.339 -76.5512 -22383.1 3337.51 -19045.6 53022.6 1.07592
1015000 1.1 300.166 58.9302 -22337.2 3357.95 -18979.2 52925.8 1.07791
1016000 1.1 300.204 22.4888 -22333.4 3358.38 -18975 53198.5 1.07236
1017000 1.1 299.689 -110.058 -22373.8 3352.62 -19021.2 53041.7 1.07553
1018000 1.1 299.659 318.942 -22398.4 3352.28 -19046.2 52729.8 1.08191
1019000 1.1 300.632 -6.6518 -22389.2 3363.17 -19026 53048 1.0754
1020000 1.1 299.693 -46.5765 -22395.9 3352.66 -19043.2 52922.8 1.07795
1021000 1.1 300.588 -89.8468 -22349.7 3362.67 -18987 53180.3 1.07274
1022000 1.1 297.306 35.6283 -22373.8 3325.96 -19047.9 53031.3 1.07576
1023000 1.1 299.295 -46.6122 -22335.7 3348.21 -18987.5 53139.2 1.07356
1024000 1.1 299.398 -65.4733 -22392.3 3349.36 -19043 53015.2 1.07609
1025000 1.1 298.422 -37.0237 -22472.5 3338.44 -19134 52780.1 1.08089
1026000 1.1 299.883 283.684 -22418.4 3354.78 -19063.7 53083.9 1.07468
1027000 1.1 300.57 -52.2453 -22449.6 3362.47 -19087.1 52975.8 1.07689
1028000 1.1 299.283 150.8 -22395.1 3348.08 -19047.1 53208.1 1.07217
1029000 1.1 300.146 145.141 -22408.5 3357.73 -19050.8 53254.2 1.07124
1030000 1.1 299.92 137.844 -22432.7 3355.2 -19077.5 53262.3 1.0711
1031000 1.1 299.359 -66.3065 -22390.9 3348.93 -19042 53397.5 1.06837
1032000 1.1 300.083 201.411 -22360.1 3357.02 -19003 53558 1.06516
1033000 1.1 298.034 115.917 -22356.6 3334.1 -19022.5 53126.8 1.07381
1034000 1.1 300.88 173.789 -22329.5 3365.94 -18963.6 53236.3 1.07164
1035000 1.1 300.062 -154.345 -22341.8 3356.79 -18985 53135.5 1.07364
1036000 1.1 300.148 -155.405 -22390.4 3357.75 -19032.6 53410.6 1.06811
1037000 1.1 298.587 204.326 -22433.6 3340.28 -19093.4 53034.8 1.07567
1038000 1.1 300.773 79.0273 -22376.1 3364.74 -19011.4 53128.4 1.07379
1039000 1.1 300.833 -223.739 -22451.8 3365.41 -19086.4 53353.2 1.06929
1040000 1.1 300.098 315.047 -22415.9 3357.2 -19058.7 53250.7 1.07132
1041000 1.1 298.248 152.393 -22397.5 3336.49 -19061 53045.3 1.07547
1042000 1.1 300.207 224.222 -22433.6 3358.41 -19075.2 53316.5 1.06999
1043000 1.1 299.271 -150.236 -22467.8 3347.94 -19119.9 52965.1 1.07709
1044000 1.1 299.378 -26.102 -22376.6 3349.14 -19027.5 53061.4 1.07513
1045000 1.1 300.732 -46.2055 -22403.4 3364.28 -19039.2 53124.4 1.07386
1046000 1.1 298.73 -47.8296 -22422.9 3341.89 -19081 53488 1.06656
1047000 1.1 298.94 93.3322 -22401.2 3344.24 -19056.9 53362.3 1.06907
1048000 1.1 300.539 -180.791 -22423.8 3362.13 -19061.7 53547.9 1.06536
1049000 1.1 298.952 122.063 -22397.6 3344.37 -19053.2 53464.8 1.06703
1050000 1.1 300.238 88.539 -22429.9 3358.76 -19071.1 53228 1.07176
1051000 1.1 298.335 -55.4884 -22416.8 3337.47 -19079.4 53128.4 1.07378
1052000 1.1 300.079 -143.424 -22404.9 3356.98 -19047.9 53207.5 1.07219
1053000 1.1 299.563 142.198 -22374.4 3351.2 -19023.1 53107.5 1.07422
1054000 1.1 300.398 179.259 -22346.2 3360.55 -18985.6 53046.6 1.07544
1055000 1.1 299.459 -186.624 -22304.7 3350.04 -18954.6 53450.5 1.06731
1056000 1.1 300.253 -72.8063 -22348 3358.93 -18989.1 53134.2 1.07367
1057000 1.1 299.595 -3.5376 -22321.8 3351.56 -18970.3 53236 1.07162
1058000 1.1 299.635 -274.248 -22423 3352.01 -19071 53338.1 1.06955
1059000 1.1 301.181 -98.892 -22442.2 3369.3 -19072.9 53605.5 1.06422
1060000 1.1 300.503 -92.1031 -22413.3 3361.72 -19051.5 53596 1.06441
1061000 1.1 301.022 -110.754 -22319.2 3367.53 -18951.6 53205.9 1.07227
1062000 1.1 300.183 -91.3733 -22354.8 3358.14 -18996.6 53360 1.06912
1063000 1.1 299.958 8.457 -22353.7 3355.63 -18998 53424.7 1.06784
1064000 1.1 300.092 -123.857 -22415.8 3357.13 -19058.7 53472.8 1.06686
1065000 1.1 299.378 51.3375 -22350.7 3349.13 -19001.6 53178.4 1.07277
1066000 1.1 300.375 -188.733 -22355.6 3360.28 -18995.3 53037.3 1.07563
1067000 1.1 298.574 -88.6819 -22316.9 3340.15 -18976.7 53458.5 1.06714
1068000 1.1 299.996 -232.284 -22411.9 3356.05 -19055.8 53216.8 1.07199
1069000 1.1 300.425 -84.2634 -22407.5 3360.85 -19046.6 53529.6 1.06573
1070000 1.1 299.936 60.6222 -22319.8 3355.38 -18964.4 53357.9 1.06922
1071000 1.1 301.088 -56.631 -22388.3 3368.27 -19020 52929 1.07782
1072000 1.1 300.27 31.6253 -22356.2 3359.11 -18997 53224.9 1.07183
1073000 1.1 298.732 258.796 -22388.7 3341.91 -19046.8 53405 1.06827
1074000 1.1 300.799 -21.3835 -22395.8 3365.03 -19030.8 52963.4 1.07714
1075000 1.1 300.383 -89.1771 -22360.9 3360.37 -19000.5 53160.7 1.07312
1076000 1.1 300.12 133.704 -22410.3 3357.44 -19052.9 52914.3 1.07812
1077000 1.1 300.939 -7.01767 -22408.8 3366.6 -19042.2 52979.5 1.07679
1078000 1.1 300.458 -87.3895 -22402 3361.22 -19040.8 53323.6 1.06988
1079000 1.1 300.239 151.47 -22390.3 3358.77 -19031.5 53535.2 1.06562
1080000 1.1 299.886 -3.00722 -22370.3 3354.82 -19015.5 53328.5 1.06976
1081000 1.1 300.929 -34.1525 -22395.9 3366.49 -19029.4 53647 1.06339
1082000 1.1 298.473 229.86 -22359.3 3339.01 -19020.3 53165.5 1.07304
1083000 1.1 299.391 121.334 -22400.5 3349.28 -19051.2 53494.4 1.06643
1084000 1.1 300.612 -146.477 -22350.9 3362.94 -18987.9 53276.4 1.0708
1085000 1.1 300.526 -143.949 -22325.2 3361.98 -18963.2 53565.4 1.06503
1086000 1.1 299.256 -52.4026 -22382.8 3347.78 -19035 53127.2 1.0738
1087000 1.1 299.377 127.938 -22349.6 3349.12 -19000.5 53245.9 1.0714
1088000 1.1 301.249 -18.6734 -22328 3370.07 -18957.9 53433 1.06768
1089000 1.1 301.057 38.6595 -22383 3367.92 -19015.1 53296.7 1.07039
1090000 1.1 299.354 313.069 -22344.9 3348.87 -18996 53392.9 1.06847
1091000 1.1 298.951 6.55803 -22425.2 3344.36 -19080.9 53006.5 1.07625
1092000 1.1 299.821 -93.0181 -22343.2 3354.1 -18989.1 53280.3 1.07072
1093000 1.1 299.014 -26.2293 -22359.8 3345.06 -19014.8 53263.3 1.07107
1094000 1.1 300.584 -294.964 -22411.6 3362.63 -19049 53581.5 1.0647
1095000 1.1 299.489 139.987 -22419.9 3350.38 -19069.6 53242 1.0715
1096000 1.1 299.287 198.316 -22416.4 3348.11 -19068.3 53098.8 1.07437
1097000 1.1 301.32 80.0398 -22383 3370.87 -19012.1 53406 1.06819
1098000 1.1 299.699 -84.33 -22435.4 3352.72 -19082.7 53528.3 1.06575
1099000 1.1 298.949 -344.85 -22450.9 3344.33 -19106.6 53331.5 1.06969
1100000 1.1 301.945 181.27 -22392.9 3377.86 -19015 53322.3 1.06988
1101000 1.1 301.02 -118.376 -22397.3 3367.5 -19029.8 53124.5 1.07388
1102000 1.1 301.103 317.977 -22360.8 3368.43 -18992.4 53303.4 1.07026
1103000 1.1 302.244 -119.577 -22496.5 3381.2 -19115.3 53597.3 1.06441
1104000 1.1 298.46 23.1736 -22440.1 3338.86 -19101.2 53493.3 1.06649
1105000 1.1 301.282 -68.3582 -22345.7 3370.43 -18975.3 53387.6 1.06858
1106000 1.1 299.484 -87.4384 -22390.8 3350.32 -19040.5 53187 1.0726
1107000 1.1 300.28 58.4967 -22365.5 3359.23 -19006.2 53337.1 1.06957
1108000 1.1 300.053 26.8409 -22439.6 3356.69 -19082.9 53276.2 1.0708
1109000 1.1 300.805 31.1643 -22387.5 3365.1 -19022.4 53403.2 1.06824
1110000 1.1 300.396 133.405 -22404.5 3360.52 -19043.9 53184.1 1.07267
1111000 1.1 300.78 56.0703 -22324.7 3364.82 -18959.9 53385.6 1.0686
1112000 1.1 299.447 -63.2979 -22420.5 3349.91 -19070.6 53150.8 1.07334
1113000 1.1 299.07 -170.232 -22379.5 3345.69 -19033.8 53497.1 1.06637
1114000 1.1 302.434 171.151 -22296 3383.33 -18912.7 53517.7 1.06598
1115000 1.1 299.489 -121.539 -22311.6 3350.38 -18961.3 53471.7 1.06688
1116000 1.1 300.298 128.217 -22376.9 3359.43 -19017.4 53516.1 1.06601
1117000 1.1 300.973 69.6175 -22379.6 3366.98 -19012.6 53441.3 1.0675
1118000 1.1 300.519 -18.0165 -22359.7 3361.9 -18997.8 53362 1.06909
1119000 1.1 300.962 80.3037 -22391.5 3366.86 -19024.7 53498.4 1.06636
1120000 1.1 300.577 102.05 -22357.4 3362.55 -18994.8 53199.1 1.07236
1121000 1.1 298.58 -57.4354 -22365.6 3340.21 -19025.4 53085.6 1.07466
1122000 1.1 298.874 143.097 -22362.4 3343.5 -19018.9 53220.7 1.07193
1123000 1.1 299.636 196.443 -22384.8 3352.02 -19032.7 53037.2 1.07563
1124000 1.1 300.083 -250.507 -22397.6 3357.02 -19040.6 53244.9 1.07143
1125000 1.1 300.234 118.611 -22383 3358.71 -19024.3 53275.6 1.07082
1126000 1.1 301.427 150.974 -22432.3 3372.06 -19060.2 53141.7 1.0735
1127000 1.1 301.635 90.5904 -22375.1 3374.39 -19000.7 53441.1 1.06751
1128000 1.1 302.815 -87.4399 -22376 3387.59 -18988.4 53332.6 1.06966
1129000 1.1 299.161 56.4416 -22365.7 3346.71 -19019 53477.3 1.0668
1130000 1.1 297.866 155.897 -22396.6 3332.22 -19064.4 53279.1 1.07077
1131000 1.1 300.619 32.2249 -22314.2 3363.02 -18951.2 53225.6 1.07181
1132000 1.1 300.847 -123.703 -22351.3 3365.57 -18985.7 53447.9 1.0674
1133000 1.1 300.341 -18.8421 -22403.8 3359.91 -19043.9 53353.9 1.06924
1134000 1.1 300.612 158.211 -22354.1 3362.94 -18991.2 53204.8 1.07223
1135000 1.1 299.597 -107.518 -22378.2 3351.58 -19026.6 53084 1.07467
1136000 1.1 299.256 352.53 -22379.1 3347.77 -19031.3 53335.8 1.06962
1137000 1.1 299.235 -294.406 -22403.2 3347.53 -19055.7 53296.2 1.07041
1138000 1.1 300.19 -97.6161 -22351.4 3358.22 -18993.2 53265.6 1.07101
1139000 1.1 300.43 61.3878 -22369.8 3360.9 -19008.9 53190.2 1.07253
1140000 1.1 301.129 -46.7217 -22289.5 3368.72 -18920.8 53402.9 1.0683
1141000 1.1 299.351 196.542 -22370.3 3348.83 -19021.4 53599.5 1.06433
1142000 1.1 298.059 77.3854 -22392.8 3334.38 -19058.4 53474.9 1.06683
1143000 1.1 300.553 -88.7977 -22373.5 3362.28 -19011.2 53304.9 1.07023
1144000 1.1 299.912 -119.821 -22429.2 3355.11 -19074.1 53420.2 1.06793
1145000 1.1 298.967 -58.992 -22417.3 3344.53 -19072.8 53415.9 1.06801
1146000 1.1 300.098 -215.231 -22398.7 3357.19 -19041.5 53333.7 1.06966
1147000 1.1 302.376 -269.119 -22276.6 3382.67 -18894 53484.3 1.06663
1148000 1.1 300.344 159.602 -22337.4 3359.94 -18977.4 53713.9 1.06207
1149000 1.1 300.765 144.874 -22404.7 3364.65 -19040.1 53659.8 1.06314
1150000 1.1 298.38 -60.9766 -22435.7 3337.97 -19097.7 53681.8 1.06271
1151000 1.1 300.335 30.6871 -22314.2 3359.84 -18954.3 53235.9 1.07161
1152000 1.1 299.155 -126.523 -22424.1 3346.64 -19077.5 53250.6 1.07133
1153000 1.1 299.646 134.642 -22404.5 3352.13 -19052.4 53260.7 1.07111
1154000 1.1 299.035 171.285 -22374.9 3345.3 -19029.6 53378.3 1.06875
1155000 1.1 299.342 -37.2354 -22407.8 3348.74 -19059 53338.8 1.06955
1156000 1.1 299.74 -180.243 -22405.1 3353.19 -19051.9 53105.8 1.07425
1157000 1.1 300.278 228.916 -22355.4 3359.2 -18996.2 53232.8 1.07167
1158000 1.1 300.125 54.2855 -22340.9 3357.49 -18983.4 53110.3 1.07416
1159000 1.1 299.5 -36.9515 -22368.2 3350.5 -19017.7 53209.3 1.07215
1160000 1.1 300.792 -71.0729 -22337.3 3364.95 -18972.3 53029.6 1.07579
1161000 1.1 298.243 82.0048 -22364.7 3336.44 -19028.2 52866.1 1.0791
1162000 1.1 301.914 153.565 -22347.3 3377.51 -18969.8 53138.8 1.07357
1163000 1.1 298.979 -229.363 -22369.1 3344.67 -19024.5 52902.8 1.07836
1164000 1.1 300.193 114.373 -22423.1 3358.26 -19064.8 53191.6 1.0725
1165000 1.1 299.552 48.8024 -22451 3351.08 -19099.9 53142.7 1.07349
1166000 1.1 300.457 163.116 -22390.9 3361.21 -19029.7 53173.3 1.07286
1167000 1.1 299.961 50.8367 -22378.3 3355.65 -19022.6 53087.5 1.07461
1168000 1.1 299.722 40.3726 -22408.6 3352.98 -19055.6 53023.8 1.07592
1169000 1.1 298.666 112.509 -22396.6 3341.17 -19055.4 53025.7 1.07591
1170000 1.1 301.437 -213.361 -22426.7 3372.17 -19054.5 53470.4 1.0669
1171000 1.1 300.593 -199.506 -22434 3362.73 -19071.3 53385.8 1.0686
1172000 1.1 298.699 -120.458 -22454.3 3341.53 -19112.8 53642.3 1.06348
1173000 1.1 298.105 31.818 -22423.9 3334.9 -19089.1 53663.8 1.06306
1174000 1.1 301.565 378.294 -22437.3 3373.6 -19063.7 53419 1.06796
1175000 1.1 297.812 50.8197 -22422.9 3331.62 -19091.3 53376.3 1.0688
1176000 1.1 300.731 101.352 -22413.6 3364.27 -19049.3 53388.9 1.06853
1177000 1.1 299.55 159.778 -22410.1 3351.06 -19059 53361.1 1.06911
1178000 1.1 299.217 63.2865 -22412.9 3347.33 -19065.6 53365.3 1.06901
1179000 1.1 299.719 409.485 -22404.7 3352.95 -19051.7 53508.3 1.06615
1180000 1.1 297.799 83.648 -22437.4 3331.47 -19106 53318.7 1.06995
1181000 1.1 299.374 79.6389 -22470.7 3349.09 -19121.6 53078.9 1.07478
1182000 1.1 301.729 140.759 -22404.8 3375.43 -19029.4 53040.6 1.07556
1183000 1.1 300.136 76.3754 -22390.9 3357.61 -19033.3 53218.9 1.07197
1184000 1.1 300.756 98.2695 -22445.4 3364.56 -19080.8 53458.1 1.06715
1185000 1.1 300.19 -121.092 -22423.1 3358.22 -19064.9 53313.3 1.07008
1186000 1.1 299.848 -209.191 -22392.9 3354.4 -19038.5 53206.7 1.0722
1187000 1.1 300.185 194.704 -22421.7 3358.16 -19063.5 53229.2 1.07175
1188000 1.1 300.035 3.32501 -22448.2 3356.49 -19091.7 53130.1 1.07375
1189000 1.1 299.929 -141.123 -22464.5 3355.3 -19109.3 53350.3 1.06934
1190000 1.1 299.555 291.385 -22419 3351.11 -19067.9 53226 1.0718
1191000 1.1 300.75 -311.42 -22395.6 3364.48 -19031.2 53306.4 1.07021
1192000 1.1 298.378 22.2472 -22401.2 3337.94 -19063.3 53133.6 1.0737
1193000 1.1 300.346 -9.77102 -22378 3359.97 -19018.1 53416.2 1.06799
1194000 1.1 300.371 33.2801 -22373.1 3360.24 -19012.8 53458.7 1.06716
1195000 1.1 299.221 251.746 -22442.1 3347.38 -19094.8 53221 1.07192
1196000 1.1 299.766 -219.86 -22437.6 3353.47 -19084.1 53157 1.07323
1197000 1.1 300.235 171.086 -22396 3358.73 -19037.3 53405.2 1.06823
1198000 1.1 299.594 233.568 -22405.9 3351.55 -19054.3 53611.7 1.0641
1199000 1.1 302.42 99.1624 -22441.5 3383.16 -19058.3 53471.8 1.06689
1200000 1.1 301.359 -267.904 -22409.7 3371.3 -19038.4 53210 1.07213
1201000 1.1 299.911 -63.3463 -22421.2 3355.09 -19066.1 53460.3 1.06713
1202000 1.1 300.193 167.367 -22388.3 3358.25 -19030 53596.8 1.06439
1203000 1.1 300.852 46.8488 -22391 3365.63 -19025.4 53181.8 1.07273
1204000 1.1 299.762 74.5254 -22388.2 3353.43 -19034.8 53535 1.06562
1205000 1.1 301.898 13.7099 -22410.1 3377.33 -19032.8 53467.9 1.06699
1206000 1.1 301.082 -18.7858 -22419.7 3368.19 -19051.5 53177 1.07281
1207000 1.1 298.653 -135.421 -22399.8 3341.02 -19058.8 53185.8 1.07262
1208000 1.1 300.221 -266.107 -22452.9 3358.56 -19094.4 53103.5 1.07429
1209000 1.1 299.203 -118.409 -22403.3 3347.18 -19056.1 53453.2 1.06725
1210000 1.1 300.125 88.2555 -22368.4 3357.49 -19010.9 53305.8 1.07023
1211000 1.1 298.849 89.849 -22380.6 3343.21 -19037.4 53238.6 1.07155
1212000 1.1 299.547 -275.893 -22407.6 3351.03 -19056.6 53081.5 1.07473
1213000 1.1 301.621 -90.312 -22418.4 3374.23 -19044.2 52993.8 1.0765
1214000 1.1 300.091 235.758 -22389.4 3357.11 -19032.3 53459.6 1.06713
1215000 1.1 300.316 123.907 -22419.7 3359.63 -19060.1 53445.6 1.0674
1216000 1.1 299.829 168.356 -22391.1 3354.18 -19037 53317 1.06997
1217000 1.1 299.155 -168.861 -22334.7 3346.64 -18988.1 53008.5 1.07621
1218000 1.1 301.402 177.011 -22318.3 3371.78 -18946.5 53049.3 1.07541
1219000 1.1 301.537 -53.7931 -22356.4 3373.29 -18983.1 52853 1.07939
1220000 1.1 299.537 -241.157 -22373.9 3350.91 -19023 53201.6 1.07231
1221000 1.1 301.419 30.3855 -22347.9 3371.97 -18975.9 53489.8 1.06655
1222000 1.1 299.822 -240.311 -22350.2 3354.11 -18996.1 53598.3 1.06436
1223000 1.1 299.271 57.3936 -22381.1 3347.94 -19033.2 53448.7 1.06734
1224000 1.1 298.464 -13.4102 -22386.5 3338.92 -19047.6 53016.2 1.07605
1225000 1.1 299.692 94.3701 -22325.2 3352.65 -18972.5 53298.5 1.07035
1226000 1.1 301.63 -76.5925 -22415.2 3374.33 -19040.9 53417.8 1.06796
1227000 1.1 299.879 184.932 -22360.1 3354.74 -19005.4 53480 1.06673
1228000 1.1 301.661 -153.423 -22355.2 3374.67 -18980.6 53267.7 1.071
1229000 1.1 300.996 318.298 -22311.6 3367.24 -18944.4 53130.5 1.07373
1230000 1.1 298.809 35.0806 -22325.4 3342.77 -18982.7 53185.4 1.07263
1231000 1.1 300.161 -194.257 -22376.6 3357.89 -19018.7 53262.5 1.07107
1232000 1.1 300.877 -59.7857 -22391.3 3365.9 -19025.4 53097.4 1.0744
1233000 1.1 299.689 -64.635 -22336.5 3352.61 -18983.9 53271.4 1.0709
1234000 1.1 300.808 -15.3738 -22427.5 3365.13 -19062.3 53306.9 1.07019
1235000 1.1 300.656 -53.7201 -22373.3 3363.43 -19009.9 53414.5 1.06804
1236000 1.1 300.344 97.6804 -22342.9 3359.94 -18983 53259.3 1.07114
1237000 1.1 300.417 -202.876 -22407.4 3360.76 -19046.6 53210 1.07217
1238000 1.1 299.521 95.7852 -22347 3350.74 -18996.3 52967 1.07704
1239000 1.1 300.917 64.4626 -22334.2 3366.35 -18967.9 53156.4 1.07323
1240000 1.1 299.989 -170.688 -22369.4 3355.97 -19013.4 53013.7 1.0761
1241000 1.1 302.177 -207.888 -22312.8 3380.45 -18932.3 53166.9 1.073
1242000 1.1 299.458 -31.0378 -22329.9 3350.03 -18979.9 53695.2 1.06245
1243000 1.1 300.458 -15.1067 -22353.5 3361.22 -18992.3 53291.1 1.07049
1244000 1.1 301.974 -262.635 -22348.6 3378.18 -18970.4 53311.6 1.0701
1245000 1.1 299.396 -152.125 -22424 3349.34 -19074.6 53319.7 1.06993
1246000 1.1 300.632 -158.262 -22403.8 3363.16 -19040.6 53379.4 1.06874
1247000 1.1 299.589 -283.143 -22406.2 3351.49 -19054.7 53469.4 1.06693
1248000 1.1 300.029 44.3959 -22397.3 3356.41 -19040.9 53169.2 1.07295
1249000 1.1 299.903 264.048 -22449.3 3355.01 -19094.3 53297.7 1.07037
1250000 1.1 299.763 -48.5173 -22355.6 3353.44 -19002.2 53453.4 1.06727
1251000 1.1 299.527 -173.493 -22403.7 3350.81 -19052.9 53008.8 1.0762
1252000 1.1 300.6 -134.688 -22344 3362.81 -18981.1 53327 1.06979
1253000 1.1 302.542 77.3245 -22452.2 3384.53 -19067.6 53141.4 1.07354
1254000 1.1 297.607 -29.1808 -22349.7 3329.33 -19020.4 53028.9 1.07579
1255000 1.1 299.251 133.447 -22384.8 3347.72 -19037.1 53359.9 1.06913
1256000 1.1 299.257 52.0814 -22416.7 3347.78 -19068.9 52994.7 1.07649
1257000 1.1 300.116 -16.6424 -22376.2 3357.39 -19018.8 53236.1 1.07161
1258000 1.1 300.521 -172.52 -22400.6 3361.92 -19038.7 53174 1.07286
1259000 1.1 299.179 -31.5946 -22394 3346.9 -19047.1 53146.9 1.07342
1260000 1.1 297.847 -78.9157 -22425.5 3332.01 -19093.5 53075.4 1.07485
1261000 1.1 301.285 371.21 -22367.5 3370.47 -18997 53523.2 1.06586
1262000 1.1 297.154 -116.983 -22366.4 3324.25 -19042.2 53332.8 1.06967
1263000 1.1 299.413 56.3805 -22378.8 3349.53 -19029.2 53197.7 1.07238
1264000 1.1 296.869 -205.318 -22367 3321.07 -19046 52903.9 1.07834
1265000 1.1 297.68 212.949 -22324 3330.14 -18993.8 52987.1 1.07664
1266000 1.1 300.097 35.8151 -22329.3 3357.18 -18972.2 53087.1 1.07463
1267000 1.1 300.685 -153.012 -22372.8 3363.75 -19009 52952.8 1.07738
1268000 1.1 299.973 20.6435 -22373 3355.8 -19017.2 53254.6 1.07124
1269000 1.1 300.804 -22.0676 -22390.9 3365.09 -19025.8 53342 1.06948
1270000 1.1 299.883 175.096 -22384 3354.79 -19029.2 53279.6 1.07075
1271000 1.1 299.564 -2.44633 -22411.9 3351.22 -19060.6 53626.4 1.0638
1272000 1.1 299.243 342.762 -22413.1 3347.63 -19065.5 53412.1 1.06808
1273000 1.1 298.999 19.347 -22369 3344.89 -19024.1 53182.1 1.0727
1274000 1.1 300.921 -135.785 -22387.9 3366.4 -19021.5 53375.5 1.06881
1275000 1.1 298.657 204.871 -22405.2 3341.07 -19064.2 53472.6 1.06686
1276000 1.1 301.652 -3.5355 -22445.5 3374.57 -19070.9 53347.6 1.06937
1277000 1.1 300.413 197.187 -22429.2 3360.72 -19068.5 53376.1 1.0688
1278000 1.1 298.251 158.402 -22386.3 3336.53 -19049.8 53346.5 1.06939
1279000 1.1 301.074 -69.9763 -22321.7 3368.11 -18953.6 53194.2 1.07245
1280000 1.1 300.507 -63.667 -22393.4 3361.76 -19031.6 53412.9 1.06806
1281000 1.1 300.975 -61.9861 -22401.1 3367 -19034.1 53257.5 1.07118
1282000 1.1 301.009 35.8567 -22378.8 3367.38 -19011.4 53512.5 1.06608
1283000 1.1 300.822 32.7187 -22425.1 3365.29 -19059.8 53120.4 1.07393
1284000 1.1 298.534 128.638 -22379.6 3339.69 -19039.9 53050.5 1.07537
1285000 1.1 300.01 -208.988 -22402.5 3356.21 -19046.3 53153.7 1.07328
1286000 1.1 298.813 -197.087 -22364.3 3342.81 -19021.5 53253.7 1.07129
1287000 1.1 298.965 204.433 -22414.9 3344.52 -19070.4 53209.9 1.07214
1288000 1.1 300.598 -286.96 -22485.3 3362.78 -19122.6 53344.7 1.06943
1289000 1.1 298.442 -21.5693 -22437.9 3338.66 -19099.3 53518.8 1.06596
1290000 1.1 300.707 -133.256 -22469.5 3364.01 -19105.5 53507.1 1.06617
1291000 1.1 299.674 83.6518 -22387.2 3352.45 -19034.7 53030 1.07578
1292000 1.1 300.517 -182.662 -22372.3 3361.87 -19010.4 53375.5 1.06881
1293000 1.1 299.615 178.66 -22422.7 3351.79 -19070.9 53353.4 1.06925
1294000 1.1 299.825 -107.799 -22346.7 3354.14 -18992.6 53394.8 1.06841
1295000 1.1 300.469 36.6521 -22421.6 3361.34 -19060.3 53544.5 1.06544
1296000 1.1 298.098 -54.0769 -22457.3 3334.81 -19122.5 53548.5 1.06535
1297000 1.1 300.043 76.4109 -22450 3356.57 -19093.4 53570.7 1.06495
1298000 1.1 299.194 -92.0022 -22447.6 3347.08 -19100.6 53608.3 1.06416
1299000 1.1 299.11 83.2138 -22403.1 3346.14 -19057 53700.9 1.06234
1300000 1.1 300.428 -25.1824 -22423 3360.88 -19062.1 53553.2 1.06527
1301000 1.1 298.552 112.345 -22407.2 3339.89 -19067.3 53479 1.06676
1302000 1.1 300.846 -42.4993 -22413.7 3365.56 -19048.2 53671.9 1.06293
1303000 1.1 298.511 -117.646 -22365.7 3339.43 -19026.3 53823.6 1.05991
1304000 1.1 300.091 172.87 -22373 3357.11 -19015.9 53007.3 1.07625
1305000 1.1 300.892 -4.64128 -22361.9 3366.07 -18995.8 53260.4 1.07114
1306000 1.1 299.878 188.112 -22442.3 3354.73 -19087.5 53272.4 1.07089
1307000 1.1 301.422 183.31 -22443.3 3372 -19071.3 53475.9 1.06682
1308000 1.1 301.781 97.0032 -22399.2 3376.02 -19023.2 53252.8 1.07126
1309000 1.1 299.502 -201.531 -22389.1 3350.53 -19038.5 53069.9 1.07497
1310000 1.1 300.52 62.0657 -22419 3361.92 -19057 53316.4 1.06999
1311000 1.1 300.104 -68.2798 -22387.5 3357.25 -19030.2 53568.6 1.06498
1312000 1.1 300.431 -28.9875 -22377.6 3360.91 -19016.6 53329.6 1.06972
1313000 1.1 300.419 -69.7874 -22380.9 3360.78 -19020.1 53592 1.06451
1314000 1.1 299.847 -51.7968 -22374.6 3354.38 -19020.2 53559.4 1.06516
1315000 1.1 300.115 -11.9051 -22357.1 3357.38 -18999.7 53426.3 1.06781
1316000 1.1 300.169 131.968 -22404.3 3357.98 -19046.3 53329.1 1.06974
1317000 1.1 301.74 -32.9452 -22363.5 3375.56 -18987.9 53318.3 1.06995
1318000 1.1 302.02 -82.7967 -22402.5 3378.69 -19023.8 53214.4 1.07204
1319000 1.1 299.861 -126.533 -22450.8 3354.54 -19096.2 53330.4 1.06974
1320000 1.1 298.936 -192.606 -22440.8 3344.19 -19096.6 53377.8 1.06876
1321000 1.1 300.66 -119.539 -22434.1 3363.47 -19070.7 53344.3 1.06943
1322000 1.1 300.701 57.112 -22374.3 3363.93 -19010.4 53299.2 1.07034
1323000 1.1 300.754 66.2687 -22389 3364.53 -19024.4 53149.4 1.07337
1324000 1.1 299.243 -92.0685 -22408.3 3347.63 -19060.6 53076.1 1.07484
1325000 1.1 300.952 327.005 -22354.1 3366.74 -18987.4 53596.4 1.06441
1326000 1.1 300.655 107.314 -22372.6 3363.43 -19009.2 53499 1.06634
1327000 1.1 301.121 -35.0429 -22367.5 3368.63 -18998.9 53215.4 1.07202
1328000 1.1 300.993 0.652049 -22456.9 3367.2 -19089.7 53469.2 1.06694
1329000 1.1 300.274 -109.765 -22414.9 3359.16 -19055.8 53696.2 1.06243
1330000 1.1 300.789 23.873 -22350.9 3364.92 -18986 53500.4 1.06633
1331000 1.1 300.532 163.126 -22426.7 3362.05 -19064.7 53180.1 1.07273
1332000 1.1 299.662 -151.788 -22396.6 3352.31 -19044.3 53183.8 1.07267
1333000 1.1 300.491 123.695 -22388 3361.59 -19026.4 53335.2 1.06964
1334000 1.1 300.684 -241.464 -22402.5 3363.75 -19038.7 53197.5 1.07242
1335000 1.1 300.443 93.303 -22455.6 3361.06 -19094.5 53048.6 1.07548
1336000 1.1 300.51 -154.402 -22403.7 3361.8 -19041.9 53293.7 1.07045
1337000 1.1 301.44 -145.085 -22348 3372.2 -18975.7 53008.5 1.07621
1338000 1.1 299.254 -115.377 -22472 3347.75 -19124.2 53057.4 1.07522
1339000 1.1 299.792 194.06 -22497.3 3353.76 -19143.6 53361.6 1.06909
1340000 1.1 300.185 -225.68 -22488.1 3358.17 -19129.9 53329.9 1.06977
1341000 1.1 300.107 29.5543 -22439.2 3357.29 -19081.9 53664.3 1.06305
1342000 1.1 298.438 166.091 -22399.4 3338.61 -19060.8 53451.9 1.06727
1343000 1.1 301.626 -14.47 -22333.1 3374.29 -18958.8 53394.3 1.06845
1344000 1.1 300.203 44.6096 -22428 3358.36 -19069.7 53299.9 1.07032
1345000 1.1 302.229 -361.561 -22405.3 3381.03 -19024.2 53467.1 1.06698
1346000 1.1 301.325 -68.9392 -22465.4 3370.92 -19094.5 53141.5 1.07352
1347000 1.1 300.15 193.252 -22424.7 3357.77 -19067 53038.5 1.07561
1348000 1.1 301.053 16.3134 -22329 3367.87 -18961.1 53001.9 1.07634
1349000 1.1 300.647 92.3262 -22345.5 3363.33 -18982.2 53008.9 1.0762
1350000 1.1 299.658 -208.562 -22423.4 3352.27 -19071.1 53241 1.07151
1351000 1.1 300.399 -9.85161 -22384.5 3360.56 -19024 53116.4 1.07403
1352000 1.1 299.422 104.101 -22456.7 3349.63 -19107 53532.6 1.06566
1353000 1.1 300.011 187.2 -22482.5 3356.21 -19126.3 53064.9 1.07507
1354000 1.1 299.24 -44.1187 -22458.8 3347.59 -19111.3 52934.3 1.07772
1355000 1.1 298.386 -28.4659 -22383.3 3338.04 -19045.2 53304.6 1.07022
1356000 1.1 302.145 -51.6872 -22435.2 3380.09 -19055.1 53082.7 1.0747
1357000 1.1 300.404 -151.079 -22393.3 3360.61 -19032.7 53105.2 1.07425
1358000 1.1 300.868 145.354 -22409.5 3365.8 -19043.7 53118.4 1.07397
1359000 1.1 298.107 124.332 -22415.7 3334.92 -19080.8 53093.6 1.07448
1360000 1.1 300.572 196.611 -22402.5 3362.49 -19040 53167.3 1.073
1361000 1.1 300.23 -168.836 -22388.5 3358.67 -19029.9 53140.6 1.07354
1362000 1.1 300.347 -121.396 -22371.4 3359.97 -19011.4 53182.8 1.07268
1363000 1.1 298.719 -30.1382 -22432.4 3341.76 -19090.7 53346 1.06941
1364000 1.1 297.7 -1.04272 -22437.7 3330.37 -19107.4 53099.5 1.07437
1365000 1.1 300.629 58.5902 -22425.7 3363.13 -19062.6 52849 1.07945
1366000 1.1 300.254 4.05933 -22433.3 3358.94 -19074.3 53327.4 1.06983
1367000 1.1 298.493 -41.8577 -22409.5 3339.23 -19070.2 53576.7 1.0648
1368000 1.1 298.14 35.5018 -22442.4 3335.29 -19107.1 53296.3 1.07041
1369000 1.1 301.677 53.4494 -22423.9 3374.85 -19049.1 53327.2 1.06977
1370000 1.1 299.499 136.795 -22489.8 3350.49 -19139.3 53203 1.07228
1371000 1.1 299.884 20.1901 -22425.5 3354.8 -19070.7 53202.6 1.07228
1372000 1.1 303.266 -115.613 -22394.8 3392.63 -19002.2 53550.3 1.06533
1373000 1.1 300.779 144.518 -22387.5 3364.81 -19022.7 53432 1.06769
1374000 1.1 299.518 257.887 -22418.6 3350.7 -19067.9 53265.7 1.071
1375000 1.1 301.551 62.3531 -22420.8 3373.44 -19047.4 53156.6 1.07321
1376000 1.1 301.752 64.3211 -22462.2 3375.7 -19086.5 53094.8 1.07447
1377000 1.1 298.287 253.067 -22431.1 3336.93 -19094.1 53149.4 1.07335
1378000 1.1 300.207 -85.2952 -22372.2 3358.41 -19013.8 53562.2 1.06508
1379000 1.1 299.616 -92.0918 -22450.5 3351.8 -19098.8 53660.3 1.06312
1380000 1.1 299.905 -102.788 -22384.3 3355.03 -19029.2 53401 1.0683
1381000 1.1 300.36 -65.2957 -22451.9 3360.12 -19091.8 53435 1.06763
1382000 1.1 301.063 -113.409 -22388.1 3367.98 -19020.1 53295 1.07041
1383000 1.1 298.286 304.423 -22403.4 3336.92 -19066.4 52798 1.08052
1384000 1.1 300.165 178.93 -22386.9 3357.94 -19029 53141.9 1.07351
1385000 1.1 299.447 72.2658 -22441.2 3349.91 -19091.3 53127.7 1.0738
1386000 1.1 299.815 34.0213 -22406.1 3354.02 -19052 53116.7 1.07401
1387000 1.1 300.742 -299.312 -22377.8 3364.4 -19013.4 53020.7 1.07596
1388000 1.1 301.086 206.847 -22393.1 3368.24 -19024.9 53031.9 1.07574
1389000 1.1 299.638 79.0514 -22356.6 3352.04 -19004.5 53280.3 1.07071
1390000 1.1 300.191 -141.794 -22354.7 3358.23 -18996.5 53237.3 1.07158
1391000 1.1 299.453 -186.356 -22401.2 3349.97 -19051.2 53011.2 1.07614
1392000 1.1 301.458 -9.44075 -22481.5 3372.41 -19109.1 53381.2 1.06871
1393000 1.1 299.74 22.6544 -22435.2 3353.19 -19082.1 53849.4 1.05942
1394000 1.1 300.241 170.515 -22464.4 3358.79 -19105.6 53393.9 1.06845
1395000 1.1 299.842 -96.7713 -22403.4 3354.33 -19049.1 53141.5 1.07351
1396000 1.1 299.3 58.1298 -22432.2 3348.27 -19083.9 53184.2 1.07265
1397000 1.1 300.827 -9.26722 -22430.7 3365.35 -19065.4 53245.3 1.07141
1398000 1.1 300.918 -152.017 -22442.4 3366.36 -19076.1 53260.7 1.07112
1399000 1.1 298.502 107.923 -22406.5 3339.33 -19067.1 53147 1.07342
1400000 1.1 302.481 -119.173 -22319 3383.85 -18935.1 53406.7 1.06818
1401000 1.1 300.575 -8.44725 -22378.8 3362.53 -19016.3 53034.5 1.07569
1402000 1.1 300.268 -181.713 -22401.1 3359.09 -19042.1 52779 1.08089
1403000 1.1 300.914 68.1979 -22432.7 3366.32 -19066.4 52786.7 1.08072
1404000 1.1 300.277 -464.416 -22352.6 3359.19 -18993.4 53320.3 1.06992
1405000 1.1 300.339 -36.9122 -22365 3359.89 -19005.1 53450.3 1.06731
1406000 1.1 301.772 28.8725 -22336.2 3375.91 -18960.3 53690 1.06254
1407000 1.1 300.658 157.301 -22343.4 3363.45 -18979.9 53458.3 1.06716
1408000 1.1 297.32 214.764 -22343.2 3326.11 -19017.1 53075.7 1.07489
1409000 1.1 299.472 118.831 -22376.3 3350.18 -19026.1 53444.9 1.06744
1410000 1.1 302.301 69.1534 -22401.5 3381.84 -19019.6 53569.1 1.06494
1411000 1.1 300.38 331.452 -22423.5 3360.34 -19063.1 53236.8 1.07159
1412000 1.1 300.611 -383.794 -22400 3362.93 -19037 53495.3 1.06644
1413000 1.1 299.762 -534.169 -22449.3 3353.43 -19095.9 53887.6 1.05864
1414000 1.1 299.733 157.522 -22382.3 3353.11 -19029.2 53336.3 1.06961
1415000 1.1 301.856 -206.2 -22410.7 3376.86 -19033.8 53208 1.07219
1416000 1.1 299.083 -220.271 -22333.5 3345.84 -18987.7 52995.6 1.07647
1417000 1.1 298.797 -24.916 -22412.5 3342.63 -19069.9 53010.3 1.07618
1418000 1.1 299.844 -24.4234 -22418.2 3354.35 -19063.8 53533.6 1.06566
1419000 1.1 301.748 -225.856 -22385.2 3375.65 -19009.5 53356.4 1.06921
1420000 1.1 298.62 228.828 -22402.2 3340.66 -19061.5 53405.6 1.0682
1421000 1.1 301.115 101.713 -22450.1 3368.56 -19081.6 53665.2 1.06303
1422000 1.1 300.25 121.889 -22366.1 3358.89 -19007.3 53414.4 1.06803
1423000 1.1 300.278 32.372 -22391.6 3359.21 -19032.4 52898 1.07848
1424000 1.1 300.323 336.972 -22383.9 3359.7 -19024.2 53088.3 1.0746
1425000 1.1 297.493 220.748 -22314.3 3328.05 -18986.3 53319.6 1.06993
1426000 1.1 299.613 137.005 -22336.8 3351.76 -18985.1 53169.6 1.07294
1427000 1.1 301.563 -109.957 -22368.2 3373.58 -18994.7 53327.8 1.06976
1428000 1.1 301.308 96.9842 -22376.5 3370.72 -19005.8 53616.6 1.064
1429000 1.1 298.852 26.8031 -22322.4 3343.26 -18979.2 53126.8 1.07382
1430000 1.1 299.933 -82.6088 -22346.3 3355.35 -18990.9 52877.2 1.07889
1431000 1.1 299.848 94.2857 -22349.1 3354.4 -18994.7 53419.1 1.06796
1432000 1.1 300.475 -125.156 -22340.7 3361.4 -18979.3 53097.7 1.07441
1433000 1.1 301.158 -9.59367 -22368.2 3369.05 -18999.2 53173.6 1.07286
1434000 1.1 301.766 4.79415 -22371.5 3375.85 -18995.7 53252.1 1.07128
1435000 1.1 301.349 -247.894 -22383.7 3371.19 -19012.5 53392.7 1.06846
1436000 1.1 299.007 -90.9426 -22357.4 3344.98 -19012.4 53623.9 1.06386
1437000 1.1 298.751 308.955 -22373.3 3342.12 -19031.2 52923.6 1.07794
1438000 1.1 299.516 80.3182 -22403.4 3350.68 -19052.8 53069.3 1.07497
1439000 1.1 299.309 134.522 -22381.7 3348.37 -19033.3 52878.5 1.07888
1440000 1.1 297.116 -260.706 -22361.7 3323.83 -19037.9 53139.3 1.07357
1441000 1.1 298.668 2.00518 -22373.3 3341.19 -19032.1 53217.5 1.07197
1442000 1.1 299.098 5.28997 -22419 3346.01 -19073 53288 1.07057
1443000 1.1 299.593 4.15118 -22401.8 3351.54 -19050.3 53170.8 1.07292
1444000 1.1 299.678 20.3201 -22385 3352.49 -19032.5 53675.8 1.06283
1445000 1.1 300.751 44.8769 -22451.7 3364.5 -19087.2 53471.2 1.0669
1446000 1.1 299.885 105.756 -22458.5 3354.81 -19103.7 53005.9 1.07626
1447000 1.1 300.084 19.9114 -22435.3 3357.03 -19078.2 53045.6 1.07545
1448000 1.1 299.489 -46.1475 -22422.6 3350.37 -19072.3 53097.7 1.0744
1449000 1.1 300.561 42.4809 -22407.5 3362.37 -19045.1 53117.5 1.07401
1450000 1.1 297.952 363.604 -22469.6 3333.18 -19136.4 53361.6 1.06911
1451000 1.1 300.544 101.25 -22384 3362.18 -19021.8 53202.9 1.07228
1452000 1.1 299.64 -201.087 -22399.1 3352.07 -19047 53402.9 1.0683
1453000 1.1 298.84 -145.156 -22388.7 3343.11 -19045.6 53451.4 1.06729
1454000 1.1 299.696 -49.859 -22383.7 3352.7 -19031 53370.5 1.06891
1455000 1.1 299.099 125.456 -22401.8 3346.02 -19055.7 53126.8 1.07382
1456000 1.1 301.281 -92.3913 -22428.5 3370.43 -19058.1 53348.4 1.06935
1457000 1.1 299.458 155.193 -22362.6 3350.03 -19012.6 53252.6 1.07128
1458000 1.1 298.168 121.235 -22345.6 3335.6 -19010 53386.4 1.0686
1459000 1.1 299.924 -124.372 -22413.3 3355.24 -19058.1 53334.2 1.06966
1460000 1.1 300.187 -227.588 -22410.2 3358.19 -19052 53187.1 1.07259
1461000 1.1 301.116 -1.58027 -22366.4 3368.58 -18997.8 53382.2 1.06868
1462000 1.1 301.642 130.992 -22456.3 3374.47 -19081.9 53462.9 1.06709
1463000 1.1 299.377 1.51252 -22432.8 3349.13 -19083.6 53449.6 1.06734
1464000 1.1 300.345 51.7907 -22429.6 3359.96 -19069.6 53579 1.06476
1465000 1.1 299.708 -0.723561 -22422.1 3352.83 -19069.3 53177.6 1.07279
1466000 1.1 302.356 87.6285 -22357.1 3382.45 -18974.7 52867.4 1.07907
1467000 1.1 299.201 -101.845 -22320.6 3347.16 -18973.4 52981.7 1.07676
1468000 1.1 300.759 -107.037 -22358.6 3364.59 -18994 53201 1.07231
1469000 1.1 300.536 -191.219 -22363.9 3362.09 -19001.9 53410.5 1.06811
1470000 1.1 299.549 94.8655 -22357.3 3351.05 -19006.3 53360.1 1.06915
1471000 1.1 302.033 69.4778 -22457.9 3378.84 -19079.1 53342.2 1.06947
1472000 1.1 299.957 55.5471 -22334.9 3355.61 -18979.3 53435.1 1.06761
1473000 1.1 299.13 -146.243 -22384.2 3346.36 -19037.8 53139.2 1.07356
1474000 1.1 300.871 135.835 -22399.5 3365.84 -19033.7 53233.6 1.07165
1475000 1.1 302.294 -137.657 -22405 3381.76 -19023.2 53581.3 1.06472
1476000 1.1 300.378 -211.6 -22365.2 3360.33 -19004.9 53589.1 1.06454
1477000 1.1 301.451 -198.036 -22440.3 3372.33 -19068 53271.1 1.0709
1478000 1.1 300.149 -24.9123 -22391.8 3357.76 -19034 53317 1.06997
1479000 1.1 299.445 353.168 -22393 3349.89 -19043.2 53393.3 1.06845
1480000 1.1 302.249 142.212 -22416.6 3381.25 -19035.3 53681.7 1.06271
1481000 1.1 301.184 178.387 -22409 3369.33 -19039.7 53619.5 1.06396
1482000 1.1 300.014 31.7481 -22425.3 3356.25 -19069 53459 1.06715
1483000 1.1 299.921 -132.706 -22409.5 3355.21 -19054.3 53424.6 1.06782
1484000 1.1 302.286 17.634 -22393.8 3381.67 -19012.1 53602.8 1.06428
1485000 1.1 299.315 76.7324 -22387.6 3348.43 -19039.2 53348.9 1.06933
1486000 1.1 298.078 133.743 -22384.1 3334.59 -19049.5 53451.9 1.0673
1487000 1.1 298.641 205.733 -22357.6 3340.9 -19016.7 53233.9 1.07165
1488000 1.1 298.776 -94.3259 -22325.5 3342.4 -18983.1 53399.1 1.06833
1489000 1.1 299.559 114.077 -22375 3351.17 -19023.8 53591.1 1.06453
1490000 1.1 299.729 132.799 -22399.3 3353.06 -19046.3 53599.7 1.06434
1491000 1.1 298.597 203.851 -22444.2 3340.4 -19103.8 53457.4 1.06717
1492000 1.1 299.57 1.92733 -22388.3 3351.28 -19037 53375.8 1.0688
1493000 1.1 301.215 -10.288 -22408.5 3369.69 -19038.8 53439.3 1.06753
1494000 1.1 299.906 326.614 -22335.2 3355.04 -18980.1 53435.3 1.06763
1495000 1.1 299.751 89.5922 -22403.7 3353.31 -19050.4 53094 1.07447
1496000 1.1 298.305 -212.554 -22424.4 3337.14 -19087.3 53348.7 1.06936
1497000 1.1 300.014 42.7753 -22366 3356.25 -19009.8 53383.5 1.06865
1498000 1.1 298.136 40.0496 -22368.2 3335.25 -19032.9 52880.7 1.0788
1499000 1.1 299.208 95.5308 -22364.5 3347.23 -19017.3 53159.4 1.07319
1500000 1.1 301.488 45.7173 -22357.9 3372.74 -18985.2 53115.9 1.07403
1501000 1.1 301.051 -84.0521 -22308.6 3367.86 -18940.8 53493.9 1.06645
1502000 1.1 300.895 124.339 -22343.3 3366.11 -18977.2 53423.1 1.06786
1503000 1.1 299.085 119.203 -22336.9 3345.86 -18991 53616 1.06401
1504000 1.1 301.898 -130.175 -22454.8 3377.33 -19077.5 53542.8 1.06547
1505000 1.1 300.488 20.7604 -22434.1 3361.56 -19072.5 53643.7 1.06347
1506000 1.1 299.769 21.7452 -22421.1 3353.51 -19067.6 53255.8 1.07121
1507000 1.1 300.26 68.4853 -22384.2 3359.01 -19025.2 53257.5 1.0712
1508000 1.1 297.353 -239.641 -22357.2 3326.48 -19030.7 53260.8 1.07112
1509000 1.1 300.301 -52.587 -22327.1 3359.46 -18967.6 53098.5 1.07437
1510000 1.1 301.65 179.433 -22346.2 3374.55 -18971.7 53406.2 1.06822
1511000 1.1 301.372 14.1495 -22383.1 3371.44 -19011.7 53165.3 1.07306
1512000 1.1 300.3 -12.8119 -22477.5 3359.45 -19118 53204.3 1.07225
1513000 1.1 300.263 -143.514 -22421.7 3359.04 -19062.7 53021.8 1.07595
1514000 1.1 299.203 -274.911 -22352.2 3347.18 -19005 53071 1.07495
1515000 1.1 299.104 112.413 -22297.4 3346.07 -18951.4 52843.5 1.07957
1516000 1.1 300.801 -25.139 -22343.1 3365.05 -18978.1 53059.7 1.07516
1517000 1.1 300.568 -29.697 -22360.6 3362.45 -18998.2 53402.1 1.06829
1518000 1.1 302.012 209.008 -22372.9 3378.61 -18994.3 53189.9 1.07257
1519000 1.1 299.258 -185.068 -22358.4 3347.8 -19010.6 53400.5 1.0683
1520000 1.1 300.04 -125.986 -22363.8 3356.54 -19007.3 53455.4 1.0672
1521000 1.1 298.929 -267.201 -22370 3344.11 -19025.8 53318.4 1.06995
1522000 1.1 299.039 382.529 -22426.5 3345.34 -19081.2 53311.1 1.0701
1523000 1.1 298.894 112.248 -22397 3343.72 -19053.2 53235.5 1.07163
1524000 1.1 299.638 -1.82812 -22375.6 3352.05 -19023.6 53317.7 1.06997
1525000 1.1 299.506 46.5026 -22377.6 3350.57 -19027.1 52995.4 1.07647
1526000 1.1 300.738 -236.507 -22405.4 3364.35 -19041.1 53297 1.07041
1527000 1.1 299.278 -205.412 -22374 3348.02 -19026 53705.9 1.06225
1528000 1.1 299.341 144.757 -22297.6 3348.72 -18948.9 53829.7 1.05982
1529000 1.1 299.235 -119.379 -22354 3347.54 -19006.5 53597 1.06441
1530000 1.1 301.556 -141.432 -22444.9 3373.5 -19071.4 53352.7 1.06927
1531000 1.1 301.643 91.4197 -22420.5 3374.48 -19046 53722.1 1.06193
1532000 1.1 299.947 -103.342 -22385.7 3355.5 -19030.2 53385.1 1.06865
1533000 1.1 298.605 -166.15 -22375.7 3340.48 -19035.2 53131.4 1.07373
1534000 1.1 298.836 94.427 -22435.3 3343.08 -19092.2 53331.9 1.06969
1535000 1.1 299.73 -99.0896 -22333.4 3353.07 -18980.3 53366.4 1.06899
1536000 1.1 299.787 -157.84 -22402.8 3353.71 -19049.1 53273.1 1.07089
1537000 1.1 301.225 -54.4515 -22353.5 3369.8 -18983.7 53542.6 1.06547
1538000 1.1 298.671 109.949 -22390.9 3341.23 -19049.7 53092.1 1.07452
1539000 1.1 300.007 58.0941 -22411.8 3356.17 -19055.6 52850.4 1.07943
1540000 1.1 299.381 162.856 -22448.1 3349.17 -19098.9 52808.1 1.08029
1541000 1.1 299.84 117.721 -22373.1 3354.3 -19018.8 52948.3 1.07746
1542000 1.1 299.079 4.4026 -22388.8 3345.79 -19043 53111.6 1.07414
1543000 1.1 301.07 198.311 -22394.1 3368.06 -19026 53254.3 1.07124
1544000 1.1 299.918 -203.677 -22462.8 3355.18 -19107.7 53322.1 1.06989
1545000 1.1 300.908 -172.025 -22466.8 3366.25 -19100.6 53508.6 1.06615
1546000 1.1 299.385 89.4331 -22442.5 3349.22 -19093.3 53053.7 1.0753
1547000 1.1 298.889 -80.0483 -22383.4 3343.66 -19039.8 53417.5 1.06796
1548000 1.1 299.023 -190.889 -22349.5 3345.16 -19004.3 53035.7 1.07566
1549000 1.1 298.994 155.072 -22410.2 3344.84 -19065.4 53228.4 1.07175
1550000 1.1 299.381 -253.158 -22382.1 3349.17 -19032.9 53348.8 1.06933
1551000 1.1 299.252 338.927 -22416.2 3347.73 -19068.5 53004.3 1.07631
1552000 1.1 300.001 238.651 -22437.8 3356.1 -19081.7 52954.4 1.0773
1553000 1.1 300.943 34.6484 -22402.2 3366.64 -19035.5 53201.1 1.07234
1554000 1.1 300.824 -111.05 -22359.9 3365.32 -18994.6 52997.6 1.07645
1555000 1.1 299.597 -115.807 -22372.9 3351.59 -19021.4 53202.6 1.0723
1556000 1.1 297.514 -37.2557 -22429.9 3328.28 -19101.6 53366.6 1.06899
1557000 1.1 300.325 -5.16958 -22386 3359.73 -19026.2 53682.2 1.06272
1558000 1.1 298.395 168.537 -22303.4 3338.14 -18965.2 53163.7 1.07307
1559000 1.1 300.267 -4.99574 -22367.8 3359.08 -19008.7 53376.9 1.06877
1560000 1.1 298.263 74.311 -22411.5 3336.67 -19074.9 53188.7 1.07257
1561000 1.1 299.116 138.589 -22352.1 3346.2 -19005.9 53183.8 1.07267
1562000 1.1 297.226 -27.9347 -22377.2 3325.06 -19052.2 53289.6 1.07054
1563000 1.1 300.248 -273.811 -22355.2 3358.86 -18996.4 53283.1 1.07069
1564000 1.1 300.475 -178.05 -22342.7 3361.4 -18981.3 53243.8 1.07144
1565000 1.1 300.928 288.599 -22396.4 3366.47 -19030 53537 1.06559
1566000 1.1 302.668 -184.24 -22465.2 3385.94 -19079.2 53405.7 1.0682
1567000 1.1 301.635 -163.29 -22359.3 3374.38 -18984.9 53772.3 1.06093
1568000 1.1 299.681 -0.0054672 -22384.6 3352.52 -19032.1 53512.5 1.06607
1569000 1.1 302.072 -7.5809 -22428.9 3379.27 -19049.6 53372.2 1.06889
1570000 1.1 301.054 31.8541 -22405.6 3367.88 -19037.8 53727.3 1.06182
1571000 1.1 300.59 -94.3584 -22311.7 3362.7 -18949 53357.3 1.06917
1572000 1.1 300.313 307.859 -22367.6 3359.6 -19008 53053.5 1.07531
1573000 1.1 298.969 50.938 -22406.5 3344.56 -19061.9 53016.6 1.07604
1574000 1.1 299.822 196.891 -22381.4 3354.1 -19027.3 53192.5 1.0725
1575000 1.1 299.639 -38.4006 -22362.4 3352.05 -19010.3 53068.2 1.07499
1576000 1.1 300.17 -121.949 -22314.3 3358 -18956.3 53363.6 1.06905
1577000 1.1 301.934 -138.741 -22385.6 3377.73 -19007.9 53196 1.07247
1578000 1.1 299.506 -107.748 -22439.3 3350.57 -19088.8 53469.5 1.06692
1579000 1.1 298.567 172.235 -22417.8 3340.06 -19077.7 53507.6 1.06617
1580000 1.1 300.423 -97.1068 -22399.9 3360.83 -19039 53547.5 1.06538
1581000 1.1 300.448 27.0962 -22354.3 3361.1 -18993.2 53395.1 1.06842
1582000 1.1 300.073 -288.592 -22455.6 3356.91 -19098.7 52907.1 1.07827
1583000 1.1 299.587 -83.8161 -22420.5 3351.48 -19069 52991.1 1.07657
1584000 1.1 299.327 -58.4417 -22403.6 3348.57 -19055 53392.6 1.06847
1585000 1.1 300.419 74.7618 -22433.5 3360.78 -19072.7 53455.2 1.06722
1586000 1.1 299.129 -397.319 -22383.3 3346.35 -19037 52994.1 1.0765
1587000 1.1 299.12 -68.8587 -22401.4 3346.24 -19055.2 53105.8 1.07425
1588000 1.1 297.488 -60.0866 -22425.4 3327.99 -19097.4 53463.6 1.06704
1589000 1.1 298.087 73.4883 -22383.3 3334.7 -19048.6 53295.1 1.07041
1590000 1.1 300.673 -218.934 -22370.3 3363.62 -19006.7 53382.1 1.06868
1591000 1.1 299.436 322.285 -22320.3 3349.79 -18970.5 53411.8 1.06813
1592000 1.1 298.95 55.5403 -22393.3 3344.35 -19049 53296.4 1.0704
1593000 1.1 301.598 139.642 -22364 3373.97 -18990.1 53572 1.0649
1594000 1.1 299.289 10.9191 -22344.8 3348.14 -18996.6 53247.3 1.07137
1595000 1.1 299.843 431.299 -22403.4 3354.34 -19049 53040.2 1.07558
1596000 1.1 298.606 102.371 -22374.6 3340.5 -19034.1 53232.4 1.07168
1597000 1.1 300.231 118.665 -22451.5 3358.68 -19092.8 53008.6 1.0762
1598000 1.1 299.749 -156.15 -22412.6 3353.28 -19059.3 53126 1.07382
1599000 1.1 298.889 79.3576 -22387.8 3343.67 -19044.2 53261 1.0711
1600000 1.1 300.363 30.4101 -22425.1 3360.15 -19064.9 53050.9 1.07535
