# Time-averaged data for fix msd_avg
# TimeStep c_msd_water[1] c_msd_water[2] c_msd_water[3] c_msd_water[4]
601000 0.710166 0.758533 0.73195 2.20065
602000 1.79622 1.87414 1.77645 5.44681
603000 2.7081 2.60202 2.83925 8.14938
604000 3.38699 3.20296 3.83584 10.4258
605000 4.24655 4.12108 4.47578 12.8434
606000 5.19283 5.19309 5.36564 15.7516
607000 5.96049 5.83796 6.02145 17.8199
608000 6.69267 6.94817 6.94751 20.5883
609000 7.62589 7.73272 8.28535 23.644
610000 8.5661 8.57213 9.23608 26.3743
611000 9.36568 9.26324 10.3211 28.95
612000 10.7084 10.0372 11.0054 31.751
613000 11.5478 10.672 11.8989 34.1186
614000 12.5337 11.841 12.9659 37.3406
615000 13.074 13.1903 14.4435 40.7077
616000 14.0786 14.3854 15.1957 43.6597
617000 15.2464 15.3419 15.3065 45.8948
618000 16.3687 16.139 16.7223 49.2299
619000 17.2793 16.9525 17.7884 52.0201
620000 18.3014 18.1059 18.1032 54.5105
621000 18.4667 18.885 19.2235 56.5753
622000 19.3974 19.265 20.263 58.9254
623000 20.0843 20.5251 21.3699 61.9793
624000 21.5053 21.1421 22.5035 65.151
625000 21.9419 21.7827 23.6516 67.3762
626000 22.8419 22.3415 23.7565 68.9398
627000 23.668 22.6982 24.0203 70.3865
628000 24.2043 23.6434 24.3522 72.2
629000 24.1328 24.3957 24.9459 73.4743
630000 24.9219 25.0226 25.8931 75.8376
631000 25.7094 25.5944 27.1653 78.4691
632000 25.6771 26.2854 27.647 79.6095
633000 26.3815 26.7239 28.4836 81.5889
634000 27.296 27.234 29.8796 84.4096
635000 28.1102 28.0674 30.4905 86.6681
636000 29.0004 28.867 30.9892 88.8566
637000 30.0355 29.3932 32.1288 91.5575
638000 30.7838 29.8037 33.209 93.7965
639000 31.3207 30.8277 34.0808 96.2292
640000 31.8353 32.1482 34.519 98.5024
641000 31.8632 32.8273 34.7634 99.4538
642000 32.3939 33.473 36.058 101.925
643000 33.5194 34.5859 37.2251 105.33
644000 34.714 34.9929 39.3152 109.022
645000 35.2599 35.9954 39.6379 110.893
646000 35.9403 36.758 40.2689 112.967
647000 37.2957 37.6117 41.6366 116.544
648000 38.1646 38.1776 42.5465 118.889
649000 39.1432 38.8417 43.5045 121.489
650000 40.4117 40.2438 44.7863 125.442
651000 41.4167 41.5539 45.3896 128.36
652000 42.3858 42.1617 46.7545 131.302
653000 43.1242 43.1415 47.7636 134.029
654000 43.6777 44.6436 48.6148 136.936
655000 45.0802 46.5282 49.8103 141.419
656000 46.388 47.5943 50.9311 144.913
657000 46.9512 47.702 51.6977 146.351
658000 47.3659 48.7015 52.7358 148.803
659000 48.1195 48.8116 53.456 150.387
660000 48.5936 49.6521 54.3526 152.598
661000 49.661 50.6617 55.424 155.747
662000 50.4406 51.0927 56.0369 157.57
663000 51.1025 51.1021 56.6383 158.843
664000 51.321 51.0293 57.7303 160.081
665000 51.4309 51.8265 57.9707 161.228
666000 52.0415 53.0221 58.6676 163.731
667000 53.149 54.4854 60.1746 167.809
668000 53.3163 54.9493 61.096 169.362
669000 53.2369 56.2673 61.4441 170.948
670000 54.1313 57.3967 62.3828 173.911
671000 55.4885 58.234 62.5392 176.262
672000 56.2841 59.1209 63.2737 178.679
673000 57.2338 59.3208 63.819 180.374
674000 57.0868 59.7543 64.5391 181.38
675000 58.0402 60.4808 65.4812 184.002
676000 59.1946 61.7058 66.698 187.599
677000 60.7037 62.4451 67.7815 190.93
678000 61.8925 63.1437 67.9376 192.974
679000 63.2833 64.2124 68.3988 195.894
680000 64.8613 64.7147 68.9899 198.566
681000 65.5296 65.5337 69.6071 200.67
682000 66.5143 66.6131 69.9513 203.079
683000 67.4318 67.13 70.5062 205.068
684000 68.4283 67.9593 72.1358 208.523
685000 69.4384 68.6822 73.2278 211.348
686000 70.4629 69.7599 74.0969 214.32
687000 71.5228 70.99 74.5013 217.014
688000 72.7423 72.1458 75.7453 220.633
689000 72.8348 72.3912 75.5216 220.748
690000 72.9984 73.0841 76.8151 222.898
691000 73.4585 74.0929 77.2348 224.786
692000 74.2373 75.2834 77.7946 227.315
693000 75.4399 75.8651 79.0884 230.393
694000 76.6004 77.6346 79.4465 233.682
695000 77.1165 78.2689 79.8209 235.206
696000 78.5339 78.8806 80.3908 237.805
697000 79.1821 79.544 80.2868 239.013
698000 80.0197 80.9178 81.3528 242.29
699000 81.0618 82.4586 82.5077 246.028
700000 81.8618 82.2843 83.2041 247.35
701000 82.8298 81.9833 83.5209 248.334
702000 84.2083 81.9668 84.0023 250.177
703000 84.7146 83.0274 84.3699 252.112
704000 86.2112 83.5063 85.2669 254.984
705000 86.509 83.7411 86.7013 256.951
706000 87.6478 84.157 87.4856 259.29
707000 87.5962 84.1711 87.1218 258.889
708000 88.3456 84.4045 87.7377 260.488
709000 90.0657 85.1628 88.9396 264.168
710000 90.5211 85.3945 90.2735 266.189
711000 92.1759 86.1128 91.5286 269.817
712000 93.3228 86.0514 91.8306 271.205
713000 93.5549 86.9419 92.167 272.664
714000 94.7447 88.1849 92.3513 275.281
715000 95.8891 89.5335 93.291 278.714
716000 97.8594 91.015 94.6858 283.56
717000 98.33 91.9431 96.7117 286.985
718000 99.0295 93.0729 97.9518 290.054
719000 99.8382 93.9783 99.2815 293.098
720000 101.704 95.5281 101.547 298.779
721000 101.392 96.8476 102.38 300.619
722000 101.325 97.6725 102.944 301.942
723000 102.532 98.0713 103.456 304.059
724000 102.626 98.5455 104.077 305.248
725000 103.642 99.6415 105.033 308.317
726000 104.133 99.8533 105.961 309.947
727000 104.647 100.776 106.904 312.326
728000 105.518 101.747 107.29 314.555
729000 107.304 101.558 107.534 316.396
730000 107.94 102.623 108.562 319.125
731000 108.816 103.773 108.224 320.812
732000 110.46 104.942 108.729 324.131
733000 112.166 105.764 110.794 328.725
734000 111.475 106.121 111.163 328.759
735000 111.594 106.831 111.922 330.348
736000 111.955 107.676 112.555 332.187
737000 112.237 108.496 113.784 334.518
738000 114.398 110.152 114.924 339.475
739000 114.91 111.293 115.308 341.51
740000 114.315 112.192 114.913 341.419
741000 115.449 112.942 116.362 344.753
742000 116.947 114.036 117.05 348.033
743000 116.702 115.261 117.048 349.011
744000 117.051 115.282 117.414 349.748
745000 117.818 116.201 118.193 352.212
746000 119.315 116.537 119.661 355.513
747000 119.527 117.206 120.47 357.204
748000 119.348 117.778 119.749 356.876
749000 119.77 118.962 121.031 359.763
750000 120.681 119.561 122.701 362.944
751000 121.308 119.496 123.279 364.083
752000 121.298 120.693 124.893 366.883
753000 122.164 121.855 125.082 369.1
754000 122.368 121.794 125.579 369.741
755000 123.215 123.003 126.543 372.761
756000 124.673 123.92 127.457 376.049
757000 126.433 125.085 128.675 380.193
758000 128.001 125.451 128.308 381.76
759000 128.123 126.452 128.313 382.889
760000 129.695 127.418 129.091 386.204
761000 130.611 128.456 130.596 389.662
762000 131.441 129.432 131.916 392.789
763000 131.286 130.032 132.146 393.464
764000 132.034 131.031 132.168 395.232
765000 134.221 132.62 133.471 400.312
766000 134.116 131.912 132.58 398.607
767000 135.417 132.308 133.622 401.346
768000 136.744 134.294 135.455 406.493
769000 137.058 134.516 136.337 407.912
770000 136.83 133.81 136.305 406.944
771000 137.491 134.845 135.996 408.333
772000 138.544 136.545 137.776 412.865
773000 139.281 138.136 139.571 416.988
774000 140.298 138.998 140.671 419.966
775000 141.854 139.458 141.838 423.151
776000 141.659 139.408 143.099 424.166
777000 143.608 141.038 144.905 429.551
778000 143.507 141.508 144.963 429.977
779000 144.053 143.115 144.768 431.937
780000 144.708 144.299 145.707 434.714
781000 146.297 145.802 147.431 439.53
782000 146.787 145.511 147.551 439.849
783000 148.504 146.237 148.866 443.607
784000 149.114 146.905 150.572 446.59
785000 150.338 147.423 152.69 450.451
786000 150.856 148.486 152.633 451.975
787000 151.635 149.369 153.553 454.557
788000 152.406 150.168 153.175 455.75
789000 153.769 150.349 153.441 457.56
790000 154.798 151.227 154.278 460.303
791000 154.529 152.569 154.761 461.859
792000 155.722 153.117 154.463 463.302
793000 156.791 153.473 156.892 467.157
794000 156.641 153.922 157.79 468.353
795000 158.317 154.248 158.342 470.908
796000 160.049 153.92 158.806 472.775
797000 161.803 155.439 160.837 478.079
798000 163.024 156.665 161.376 481.066
799000 163.364 156.043 161.792 481.199
800000 164.357 157.365 163.312 485.034
801000 165.403 159.022 165.855 490.279
802000 165.897 159.474 165.681 491.053
803000 168.266 160.431 165.386 494.083
804000 168.334 160.91 166.593 495.837
805000 168.507 161.547 167.2 497.254
806000 169.251 161.823 167.624 498.697
807000 171.552 164.458 170.063 506.072
808000 172.471 164.265 170.421 507.157
809000 174.114 166.285 172.03 512.429
810000 175.01 166.588 171.478 513.077
811000 175.84 166.604 171.409 513.854
812000 177.141 168.389 172.684 518.214
813000 177.987 168.682 172.962 519.631
814000 178.555 169.724 173.434 521.713
815000 181.345 171.143 175.861 528.349
816000 180.539 171.191 175.809 527.539
817000 180.347 172.093 174.667 527.107
818000 181.557 175.627 176.672 533.855
819000 183.538 177.928 178.124 539.589
820000 183.654 179.07 178.401 541.125
821000 184.683 178.97 179.344 542.997
822000 187.257 179.873 179.435 546.565
823000 189.515 179.123 179.962 548.6
824000 189.915 179.041 180.822 549.779
825000 189.353 179.342 182.061 550.756
826000 188.966 181.431 183.448 553.845
827000 190.4 182.905 184.538 557.842
828000 190.856 182.118 183.973 556.947
829000 192.032 183.292 185.36 560.684
830000 192.559 182.427 183.943 558.929
831000 194.092 182.508 184.392 560.991
832000 195.211 184 187.443 566.654
833000 195.011 183.508 188.753 567.272
834000 195.518 185.065 188.65 569.233
835000 197.116 187.799 189.768 574.682
836000 198.278 188.759 191.428 578.465
837000 198.885 189.742 192.651 581.278
838000 200.324 190.563 194.136 585.022
839000 201.897 192.455 195.763 590.116
840000 203.305 194.184 197.257 594.746
841000 203.688 195.127 198.441 597.255
842000 203.819 196.366 199.607 599.792
843000 205.034 197.538 200.533 603.105
844000 204.935 198.537 202.943 606.415
845000 204.493 199.519 201.966 605.979
846000 205.959 199.885 202.546 608.391
847000 208.12 200.276 203.407 611.803
848000 209.487 200.895 204.436 614.817
849000 210.143 201.845 205.183 617.171
850000 211.101 202.515 206.163 619.779
851000 212.016 202.978 205.496 620.49
852000 212.168 204.076 207.171 623.415
853000 214.101 204.922 208.64 627.662
854000 213.893 206.144 209.786 629.823
855000 213.726 205.557 210.762 630.045
856000 214.631 206.164 211.639 632.435
857000 215.82 206.55 211.898 634.267
858000 215.749 207.165 211.955 634.869
859000 217.585 209.553 213.665 640.802
860000 218.064 212.003 216.303 646.369
861000 218.46 212.037 217.216 647.713
862000 219.022 212.375 217.495 648.892
863000 220.733 213.102 217.588 651.422
864000 222.471 213.289 218.211 653.97
865000 223.132 213.474 218.195 654.802
866000 224.306 213.361 218.144 655.811
867000 225.359 214.815 219.52 659.694
868000 226.871 216.538 219.48 662.889
869000 225.942 216.786 219.216 661.944
870000 228.469 218.533 221.967 668.968
871000 229.777 219.017 223.294 672.088
872000 230.502 219.71 223.551 673.764
873000 230.716 220.18 223.766 674.661
874000 230 220.365 225.874 676.239
875000 230.88 222.064 225.895 678.839
876000 232.046 223.036 227.866 682.948
877000 232.461 222.126 227.574 682.16
878000 234.27 223.158 230.193 687.622
879000 235.369 223.992 232.224 691.585
880000 236.457 223.827 232.796 693.081
881000 236.54 222.936 232.267 691.743
882000 237.548 222.734 232.345 692.627
883000 239.975 225.362 235.405 700.743
884000 242.578 227.828 238.445 708.851
885000 242.527 228.195 240.799 711.521
886000 242.375 228.483 241.947 712.805
887000 241.764 228.188 243.066 713.017
888000 242.402 228.891 244.023 715.316
889000 243.291 229.208 243.392 715.892
890000 245.232 230.69 244.878 720.8
891000 246.411 231.921 245.702 724.034
892000 248.564 232.967 246.984 728.515
893000 250.17 234.255 247.696 732.121
894000 252.223 236.779 247.986 736.988
895000 254.211 238.394 249.148 741.753
896000 254.962 238.164 249.311 742.437
897000 256.53 240.026 249.285 745.841
898000 259.076 241.854 250.954 751.883
899000 259.085 242.087 251.082 752.254
900000 258.991 241.305 251.198 751.494
901000 258.843 242.935 252.131 753.91
902000 261.142 243.974 253.656 758.772
903000 260.865 242.895 253.416 757.176
904000 262.716 244.333 254.277 761.326
905000 261.512 243.348 252.926 757.787
906000 263.193 244.217 255.162 762.572
907000 264.904 246.873 257.221 768.999
908000 266.245 248.844 258.916 774.005
909000 265.934 249.319 260.027 775.281
910000 267.409 250.293 260.3 778.002
911000 267.522 250.226 259.843 777.591
912000 267.654 249.225 259.387 776.267
913000 268.812 250.266 261.547 780.624
914000 268.392 251.344 262.881 782.617
915000 269.471 251.51 262.627 783.608
916000 270.619 253.343 264.531 788.494
917000 272.264 256.836 265.348 794.448
918000 272.36 258.549 265.326 796.235
919000 271.679 258.853 267.013 797.545
920000 273.078 259.149 268.933 801.16
921000 274.573 260.811 270.541 805.926
922000 277.781 263.48 273.75 815.012
923000 275.78 262.452 272.218 810.45
924000 276.101 263.697 273.43 813.228
925000 276.39 262.744 275.1 814.234
926000 277.585 263.292 275.145 816.023
927000 279.295 265.147 276.31 820.752
928000 279.529 267.025 276.682 823.236
929000 281.984 268.617 277.466 828.066
930000 282.401 268.08 277.767 828.248
931000 282.648 267.995 277.362 828.005
932000 283.806 269.923 278.501 832.231
933000 283.979 271.666 278.547 834.191
934000 285.198 271.673 278.291 835.162
935000 285.007 271.703 277.769 834.479
936000 286.317 275.579 279.501 841.397
937000 286.688 276.747 281.583 845.017
938000 287.261 278.913 283.947 850.121
939000 286.401 278.225 283.042 847.668
940000 288.428 279.195 285.481 853.104
941000 290.386 279.965 288.428 858.779
942000 290.572 279.909 287.309 857.79
943000 291.108 282.213 286.8 860.122
944000 291.91 283.923 287.951 863.784
945000 292.125 285.906 288.239 866.27
946000 291.183 286.588 289.47 867.241
947000 290.674 286.111 291.965 868.75
948000 291.392 287.17 292.822 871.383
949000 291.579 289.712 293.1 874.392
950000 292.571 293.814 295.058 881.443
951000 294.274 295.288 295.746 885.308
952000 292.527 293.257 294.728 880.512
953000 292.639 294.116 296.092 882.847
954000 294.37 297.064 298.502 889.936
955000 294.974 299.23 298.753 892.957
956000 295.468 299.15 299.891 894.51
957000 295.011 299.185 300.124 894.321
958000 297.196 301.095 301.221 899.512
959000 296.977 301.132 301.067 899.175
960000 297.251 303.112 302.29 902.653
961000 297.112 301.868 303.365 902.346
962000 298.102 302.762 305.755 906.619
963000 301.087 303.531 308.602 913.221
964000 301.778 301.961 309.568 913.307
965000 302.484 303.218 311.59 917.292
966000 303.624 302.822 313.699 920.144
967000 303.621 302.459 312.912 918.991
968000 304.187 303.898 313.287 921.371
969000 304.717 303.763 315.209 923.689
970000 303.883 304.037 315.425 923.345
971000 304.369 305.296 314.585 924.25
972000 303.497 304.581 313.434 921.512
973000 306.17 306.517 315.01 927.697
974000 306.527 307.887 315.879 930.292
975000 307.465 309.176 317.495 934.136
976000 309.098 310.442 319.269 938.809
977000 310.309 312.551 320.029 942.89
978000 310.99 312.254 319.63 942.874
979000 311.712 312.582 321.207 945.5
980000 313.775 314.905 324.012 952.692
981000 313.577 314.236 324.094 951.907
982000 314.452 315.916 325.775 956.143
983000 315.57 317.245 325.028 957.843
984000 317.701 318.477 327.22 963.398
985000 317.057 319.88 328.283 965.22
986000 316.448 320.623 329.716 966.786
987000 316.893 319.709 330.662 967.264
988000 318.069 320.756 329.612 968.437
989000 318.676 321.065 329.831 969.572
990000 319.792 321.298 331.331 972.421
991000 321.637 321.976 334.724 978.337
992000 320.773 320.189 333.515 974.477
993000 321.554 322.286 335.862 979.703
994000 323.337 324.233 337.572 985.142
995000 324.057 322.86 338.859 985.776
996000 324.382 322.119 339.923 986.424
997000 325.957 321.772 342.127 989.856
998000 326.558 319.904 342.401 988.864
999000 327.929 320.185 345.298 993.413
1000000 329.393 320.939 347.459 997.791
1001000 329.074 319.767 347.55 996.391
1002000 332.104 321.597 348.988 1002.69
1003000 334.768 321.503 348.902 1005.17
1004000 335.536 322.925 348.631 1007.09
1005000 336.29 324.743 348.428 1009.46
1006000 338.719 326.768 349.443 1014.93
1007000 339.588 327.67 351.052 1018.31
1008000 340.402 328.377 352.772 1021.55
1009000 339.954 328.746 352.832 1021.53
1010000 341.38 330.444 353.328 1025.15
1011000 340.466 330.055 352.404 1022.92
1012000 341.331 329.767 352.731 1023.83
1013000 341.957 331.023 353.553 1026.53
1014000 342.518 332.055 356.009 1030.58
1015000 344.077 332.45 356.52 1033.05
1016000 344.79 332.265 357.159 1034.21
1017000 345.563 332.841 356.826 1035.23
1018000 345.493 333.37 358.795 1037.66
1019000 347.295 333.528 359.232 1040.06
1020000 348.704 333.386 358.803 1040.89
1021000 350.251 335.085 360.823 1046.16
1022000 351.295 336.512 362.059 1049.87
1023000 352.989 337.984 364.15 1055.12
1024000 352.702 337.943 365.518 1056.16
1025000 353.009 337.684 365.747 1056.44
1026000 351.703 337.843 365.228 1054.77
1027000 353.178 338.271 366.903 1058.35
1028000 354.097 338.533 370.335 1062.97
1029000 355.824 340.231 371.119 1067.17
1030000 355.775 341.478 371.658 1068.91
1031000 354.966 342.481 370.966 1068.41
1032000 357.039 346.119 374.196 1077.35
1033000 355.538 345.369 372.589 1073.5
1034000 357.624 348.264 375.22 1081.11
1035000 357.956 348.115 376.356 1082.43
1036000 359.297 350.148 378.924 1088.37
1037000 359.724 350.947 379.795 1090.47
1038000 360.228 352.192 380.625 1093.04
1039000 361.917 354.097 382.87 1098.88
1040000 363.744 353.558 384.739 1102.04
1041000 363.944 352.907 384.554 1101.41
1042000 364.122 352.44 383.636 1100.2
1043000 363.11 353.485 382.988 1099.58
1044000 362.646 354.03 382.65 1099.33
1045000 363.566 355.649 384.228 1103.44
1046000 365.459 355.933 385.581 1106.97
1047000 367.516 356.637 387.889 1112.04
1048000 367.703 355.953 387.829 1111.48
1049000 367.719 356.296 390.202 1114.22
1050000 369.989 358.056 390.791 1118.84
1051000 370.938 358 391.721 1120.66
1052000 372.617 359.993 391.561 1124.17
1053000 374.836 362.523 393.458 1130.82
1054000 374.912 363.237 393.597 1131.75
1055000 376.582 363.356 393.374 1133.31
1056000 377.118 363.862 392.566 1133.55
1057000 380.706 366.971 395.452 1143.13
1058000 380.831 368.827 395.04 1144.7
1059000 384.011 370.583 396.799 1151.39
1060000 385.22 373.716 399.311 1158.25
1061000 384.628 374.949 397.252 1156.83
1062000 385.922 374.815 398.666 1159.4
1063000 386.418 375.917 397.133 1159.47
1064000 389.079 378.695 400.026 1167.8
1065000 388.37 378.315 399.89 1166.57
1066000 387.828 376.502 399.558 1163.89
1067000 389.222 378.608 400.262 1168.09
1068000 390.662 379.791 401.588 1172.04
1069000 392.962 381.014 404.517 1178.49
1070000 393.003 381.955 407.433 1182.39
1071000 391.338 380.314 405.32 1176.97
1072000 393.425 384.153 407.853 1185.43
1073000 394.844 385.643 407.602 1188.09
1074000 396.136 387.391 408.988 1192.52
1075000 395.687 386.753 408.295 1190.73
1076000 396.496 387.45 408.437 1192.38
1077000 397.715 389.105 410.494 1197.31
1078000 400.37 391.895 411.328 1203.59
1079000 400.008 390.46 409.933 1200.4
1080000 401.03 392.919 411.443 1205.39
1081000 401.844 395.473 416.046 1213.36
1082000 404.098 398.029 417.163 1219.29
1083000 403.329 397.856 414.565 1215.75
1084000 402.273 396.296 413.903 1212.47
1085000 402.246 394.368 414.101 1210.72
1086000 405.021 395.98 415.075 1216.08
1087000 405.492 399.205 414.12 1218.82
1088000 405.584 400.266 414.449 1220.3
1089000 404.843 400.472 412.09 1217.4
1090000 405.912 401.998 412.582 1220.49
1091000 405.049 401.856 410.098 1217
1092000 405.471 403.539 412.632 1221.64
1093000 406.93 404.573 414.392 1225.9
1094000 411.574 408.036 419.069 1238.68
1095000 412.982 408.175 422.022 1243.18
1096000 414.345 406.655 422.455 1243.46
1097000 414.985 408.653 423.451 1247.09
1098000 414.396 409.281 425.439 1249.12
1099000 415.823 412.625 427.612 1256.06
1100000 418.045 414.583 429.55 1262.18
1101000 416.437 414.131 429.068 1259.64
1102000 416.619 415.521 428.848 1260.99
1103000 415.986 414.338 429.579 1259.9
1104000 419.085 417.054 432.968 1269.11
1105000 419.389 416.959 434.002 1270.35
1106000 421.904 418.421 435.669 1275.99
1107000 421.967 418.402 435.656 1276.03
1108000 422.82 417.357 434.087 1274.26
1109000 424.048 418.331 434.498 1276.88
1110000 423.772 418.073 433.91 1275.75
1111000 425.074 419.159 436.437 1280.67
1112000 425.785 417.493 434.901 1278.18
1113000 428.268 419.583 438.251 1286.1
1114000 431.236 421.664 439.658 1292.56
1115000 431.885 422.064 439.048 1293
1116000 430.638 421.79 437.105 1289.53
1117000 431.57 423.947 438.416 1293.93
1118000 431.914 421.919 436.779 1290.61
1119000 433.292 425.62 438.278 1297.19
1120000 433.984 426.751 439.628 1300.36
1121000 436.104 428.95 441.268 1306.32
1122000 432.655 429.029 439.828 1301.51
1123000 432.887 430.832 440.452 1304.17
1124000 435.319 434.305 441.28 1310.9
1125000 437.936 434.476 441.71 1314.12
1126000 437.599 433.08 439.813 1310.49
1127000 439.254 434.911 441.788 1315.95
1128000 441.776 436.008 445.104 1322.89
1129000 443.687 437.598 445.857 1327.14
1130000 444.675 439.502 447.186 1331.36
1131000 446.217 440.214 447.812 1334.24
1132000 450.929 444.094 450.122 1345.15
1133000 452.755 444.853 450.618 1348.23
1134000 452.955 443.291 450.797 1347.04
1135000 453.923 440.764 449.833 1344.52
1136000 454.719 438.845 447.192 1340.76
1137000 456.63 440.13 447.578 1344.34
1138000 459.52 440.816 448.649 1348.99
1139000 459.068 439.776 448.481 1347.33
1140000 456.152 438.297 447.476 1341.93
1141000 457.901 439.482 448.307 1345.69
1142000 459.931 440.701 448.704 1349.34
1143000 460.958 441.197 449.555 1351.71
1144000 462.527 440.443 449.997 1352.97
1145000 462.185 441.735 448.144 1352.06
1146000 463.294 444.733 448.871 1356.9
1147000 464.352 447.624 450.726 1362.7
1148000 466.563 451.04 452.557 1370.16
1149000 468.302 452.128 452.604 1373.03
1150000 469.785 451.916 452.627 1374.33
1151000 468.882 453.762 451.345 1373.99
1152000 470.581 453.907 452.062 1376.55
1153000 469.691 453.901 454.086 1377.68
1154000 469.571 454.13 454.142 1377.84
1155000 470.569 454.851 455.215 1380.64
1156000 468.202 453.295 456.791 1378.29
1157000 471.429 454.465 458.8 1384.69
1158000 476.49 458.032 462.387 1396.91
1159000 476.737 458.02 462.529 1397.29
1160000 476.816 457.027 462.19 1396.03
1161000 476.577 456.846 462.166 1395.59
1162000 478.886 458.749 463.24 1400.88
1163000 479.987 460.248 462.886 1403.12
1164000 483.241 461.357 466.633 1411.23
1165000 482.734 460.88 466.882 1410.5
1166000 482.304 461.54 466.38 1410.22
1167000 480.381 462.64 465.817 1408.84
1168000 481.478 462.221 466.603 1410.3
1169000 483.175 464.39 468.583 1416.15
1170000 482.333 464.629 467.828 1414.79
1171000 482.228 463.067 466.882 1412.18
1172000 483.958 463.726 467.907 1415.59
1173000 485.677 463.785 470.152 1419.61
1174000 484.676 462.522 470.051 1417.25
1175000 485.825 462.953 469.24 1418.02
1176000 483.699 463.638 468.086 1415.42
1177000 484.252 464.426 470.949 1419.63
1178000 487.246 468.021 474.591 1429.86
1179000 488.228 469.027 475.862 1433.12
1180000 491.465 472.41 479.213 1443.09
1181000 489.677 472.55 479.903 1442.13
1182000 489.273 472.055 481.003 1442.33
1183000 488.661 471.945 479.917 1440.52
1184000 489.731 471.558 482.28 1443.57
1185000 491.922 472.357 483.083 1447.36
1186000 493.033 473.179 483.256 1449.47
1187000 493.832 474.01 484.34 1452.18
1188000 493.109 473.341 482.731 1449.18
1189000 493.881 474.226 482.447 1450.55
1190000 495.879 477.308 484.514 1457.7
1191000 494.322 477.692 487.026 1459.04
1192000 494.719 480.259 489.248 1464.23
1193000 493.48 478.695 489.565 1461.74
1194000 494.439 481.911 492.155 1468.5
1195000 493.92 482.203 492.899 1469.02
1196000 495.421 485.625 493.064 1474.11
1197000 498.434 490.088 495.279 1483.8
1198000 498.494 491.994 496.355 1486.84
1199000 499.163 491.966 496.574 1487.7
1200000 499.759 491.878 500.496 1492.13
1201000 500.074 493.49 503.532 1497.1
1202000 500.308 498.616 505.68 1504.6
1203000 498.387 497.514 501.089 1496.99
1204000 498.938 498.52 502.121 1499.58
1205000 503.433 504.334 508.09 1515.86
1206000 502.088 504.06 507.272 1513.42
1207000 501.988 503.897 507.099 1512.98
1208000 502.935 505.471 508.153 1516.56
1209000 502.711 504.393 509.003 1516.11
1210000 499.02 499.965 505.543 1504.53
1211000 498.927 500.587 506.633 1506.15
1212000 498.169 499.23 508.864 1506.26
1213000 499.848 499.72 512.417 1511.98
1214000 499.618 501.049 512.783 1513.45
1215000 501.272 501.702 511.644 1514.62
1216000 502.146 503.817 513.099 1519.06
1217000 503.676 505.41 514.834 1523.92
1218000 502.128 504.794 512.156 1519.08
1219000 504.471 508.752 515.979 1529.2
1220000 504.174 509.718 516.008 1529.9
1221000 505.397 510.036 518.095 1533.53
1222000 505.434 512.278 517.816 1535.53
1223000 506.276 512.484 517.119 1535.88
1224000 506.852 513.117 516.052 1536.02
1225000 508.749 514.556 517.609 1540.91
1226000 509.561 515.828 518.458 1543.85
1227000 509.041 515.368 519.422 1543.83
1228000 509.586 516.08 520.58 1546.25
1229000 510.17 516.054 521.697 1547.92
1230000 508.904 512.055 520.676 1541.64
1231000 512.553 516.026 523.296 1551.88
1232000 514.457 516.369 524.022 1554.85
1233000 516.131 518.113 526.714 1560.96
1234000 517.511 517.242 528.18 1562.93
1235000 520.994 519.425 531.858 1572.28
1236000 519.65 518.989 529.911 1568.55
1237000 519.417 521.643 530.941 1572
1238000 521.011 524.021 533.047 1578.08
1239000 522.387 524.666 535.068 1582.12
1240000 525.706 524.806 536.824 1587.34
1241000 527.332 527.992 537.955 1593.28
1242000 526.025 528.222 538.048 1592.29
1243000 529.313 530.738 540.03 1600.08
1244000 526.894 527.379 536.961 1591.23
1245000 526.232 525.766 536.278 1588.28
1246000 530.423 529.756 540.824 1601
1247000 530.722 530.138 542.95 1603.81
1248000 532.009 530.393 544.487 1606.89
1249000 533.189 529.956 544.221 1607.37
1250000 532.579 531.045 544.265 1607.89
1251000 532.252 532.29 545.34 1609.88
1252000 534.695 535.232 547.975 1617.9
1253000 533.115 531.476 543.811 1608.4
1254000 534.072 531.534 543.94 1609.55
1255000 534.878 530.027 543.139 1608.04
1256000 539.39 534.439 547.347 1621.18
1257000 541.533 535.868 551.145 1628.55
1258000 541.331 533.474 549.358 1624.16
1259000 543.685 537.606 550.32 1631.61
1260000 547.189 537.283 551.034 1635.51
1261000 545.382 535.475 546.81 1627.67
1262000 547.47 537.797 548.611 1633.88
1263000 549.471 540.758 549.146 1639.37
1264000 547.307 540.927 549.536 1637.77
1265000 548.407 541.297 550.197 1639.9
1266000 549.997 543.949 551.138 1645.08
1267000 553.569 544.906 553.128 1651.6
1268000 554.016 545.578 554.575 1654.17
1269000 553.738 547.452 555.62 1656.81
1270000 555.437 547.685 558.914 1662.04
1271000 554.053 546.25 558.18 1658.48
1272000 555.653 548.205 560.226 1664.08
1273000 556.917 549.728 560.013 1666.66
1274000 558.153 550.337 559.788 1668.28
1275000 560.561 552.621 562.381 1675.56
1276000 561.993 553.166 563.326 1678.48
1277000 563.262 553.258 562.482 1679
1278000 563.525 552.206 563.373 1679.1
1279000 565.575 556.33 567.66 1689.56
1280000 565.279 555.77 567.857 1688.91
1281000 565.424 556.67 568.684 1690.78
1282000 566.751 559.476 571.463 1697.69
1283000 567.236 559.056 572.282 1698.57
1284000 566.612 561.088 573.115 1700.81
1285000 566.747 560.949 572.531 1700.23
1286000 566.558 560.355 571.918 1698.83
1287000 566.763 560.633 570.668 1698.06
1288000 569.549 563.787 572.77 1706.11
1289000 568.344 565.44 572.257 1706.04
1290000 567.506 566.953 573.714 1708.17
1291000 565.656 564.735 571.081 1701.47
1292000 567.64 565.508 573.259 1706.41
1293000 569.551 569.306 578.499 1717.36
1294000 571.487 575.541 582.83 1729.86
1295000 570.391 574.763 582.078 1727.23
1296000 572.034 575.051 584.139 1731.22
1297000 573.856 575.752 586.513 1736.12
1298000 573.621 575.37 588.894 1737.88
1299000 574.428 575.866 586.464 1736.76
1300000 576.114 578.437 587.334 1741.88
1301000 578.986 581.01 592.483 1752.48
1302000 577.356 579.019 589.725 1746.1
1303000 579.021 580.074 590.111 1749.21
1304000 582.488 584.538 593.658 1760.68
1305000 584.766 585.843 595.703 1766.31
1306000 583.326 582.935 594.213 1760.48
1307000 583.464 580.783 591.724 1755.97
1308000 585.258 584.169 592.334 1761.76
1309000 587.431 587.293 595.03 1769.75
1310000 587.214 585.892 593.728 1766.83
1311000 587.978 587.333 594.979 1770.29
1312000 591.775 590.008 597.313 1779.1
1313000 592.196 591.461 597.556 1781.21
1314000 593.644 593.529 600.803 1787.98
1315000 591.202 589.744 598.73 1779.67
1316000 593.525 591.937 599.843 1785.3
1317000 594.558 593.378 601.742 1789.68
1318000 597.013 594.687 605.831 1797.53
1319000 597.427 595.191 606.488 1799.11
1320000 596.312 593.489 605.817 1795.62
1321000 598.861 595.347 606.611 1800.82
1322000 598.661 597.792 606.182 1802.63
1323000 600.529 601.881 608.468 1810.88
1324000 599.515 599.995 608.105 1807.61
1325000 601.417 603.225 611.156 1815.8
1326000 602.085 602.627 610.987 1815.7
1327000 602.524 604.175 613.656 1820.36
1328000 603.574 603.728 613.257 1820.56
1329000 603.395 603.107 613.512 1820.01
1330000 605.197 606.156 617.353 1828.71
1331000 608.442 609.852 620.866 1839.16
1332000 606.992 607.618 617.575 1832.18
1333000 605.874 606.069 618.625 1830.57
1334000 608.139 607.922 619.374 1835.44
1335000 610.175 611.618 619.455 1841.25
1336000 610.575 611.951 618.82 1841.35
1337000 608.652 610.189 615.886 1834.73
1338000 609.706 612.624 619.661 1841.99
1339000 611.374 615.648 621.229 1848.25
1340000 614.698 616.737 621.226 1852.66
1341000 616.739 617.948 621.292 1855.98
1342000 618.425 620.771 621.466 1860.66
1343000 620.808 622.979 621.894 1865.68
1344000 616.589 621.86 618.973 1857.42
1345000 618.153 622.517 618.969 1859.64
1346000 620.569 624.616 619.929 1865.11
1347000 623.456 628.648 622.974 1875.08
1348000 623.704 629.394 625.089 1878.19
1349000 625.149 633.727 627.048 1885.92
1350000 627.827 637.725 629.598 1895.15
1351000 624.013 634.649 628.089 1886.75
1352000 626.002 636.672 633.139 1895.81
1353000 625.688 636.241 633.206 1895.13
1354000 627.399 637.719 634.74 1899.86
1355000 632.025 639.404 639.046 1910.48
1356000 631.466 637.548 638.209 1907.22
1357000 635.183 637.548 638.453 1911.18
1358000 636.761 639.698 638.314 1914.77
1359000 636.625 638.655 636.999 1912.28
1360000 639.287 642.014 640.599 1921.9
1361000 642.75 645.47 644.621 1932.84
1362000 643.309 643.806 642.8 1929.91
1363000 642.707 643.653 641.221 1927.58
1364000 645.128 645.813 643.874 1934.82
1365000 648.155 646.309 643.098 1937.56
1366000 646.708 642.418 640.194 1929.32
1367000 646.767 641.489 640.86 1929.12
1368000 649.381 642.824 642.695 1934.9
1369000 653.538 645.152 646.054 1944.74
1370000 653.109 644.6 646.608 1944.32
1371000 653.909 645.008 646.803 1945.72
1372000 654.69 643.52 643.798 1942.01
1373000 657.876 646.816 644.916 1949.61
1374000 660.211 647.609 648.093 1955.91
1375000 660.795 647.927 648.419 1957.14
1376000 658.759 645.761 647.587 1952.11
1377000 659.18 648.599 650.545 1958.32
1378000 657.89 648.583 650.045 1956.52
1379000 659.177 649.919 651.264 1960.36
1380000 657.75 649.814 650.681 1958.24
1381000 657.403 650.176 650.739 1958.32
1382000 659.381 651.746 652.268 1963.4
1383000 662.122 650.364 651.607 1964.09
1384000 664.182 651.823 652.305 1968.31
1385000 662.08 650.115 651.963 1964.16
1386000 663.886 650.436 653.044 1967.37
1387000 668.682 654.024 657.345 1980.05
1388000 670.503 658.527 660.356 1989.38
1389000 667.908 656.931 657.877 1982.72
1390000 668.48 658.492 657.475 1984.45
1391000 669.564 659.295 658.189 1987.05
1392000 672.911 662.501 662.3 1997.71
1393000 672.645 662.203 662.631 1997.48
1394000 671.691 661.691 663.501 1996.88
1395000 669.44 661.581 664.491 1995.51
1396000 672.129 664.509 668.935 2005.57
1397000 673.345 666.332 671.62 2011.3
1398000 673.884 665.6 671.965 2011.45
1399000 673.35 666.224 671.243 2010.82
1400000 674.809 668.888 672.051 2015.75
1401000 673.822 669.645 671.368 2014.83
1402000 676.642 673.997 673.356 2023.99
1403000 674.473 670.744 672.245 2017.46
1404000 677.067 675.227 675.471 2027.76
1405000 677.241 677.661 677.295 2032.2
1406000 680.715 679.171 678.442 2038.33
1407000 680.647 678.479 676.078 2035.2
1408000 682.553 678.767 677.387 2038.71
1409000 682.648 678.714 677.838 2039.2
1410000 682.895 679.414 678.678 2040.99
1411000 685.634 681.464 680.967 2048.06
1412000 683.991 682.035 681.966 2047.99
1413000 683.109 683.862 686.36 2053.33
1414000 682.308 682.659 688.911 2053.88
1415000 681.837 683.589 688.807 2054.23
1416000 679.877 682.099 687.755 2049.73
1417000 683.651 686.225 692.448 2062.32
1418000 681.498 685.327 688.608 2055.43
1419000 682.367 686.709 689.025 2058.1
1420000 685.049 689.227 690.437 2064.71
1421000 682.719 686.56 687.144 2056.42
1422000 685.232 688.473 689.089 2062.79
1423000 686.28 691.098 690.028 2067.41
1424000 687.267 694.035 691.427 2072.73
1425000 686.572 694.786 691.468 2072.83
1426000 690.926 699.734 694.589 2085.25
1427000 688.71 695.961 692.623 2077.29
1428000 694.038 701.996 699.616 2095.65
1429000 692.709 700.098 698.472 2091.28
1430000 696.567 702.302 699.961 2098.83
1431000 696.245 702.73 702.633 2101.61
1432000 694.868 701.152 702.677 2098.7
1433000 693.161 699.413 701.324 2093.9
1434000 696.213 701.642 704.388 2102.24
1435000 699.263 702.598 706.788 2108.65
1436000 700.035 701.432 708.685 2110.15
1437000 701.652 701.717 710.204 2113.57
1438000 702.589 701.984 712.272 2116.84
1439000 703.498 700.605 712.727 2116.83
1440000 707.251 703.697 714.996 2125.94
1441000 708.281 705.76 716.155 2130.2
1442000 710.59 706.02 717.383 2133.99
1443000 709.377 706.336 716.979 2132.69
1444000 708.948 705.599 717.095 2131.64
1445000 706.157 705.059 716.926 2128.14
1446000 708.851 709.31 721.593 2139.75
1447000 710.117 709.705 724.579 2144.4
1448000 712.259 710.356 724.54 2147.16
1449000 709.594 708.919 722.829 2141.34
1450000 710.386 710.381 722.463 2143.23
1451000 712.751 714.441 725.671 2152.86
1452000 714.84 717.139 728.047 2160.03
1453000 716.196 714.409 726.662 2157.27
1454000 716.411 715.231 727.575 2159.22
1455000 717.811 716.831 731.021 2165.66
1456000 716.399 716.41 728.9 2161.71
1457000 717.577 716.104 728.727 2162.41
1458000 719.522 716.522 730.56 2166.6
1459000 722.923 720.271 734.658 2177.85
1460000 722.433 717.935 734.262 2174.63
1461000 721.082 717.444 733.992 2172.52
1462000 723.784 718.428 733.913 2176.13
1463000 723.199 720.05 733.431 2176.68
1464000 722.915 719.142 734.185 2176.24
1465000 725.814 721.81 737.41 2185.03
1466000 724.255 720.26 734.387 2178.9
1467000 725.692 722.114 735.239 2183.05
1468000 728.818 725.358 737.991 2192.17
1469000 732.778 728.029 741.096 2201.9
1470000 732.862 727.387 739.544 2199.79
1471000 734.056 730.493 742.529 2207.08
1472000 733.764 728.86 742.096 2204.72
1473000 732.732 727.012 740.597 2200.34
1474000 736.233 730.874 742.825 2209.93
1475000 737.035 733.071 742.823 2212.93
1476000 734.717 730.57 741.137 2206.42
1477000 734.274 730.751 742.911 2207.94
1478000 737.557 733.204 745.946 2216.71
1479000 736.102 732.723 744.15 2212.97
1480000 731.227 728.625 740.12 2199.97
1481000 731.847 729.603 742.08 2203.53
1482000 735.175 731.823 746.552 2213.55
1483000 735.434 730.756 745.575 2211.76
1484000 737.592 733.972 748.952 2220.52
1485000 737.627 732.863 748.899 2219.39
1486000 738.147 733.244 748.739 2220.13
1487000 738.66 735.24 750.201 2224.1
1488000 737.396 733.336 746.864 2217.6
1489000 739.607 732.139 748.32 2220.07
1490000 743.675 735.273 752.396 2231.34
1491000 741.894 733.705 751.158 2226.76
1492000 743.064 735.441 753.014 2231.52
1493000 745.867 738.747 755.929 2240.54
1494000 746.567 739.315 755.976 2241.86
1495000 743.546 736.211 753.728 2233.48
1496000 749.812 739.948 759.774 2249.53
1497000 750.274 741.923 761.6 2253.8
1498000 750.351 743.149 761.512 2255.01
1499000 752.821 745.941 760.695 2259.46
1500000 750.85 744.277 759.378 2254.5
1501000 754.326 748.293 763.666 2266.29
1502000 757.882 752.114 765.719 2275.72
1503000 760.213 754.108 766.485 2280.81
1504000 753.485 748.712 762.111 2264.31
1505000 754.272 752.657 769.785 2276.71
1506000 754.774 752.949 770.231 2277.95
1507000 749.512 750.301 768.753 2268.57
1508000 752.578 754.317 771.632 2278.53
1509000 751.95 753.215 769.856 2275.02
1510000 753.68 752.781 770.105 2276.57
1511000 759.035 757.191 774.786 2291.01
1512000 756.273 754.027 773.975 2284.27
1513000 757.79 755.997 776.077 2289.86
1514000 760.429 757.322 776.82 2294.57
1515000 761.657 759.004 776.969 2297.63
1516000 764.09 761.766 778.941 2304.8
1517000 765.797 763.971 780.334 2310.1
1518000 765.895 764.911 781.594 2312.4
1519000 766.643 767.173 784.35 2318.17
1520000 763.807 766.502 783.015 2313.32
1521000 759.691 765.058 781.357 2306.11
1522000 763.215 769.278 786.032 2318.53
1523000 763.995 772.004 787.237 2323.24
1524000 760.938 771.418 784.508 2316.86
1525000 762.156 773.747 785.809 2321.71
1526000 762.384 773.89 786.958 2323.23
1527000 764.825 777.433 788.374 2330.63
1528000 767.261 781.666 790.406 2339.33
1529000 763.079 779.128 788.843 2331.05
1530000 763.56 779.896 788.555 2332.01
1531000 764.628 781.06 788.789 2334.48
1532000 766.013 780.98 790.087 2337.08
1533000 765.306 781.094 788.858 2335.26
1534000 764.699 781.412 789.29 2335.4
1535000 766.872 780.187 790.889 2337.95
1536000 766.027 776.727 790.453 2333.21
1537000 768.354 775.473 789.085 2332.91
1538000 770.987 779.848 789.566 2340.4
1539000 771.341 778.779 790.584 2340.7
1540000 771.675 778.007 789.033 2338.72
1541000 773.762 781.463 791.896 2347.12
1542000 772.691 780.717 790.762 2344.17
1543000 773.621 783.409 791.622 2348.65
1544000 776.085 787.713 794.786 2358.58
1545000 776.094 788.138 793.44 2357.67
1546000 776.896 789.334 794.899 2361.13
1547000 772.989 787.242 791.09 2351.32
1548000 774.602 791.606 795.448 2361.66
1549000 775.596 793.769 797.992 2367.36
1550000 776.367 793.752 800.044 2370.16
1551000 776.417 794.057 802.189 2372.66
1552000 776.355 794.508 802.232 2373.09
1553000 774.717 794.426 801.467 2370.61
1554000 777.177 798.53 802.958 2378.67
1555000 774.437 797.19 802.091 2373.72
1556000 775.253 799.283 803.861 2378.4
1557000 774.763 803.576 806.263 2384.6
1558000 775.335 803.869 807.131 2386.34
1559000 772.768 801.499 805.249 2379.52
1560000 773.305 801.866 807.109 2382.28
1561000 774.317 801.742 806.063 2382.12
1562000 776.969 805.093 810.1 2392.16
1563000 778.135 808.2 812.796 2399.13
1564000 781.195 810.558 815.617 2407.37
1565000 779.483 808.774 813.608 2401.87
1566000 780.968 808.28 814.166 2403.41
1567000 779.722 807.035 813.619 2400.38
1568000 783.475 812.832 818.839 2415.15
1569000 779.488 810.024 815.598 2405.11
1570000 778.048 809.53 815.697 2403.28
1571000 783.424 814.444 820.96 2418.83
1572000 780.697 814.45 820.508 2415.65
1573000 777.693 811.637 820.412 2409.74
1574000 778.988 810.989 820.992 2410.97
1575000 781.333 814.538 826.061 2421.93
1576000 782.489 815.787 828.646 2426.92
1577000 782.565 813.993 826.814 2423.37
1578000 782.775 814.369 825.64 2422.78
1579000 782.259 811.591 823.357 2417.21
1580000 782.356 811.587 824.728 2418.67
1581000 786.574 816.752 827.892 2431.22
1582000 785.674 817.067 827.43 2430.17
1583000 784.727 812.951 825.826 2423.5
1584000 786.81 813.405 825.42 2425.63
1585000 789.032 815.833 828.51 2433.38
1586000 788.022 813.175 827.408 2428.61
1587000 790.491 815.123 828.906 2434.52
1588000 795.208 818.415 833.204 2446.83
1589000 793.581 819.055 834.796 2447.43
1590000 791.496 818.71 834.286 2444.49
1591000 793.419 819.215 835.152 2447.79
1592000 794.273 818.783 834.247 2447.3
1593000 796.399 820.922 836.144 2453.46
1594000 797.142 822.588 835.995 2455.73
1595000 795.839 824.662 838.898 2459.4
1596000 792.607 823.977 839.467 2456.05
1597000 790.517 822.832 840.103 2453.45
1598000 791.027 824.314 840.134 2455.47
1599000 792.106 824.379 841.267 2457.75
1600000 790.402 821.967 840.229 2452.6
