# Time-averaged data for fix thermo_avg_npt
# TimeStep v_epsilon_co v_temp v_press v_pe v_ke v_etotal v_vol v_dens
101000 0.8 300.905 -381.896 -21746.1 3366.21 -18379.9 53589.7 1.06453
102000 0.8 299.757 160.382 -21682.6 3353.38 -18329.3 53532.2 1.06568
103000 0.8 299.971 11.2252 -21640.4 3355.77 -18284.6 53940.8 1.05759
104000 0.8 299.554 -27.9601 -21680.2 3351.1 -18329.1 53710.1 1.06214
105000 0.8 300.133 -167.066 -21649.5 3357.58 -18291.9 53719.7 1.06195
106000 0.8 300.399 272.612 -21750.5 3360.56 -18390 53202.4 1.07228
107000 0.8 299.122 -115.52 -21703.1 3346.28 -18356.8 53708.5 1.06222
108000 0.8 300.356 -120.808 -21612 3360.08 -18251.9 54443.3 1.04783
109000 0.8 299.531 63.1686 -21666.1 3350.84 -18315.2 54083.9 1.0548
110000 0.8 301.109 226.755 -21727.7 3368.5 -18359.2 53872.9 1.05893
111000 0.8 301.06 -107.195 -21641.8 3367.95 -18273.8 53617.9 1.06396
112000 0.8 300.121 311.529 -21714.8 3357.45 -18357.4 53333.4 1.06964
113000 0.8 298.421 -27.0121 -21674.4 3338.43 -18336 53587.4 1.06458
114000 0.8 301.362 103.24 -21649.9 3371.33 -18278.5 53927.3 1.05786
115000 0.8 301.61 -6.85838 -21690.8 3374.11 -18316.7 53947.9 1.05746
116000 0.8 300.893 68.8731 -21656 3366.09 -18289.9 54052.8 1.05541
117000 0.8 297.088 11.6746 -21603.1 3323.51 -18279.6 53885.4 1.05868
118000 0.8 300.346 44.5621 -21582.2 3359.97 -18222.2 53715.5 1.06203
119000 0.8 299.675 414.316 -21688.9 3352.46 -18336.4 53393.5 1.06844
120000 0.8 298.237 -15.8546 -21656.8 3336.38 -18320.4 53994.1 1.05656
121000 0.8 299.51 91.8385 -21757.3 3350.62 -18406.7 53859 1.05921
122000 0.8 298.022 267.168 -21697.3 3333.96 -18363.3 53632 1.06368
123000 0.8 301.582 -195.55 -21708.5 3373.79 -18334.7 53907.8 1.05825
124000 0.8 300.785 -246.155 -21693.1 3364.88 -18328.2 54050.2 1.05545
125000 0.8 300.209 -8.12242 -21681.3 3358.43 -18322.9 53904.5 1.05831
126000 0.8 299.664 205.403 -21728.4 3352.34 -18376 53540.9 1.0655
127000 0.8 300.37 100.396 -21683.9 3360.23 -18323.7 53350.5 1.0693
128000 0.8 300.526 -140.918 -21668.4 3361.97 -18306.4 53809 1.06019
129000 0.8 299.165 68.8326 -21699.7 3346.75 -18352.9 53611.8 1.06409
130000 0.8 303.393 193.298 -21684.6 3394.05 -18290.6 53698.3 1.06238
131000 0.8 300.185 156.144 -21711.9 3358.17 -18353.8 54003.3 1.05637
132000 0.8 299.136 -278.096 -21701.8 3346.43 -18355.4 53925.8 1.05789
133000 0.8 299.444 46.8215 -21651 3349.88 -18301.2 53802.2 1.06032
134000 0.8 297.544 -80.6566 -21652.2 3328.62 -18323.6 54229.9 1.05196
135000 0.8 300.024 -152.794 -21623.1 3356.36 -18266.8 53986.9 1.05672
136000 0.8 300.697 130.599 -21726.9 3363.9 -18363 53254.4 1.07124
137000 0.8 300.877 -168.857 -21720.7 3365.91 -18354.8 53875 1.05889
138000 0.8 300.047 182.678 -21700.5 3356.62 -18343.9 54014.7 1.05615
139000 0.8 299.259 -171.503 -21762 3347.8 -18414.2 54229.4 1.05197
140000 0.8 299.727 259.777 -21733.5 3353.04 -18380.4 53605.3 1.06422
141000 0.8 300.518 -79.3667 -21706.9 3361.89 -18345 53494.2 1.06643
142000 0.8 299.474 68.6085 -21682.5 3350.21 -18332.3 53367.1 1.06897
143000 0.8 299.716 -423.165 -21706.6 3352.91 -18353.7 53862.5 1.05914
144000 0.8 299.284 -57.5271 -21711 3348.09 -18362.9 53742.8 1.06149
145000 0.8 298.241 368.399 -21690.7 3336.42 -18354.3 53622.6 1.06387
146000 0.8 300.936 -193.214 -21674.9 3366.56 -18308.3 54035.7 1.05574
147000 0.8 303.178 -96.8834 -21698.8 3391.64 -18307.2 53992.6 1.05658
148000 0.8 298.5 -88.6353 -21731.2 3339.31 -18391.9 53753.2 1.06129
149000 0.8 299.877 98.7444 -21731.4 3354.72 -18376.7 53359.9 1.06911
150000 0.8 300.747 93.7543 -21682.8 3364.45 -18318.3 53679.7 1.06275
151000 0.8 301.708 -205.837 -21695 3375.21 -18319.8 53986.4 1.0567
152000 0.8 300.42 164.309 -21655 3360.79 -18294.2 53995.7 1.05652
153000 0.8 301.859 -33.4239 -21627.3 3376.89 -18250.5 53943.4 1.05754
154000 0.8 297.888 53.2135 -21698.3 3332.46 -18365.8 53771.6 1.06092
155000 0.8 301.019 -11.9438 -21726 3367.5 -18358.5 53458.7 1.06713
156000 0.8 299.576 -197.216 -21632.5 3351.35 -18281.1 53757.1 1.06122
157000 0.8 300.323 -90.5932 -21677.1 3359.71 -18317.4 53728.7 1.06178
158000 0.8 302.072 70.2237 -21641.3 3379.28 -18262 53416.4 1.06798
159000 0.8 298.897 -233.063 -21722.3 3343.75 -18378.6 53757.1 1.06121
160000 0.8 301.868 -83.4989 -21710.7 3376.99 -18333.7 53960.1 1.05722
161000 0.8 300.005 -12.8881 -21684.6 3356.15 -18328.4 53876.5 1.05886
162000 0.8 302.066 288.565 -21706.8 3379.21 -18327.5 53497.6 1.06637
163000 0.8 299.526 163.063 -21686 3350.79 -18335.2 53515.8 1.06601
164000 0.8 298.778 -198.575 -21686.2 3342.42 -18343.7 54068.5 1.0551
165000 0.8 300.144 -62.6792 -21651.8 3357.7 -18294.1 53896.5 1.05847
166000 0.8 298.634 -55.786 -21713.7 3340.82 -18372.9 53609.7 1.06413
167000 0.8 299.569 -46.3623 -21695.6 3351.27 -18344.3 53767.7 1.061
168000 0.8 300.152 64.9461 -21692.8 3357.79 -18335 53799.6 1.06037
169000 0.8 300.395 -36.849 -21683.5 3360.52 -18323 54038.2 1.0557
170000 0.8 300.676 -271.14 -21712.4 3363.66 -18348.7 54089.6 1.0547
171000 0.8 298.342 313.628 -21708.8 3337.55 -18371.3 53484.6 1.06662
172000 0.8 300.834 -322.765 -21689.4 3365.42 -18324 53679.1 1.06275
173000 0.8 300.823 140.214 -21727.5 3365.3 -18362.2 53581.2 1.06469
174000 0.8 298.443 1.13066 -21686.1 3338.67 -18347.4 53664.6 1.06304
175000 0.8 300.256 -29.7659 -21655 3358.96 -18296 53989.7 1.05666
176000 0.8 299.622 -18.3687 -21609.6 3351.86 -18257.7 54334.6 1.04994
177000 0.8 299.75 181.236 -21668.2 3353.3 -18314.9 53739.4 1.06156
178000 0.8 299.978 -140.085 -21633.6 3355.84 -18277.8 53883.7 1.05872
179000 0.8 301.527 277.837 -21724.3 3373.18 -18351.1 53639.6 1.06354
180000 0.8 302.268 -98.9675 -21728.5 3381.47 -18347.1 53713.2 1.06208
181000 0.8 300.844 33.5751 -21685.5 3365.53 -18319.9 53542.5 1.06546
182000 0.8 300.1 145.626 -21676.2 3357.21 -18319 53597.4 1.06438
183000 0.8 299.504 13.6114 -21642.7 3350.55 -18292.2 54130.7 1.05389
184000 0.8 302.195 -107.901 -21661.3 3380.65 -18280.7 53975.2 1.05693
185000 0.8 299.569 -46.753 -21702.9 3351.28 -18351.7 53798.9 1.06039
186000 0.8 297.788 13.7788 -21647.4 3331.35 -18316.1 53678.4 1.06277
187000 0.8 299.114 -65.4523 -21638.6 3346.18 -18292.4 53593.8 1.06445
188000 0.8 300.184 -163.71 -21643.1 3358.15 -18285 54097.2 1.05454
189000 0.8 299.731 134.168 -21736 3353.08 -18382.9 53732.3 1.06171
190000 0.8 298.376 -43.2969 -21736.8 3337.92 -18398.9 53921.3 1.058
191000 0.8 300.173 -245.717 -21678.9 3358.03 -18320.9 53973.3 1.05697
192000 0.8 297.828 181.853 -21742.1 3331.8 -18410.3 53675.7 1.06282
193000 0.8 300.202 -135.177 -21715.3 3358.35 -18356.9 54021.2 1.05602
194000 0.8 299.399 155.395 -21608.5 3349.37 -18259.1 53778.5 1.0608
195000 0.8 299.405 109.766 -21668.5 3349.44 -18319.1 53684.2 1.06265
196000 0.8 297.676 260.029 -21694.9 3330.1 -18364.8 53808.8 1.06019
197000 0.8 299.761 -23.2581 -21667.4 3353.42 -18313.9 53829.3 1.05979
198000 0.8 297.578 235.931 -21719.8 3329 -18390.8 53797.5 1.06042
199000 0.8 298.362 -68.8125 -21684.2 3337.77 -18346.4 54315.1 1.05031
200000 0.8 301.471 -21.616 -21707.6 3372.55 -18335 54271.5 1.05115
201000 0.8 299.371 17.2271 -21785.1 3349.06 -18436.1 53829.7 1.05978
202000 0.8 299.674 1.93077 -21723.2 3352.45 -18370.8 53778.2 1.0608
203000 0.8 299.813 -429.652 -21714.5 3354 -18360.5 54299.8 1.05061
204000 0.8 301.152 -165.889 -21752.9 3368.98 -18384 53552.8 1.06529
205000 0.8 301.937 284.984 -21777.1 3377.77 -18399.3 53125.6 1.07383
206000 0.8 298.932 46.6423 -21730 3344.15 -18385.8 53623.7 1.06386
207000 0.8 300.344 -109.241 -21629.6 3359.94 -18269.7 53929.4 1.05782
208000 0.8 299.601 26.5899 -21724.2 3351.63 -18372.5 53617.5 1.06397
209000 0.8 298.535 201.837 -21784.2 3339.7 -18444.5 53704.6 1.06225
210000 0.8 301.033 -339.621 -21671.2 3367.65 -18303.6 53765.3 1.06105
211000 0.8 300.826 263.417 -21759.6 3365.33 -18394.3 53202.3 1.07228
212000 0.8 299.055 25.3614 -21712.3 3345.52 -18366.8 53848.4 1.05943
213000 0.8 301.818 -62.8436 -21691.9 3376.43 -18315.5 53893.3 1.05853
214000 0.8 299.784 201.55 -21620.5 3353.68 -18266.8 53674 1.06285
215000 0.8 299.939 206.341 -21646.9 3355.41 -18291.5 53673.9 1.06286
216000 0.8 300.449 -102.118 -21602.3 3361.12 -18241.2 54118.4 1.05413
217000 0.8 300.483 23.0408 -21700.9 3361.5 -18339.4 53827.3 1.05984
218000 0.8 299.215 36.816 -21709.8 3347.31 -18362.5 53625.9 1.06381
219000 0.8 300.264 20.7948 -21662.7 3359.04 -18303.7 53918.2 1.05804
220000 0.8 299.318 29.0827 -21744 3348.46 -18395.6 53916.4 1.05807
221000 0.8 298.789 175.154 -21791.1 3342.55 -18448.6 53866.5 1.05905
222000 0.8 299.571 -86.4198 -21669.1 3351.3 -18317.8 54270.4 1.05117
223000 0.8 300.673 -2.94774 -21716.9 3363.62 -18353.3 53950.4 1.05742
224000 0.8 299.142 107.786 -21675.8 3346.5 -18329.3 53841.5 1.05955
225000 0.8 299.863 -117.877 -21686.6 3354.56 -18332 53843.9 1.0595
226000 0.8 299.371 140.229 -21651.4 3349.05 -18302.4 53696.1 1.06241
227000 0.8 300.555 91.6622 -21709.7 3362.3 -18347.4 53680.5 1.06272
228000 0.8 300.847 -225.263 -21666.9 3365.57 -18301.3 54047.6 1.05551
229000 0.8 302.058 -116.244 -21702.4 3379.12 -18323.3 53918 1.05804
230000 0.8 301.453 -115.67 -21706.4 3372.35 -18334 53627.5 1.06377
231000 0.8 301.632 -116.728 -21730.3 3374.35 -18355.9 53888.9 1.05862
232000 0.8 298.128 -167.401 -21719.5 3335.15 -18384.3 54294.1 1.05071
233000 0.8 300.178 -21.2083 -21735.3 3358.08 -18377.2 53758.3 1.06122
234000 0.8 299.214 298.679 -21795.7 3347.3 -18448.4 53167.5 1.07298
235000 0.8 300.473 -421.43 -21653.1 3361.39 -18291.7 53743 1.06149
236000 0.8 300.329 78.0521 -21696.9 3359.77 -18337.1 53797.6 1.06042
237000 0.8 300.798 -191.776 -21742.1 3365.03 -18377.1 54143.5 1.05364
238000 0.8 300.162 147.878 -21698.8 3357.91 -18340.9 53830.5 1.05978
239000 0.8 298.644 -170.19 -21682.3 3340.92 -18341.4 53612.7 1.06407
240000 0.8 300.158 133.937 -21703.8 3357.86 -18346 53734.9 1.06166
241000 0.8 299.55 -279.568 -21662.1 3351.06 -18311 54175.6 1.05301
242000 0.8 300.562 -230.819 -21757.1 3362.39 -18394.7 54214 1.05226
243000 0.8 299.53 -29.6614 -21747.9 3350.83 -18397 54046.7 1.05553
244000 0.8 300.921 196.385 -21714 3366.39 -18347.6 53542.4 1.06547
245000 0.8 300.327 -54.0215 -21630.2 3359.75 -18270.4 53717 1.062
246000 0.8 297.964 -9.42806 -21660.9 3333.32 -18327.5 53687 1.0626
247000 0.8 301.572 53.0238 -21684.6 3373.68 -18310.9 53731.7 1.06172
248000 0.8 296.649 -340.545 -21673.4 3318.6 -18354.8 54235 1.05186
249000 0.8 298.065 357.394 -21734.3 3334.45 -18399.8 53752.8 1.0613
250000 0.8 298.976 -115.864 -21707.3 3344.64 -18362.7 54044.1 1.05558
251000 0.8 299.994 -113.702 -21693.1 3356.03 -18337.1 54061.8 1.05523
252000 0.8 299.07 -67.7026 -21702 3345.69 -18356.3 53834.9 1.05968
253000 0.8 299.462 190.308 -21756.8 3350.08 -18406.7 53882.4 1.05875
254000 0.8 299.004 -386.226 -21738.7 3344.95 -18393.7 54129.1 1.05392
255000 0.8 300.405 54.3829 -21761.6 3360.63 -18401 53518.7 1.06594
256000 0.8 299.138 -21.7122 -21715.8 3346.45 -18369.4 53791.6 1.06056
257000 0.8 301.055 -127.711 -21607.2 3367.89 -18239.3 54203.5 1.05248
258000 0.8 297.133 109.265 -21686.4 3324.03 -18362.4 53647 1.0634
259000 0.8 300.865 71.8544 -21730.8 3365.77 -18365 53281.3 1.07069
260000 0.8 298.958 18.9922 -21708.4 3344.43 -18364 53561 1.06511
261000 0.8 301.476 -333.317 -21699.5 3372.6 -18326.8 53986.5 1.0567
262000 0.8 300.633 286.449 -21707.2 3363.18 -18344 53456.4 1.06718
263000 0.8 298.729 -243.066 -21685.8 3341.87 -18343.9 53737.8 1.06159
264000 0.8 299.251 77.2174 -21695 3347.72 -18347.3 53920 1.058
265000 0.8 300.183 44.5145 -21649.1 3358.14 -18291 54165.2 1.05321
266000 0.8 298.652 -101.28 -21702.7 3341.02 -18361.7 54066.2 1.05515
267000 0.8 299.553 234.227 -21751.5 3351.09 -18400.4 53531.1 1.06569
268000 0.8 298.87 -139.946 -21724.1 3343.46 -18380.6 54258.3 1.05143
269000 0.8 299.606 -86.2223 -21732.1 3351.68 -18380.5 54530 1.04617
270000 0.8 299.55 8.16857 -21658.1 3351.06 -18307 53849.2 1.05942
271000 0.8 300.213 -145.481 -21645.1 3358.48 -18286.6 53575 1.06481
272000 0.8 300.729 8.27631 -21706.5 3364.24 -18342.3 53751.3 1.06132
273000 0.8 300.624 -154.228 -21694 3363.07 -18330.9 53724.4 1.06186
274000 0.8 302.278 91.1687 -21683.8 3381.58 -18302.2 53467.6 1.06696
275000 0.8 300.835 -123.339 -21692.7 3365.43 -18327.3 53838.1 1.05961
276000 0.8 297.749 -29.3306 -21705.2 3330.91 -18374.3 53858.1 1.05922
277000 0.8 297.119 115.425 -21693.7 3323.86 -18369.9 53609.2 1.06414
278000 0.8 299.586 -146.947 -21633.3 3351.46 -18281.8 54053.1 1.0554
279000 0.8 301.033 71.2932 -21733.7 3367.65 -18366.1 54020.6 1.05603
280000 0.8 300.005 -161.905 -21688.2 3356.15 -18332 54239.7 1.05177
281000 0.8 300.329 62.6623 -21722.7 3359.78 -18362.9 54036.2 1.05573
282000 0.8 301.214 -35.3781 -21737.5 3369.67 -18367.8 53928.5 1.05783
283000 0.8 299.506 -183.311 -21649.6 3350.57 -18299 54048.5 1.05549
284000 0.8 299.335 -30.1231 -21734.8 3348.65 -18386.2 53657.2 1.0632
285000 0.8 298.916 22.1068 -21721.8 3343.97 -18377.8 53530.4 1.06571
286000 0.8 301.867 -356.776 -21680.1 3376.98 -18303.2 53876 1.05887
287000 0.8 301.385 141.31 -21674.3 3371.59 -18302.7 53609.3 1.06414
288000 0.8 299.384 -58.0507 -21667 3349.2 -18317.8 53755.8 1.06124
289000 0.8 299.87 182.831 -21676.9 3354.64 -18322.2 53859.9 1.05918
290000 0.8 298.461 -109.003 -21732.3 3338.88 -18393.4 54150.9 1.05349
291000 0.8 299.034 39.3115 -21736.9 3345.29 -18391.6 53844.9 1.05948
292000 0.8 299.995 -270.235 -21738.5 3356.04 -18382.5 53961.6 1.05719
293000 0.8 300.72 -21.3664 -21662.7 3364.15 -18298.6 53892.7 1.05854
294000 0.8 302.765 -19.6652 -21692 3387.03 -18305 53676 1.06281
295000 0.8 300.66 -223.979 -21673.2 3363.48 -18309.7 53806.1 1.06025
296000 0.8 300.875 11.6715 -21716.3 3365.88 -18350.4 53496.4 1.06638
297000 0.8 298.473 16.1139 -21677.5 3339.01 -18338.5 53992.5 1.05659
298000 0.8 299.375 -231.155 -21656.2 3349.1 -18307.1 53906.2 1.0583
299000 0.8 299.321 300.956 -21732.6 3348.5 -18384.1 53292.5 1.07046
300000 0.8 301.662 -73.2634 -21688.9 3374.69 -18314.2 53728.3 1.06179
301000 0.8 299.798 98.0272 -21679.8 3353.83 -18326 53766 1.06104
302000 0.8 298.901 132.581 -21721.4 3343.8 -18377.6 53531.6 1.06573
303000 0.8 301.118 -69.0118 -21702 3368.6 -18333.3 54067.9 1.05514
304000 0.8 298.205 -184.197 -21708.6 3336.02 -18372.6 53628.2 1.06377
305000 0.8 300.915 114.991 -21690.5 3366.33 -18324.2 53528.6 1.06575
306000 0.8 300.131 -120.763 -21655 3357.56 -18297.5 53770.5 1.06096
307000 0.8 298.337 -92.3258 -21650 3337.49 -18312.5 53918.5 1.05804
308000 0.8 298.341 191.418 -21667.9 3337.53 -18330.3 53763.5 1.06109
309000 0.8 302.363 52.9906 -21669.4 3382.53 -18286.8 53864.7 1.05916
310000 0.8 298.399 -111.918 -21714.9 3338.18 -18376.7 54019.3 1.05608
311000 0.8 301.496 -126.92 -21707 3372.84 -18334.2 53760.1 1.06116
312000 0.8 302.656 -131.466 -21695.7 3385.81 -18309.9 53705.9 1.06224
313000 0.8 298.675 113.284 -21673.3 3341.27 -18332 54007.5 1.05631
314000 0.8 299.789 -75.372 -21684.1 3353.74 -18330.4 53759.1 1.06117
315000 0.8 297.926 37.9424 -21745.6 3332.89 -18412.8 53819.9 1.05998
316000 0.8 299.549 65.5294 -21716.2 3351.05 -18365.2 54111.1 1.05429
317000 0.8 299.987 98.3224 -21788.4 3355.95 -18432.4 53861.8 1.05915
318000 0.8 298.54 -85.8763 -21797.3 3339.76 -18457.5 53780.9 1.06075
319000 0.8 298.443 15.7509 -21731.3 3338.67 -18392.6 53339.8 1.06952
320000 0.8 299.248 -91.8408 -21753.8 3347.68 -18406.1 53263.2 1.07106
321000 0.8 299.998 -219.553 -21664 3356.07 -18308 53752.7 1.06131
322000 0.8 301.109 -87.4654 -21659 3368.5 -18290.5 54231.1 1.05195
323000 0.8 299.801 44.8719 -21697.5 3353.87 -18343.6 54049.2 1.0555
324000 0.8 300.861 -12.2933 -21705 3365.73 -18339.3 53137.4 1.0736
325000 0.8 299.468 52.3375 -21698.4 3350.14 -18348.3 53459.1 1.06717
326000 0.8 300.964 121.959 -21714.6 3366.88 -18347.7 53710.7 1.06213
327000 0.8 298.012 -25.1085 -21736.9 3333.86 -18403 53529.4 1.06572
328000 0.8 300.215 218.095 -21742.8 3358.49 -18384.3 53895.3 1.05851
329000 0.8 300.13 -96.1746 -21722.2 3357.55 -18364.6 53939.6 1.05764
330000 0.8 297.999 -118.191 -21697.7 3333.71 -18364 54038.5 1.05569
331000 0.8 299.328 -75.2074 -21666.1 3348.57 -18317.5 53870.5 1.05901
332000 0.8 298.039 188.509 -21676.6 3334.15 -18342.4 53679.4 1.06279
333000 0.8 300.097 -40.2896 -21622.5 3357.17 -18265.3 53782.3 1.06072
334000 0.8 301.743 -19.5366 -21653 3375.59 -18277.4 53673.8 1.06286
335000 0.8 301.75 28.6864 -21683 3375.67 -18307.3 53887.7 1.05865
336000 0.8 302.222 -41.5395 -21703.3 3380.95 -18322.4 53497.7 1.06636
337000 0.8 300.83 -157.714 -21711.9 3365.38 -18346.6 53953.7 1.05739
338000 0.8 301.43 -37.9758 -21653 3372.1 -18280.9 53724.6 1.06185
339000 0.8 301.013 -260.67 -21702 3367.42 -18334.6 53946.3 1.0575
340000 0.8 300.956 28.442 -21653.3 3366.79 -18286.5 53532.2 1.06567
341000 0.8 300.917 185.611 -21675.6 3366.35 -18309.2 53619.6 1.06395
342000 0.8 301.87 -12.8641 -21701.2 3377.02 -18324.2 53650.3 1.06336
343000 0.8 301.572 -126.932 -21706.2 3373.68 -18332.5 53795.5 1.06046
344000 0.8 298.591 175.38 -21658.9 3340.33 -18318.5 53680.3 1.06273
345000 0.8 300.273 -45.7018 -21715.9 3359.14 -18356.8 53715.4 1.06205
346000 0.8 300.651 142.384 -21666.3 3363.37 -18303 53883.6 1.05873
347000 0.8 298.435 -39.1649 -21626.8 3338.59 -18288.2 54096.1 1.05456
348000 0.8 300.992 -266.74 -21631.6 3367.19 -18264.4 53998.8 1.05647
349000 0.8 301.421 -103.544 -21596.4 3371.99 -18224.4 53670 1.06295
350000 0.8 300.991 -116.179 -21707.5 3367.18 -18340.4 53692.1 1.06252
351000 0.8 299.711 -15.0888 -21694.9 3352.86 -18342.1 53861 1.05918
352000 0.8 299.745 -99.851 -21643.5 3353.24 -18290.3 53693.9 1.06248
353000 0.8 299.963 -171.388 -21638.1 3355.68 -18282.4 53703.5 1.06227
354000 0.8 302.957 -73.1668 -21691.9 3389.17 -18302.7 53922.1 1.05798
355000 0.8 299.206 53.0947 -21690.7 3347.21 -18343.5 53670 1.06294
356000 0.8 300.427 -196.511 -21718 3360.87 -18357.2 53638.2 1.06357
357000 0.8 298.65 108.971 -21710.8 3340.99 -18369.8 53993.6 1.05657
358000 0.8 299.184 -120.66 -21671.2 3346.97 -18324.2 53872.1 1.05895
359000 0.8 298.475 18.3846 -21630.8 3339.03 -18291.7 53869.2 1.05901
360000 0.8 301.636 123.855 -21660.2 3374.4 -18285.8 53811.1 1.06015
361000 0.8 301.845 48.8893 -21670 3376.74 -18293.2 53849.7 1.05941
362000 0.8 299.528 -52.1426 -21686.7 3350.81 -18335.8 53845.6 1.05949
363000 0.8 299.95 -71.7908 -21763.3 3355.54 -18407.8 53768.8 1.06098
364000 0.8 299.064 62.4531 -21674 3345.62 -18328.3 53807 1.06022
365000 0.8 299.696 -146.335 -21666.3 3352.69 -18313.6 54020.5 1.05604
366000 0.8 301.777 -116.726 -21645.6 3375.98 -18269.7 53859.1 1.05921
367000 0.8 300.201 80.3522 -21671.1 3358.35 -18312.7 53833.8 1.05971
368000 0.8 299.563 -32.2188 -21723.1 3351.21 -18371.8 53567.4 1.06497
369000 0.8 300.38 19.2316 -21668.7 3360.35 -18308.3 53555.3 1.06521
370000 0.8 297.683 97.6547 -21634.7 3330.17 -18304.5 53414.4 1.06805
371000 0.8 300.61 37.3589 -21704.2 3362.92 -18341.3 53595.9 1.0644
372000 0.8 299.914 -155.209 -21733.5 3355.13 -18378.3 53787.2 1.06064
373000 0.8 299.523 -54.642 -21750 3350.76 -18399.2 53736.4 1.06163
374000 0.8 299.23 21.3566 -21693.8 3347.48 -18346.3 53727.6 1.06182
375000 0.8 301.448 -7.76135 -21629.3 3372.3 -18257 53755.2 1.06126
376000 0.8 301.655 -209.31 -21618.2 3374.61 -18243.5 53690.2 1.06254
377000 0.8 299.088 113.817 -21672.9 3345.89 -18327 53628.8 1.0638
378000 0.8 300.843 -30.9275 -21590.1 3365.52 -18224.6 54206.6 1.05243
379000 0.8 300.44 26.442 -21627.5 3361.01 -18266.5 53634.1 1.06368
380000 0.8 300.362 -105.773 -21664.5 3360.15 -18304.4 53324.9 1.06983
381000 0.8 298.781 141.259 -21674.8 3342.46 -18332.4 53277.6 1.07077
382000 0.8 300.014 114.971 -21651.7 3356.26 -18295.4 53887.5 1.05864
383000 0.8 299.987 6.89246 -21664.4 3355.95 -18308.4 54067.1 1.05513
384000 0.8 300.499 -61.754 -21686.2 3361.68 -18324.5 53907.1 1.05826
385000 0.8 301.789 77.3091 -21724.6 3376.1 -18348.4 53847.4 1.05944
386000 0.8 299.64 -95.6356 -21724.5 3352.06 -18372.4 53657.2 1.06321
387000 0.8 299.024 6.23556 -21648.4 3345.17 -18303.2 53825.7 1.05987
388000 0.8 300.168 -3.64936 -21666.5 3357.97 -18308.5 53779.5 1.06078
389000 0.8 299.439 -85.1669 -21689.3 3349.81 -18339.5 53670.3 1.06295
390000 0.8 300.723 307.498 -21672.4 3364.18 -18308.2 53602.7 1.06429
391000 0.8 300.123 15.6815 -21632.5 3357.48 -18275 53696.3 1.06242
392000 0.8 299.569 -52.0785 -21713.5 3351.27 -18362.3 53568.2 1.06496
393000 0.8 298.417 181.546 -21718.8 3338.39 -18380.4 53662.3 1.0631
394000 0.8 299.966 -18.9581 -21644 3355.72 -18288.3 54067.2 1.05518
395000 0.8 301.613 -88.6513 -21650.6 3374.14 -18276.5 53827.6 1.05983
396000 0.8 301.813 -98.2433 -21709.9 3376.38 -18333.5 53709.8 1.06214
397000 0.8 301.275 88.8211 -21664 3370.36 -18293.6 53751.1 1.06133
398000 0.8 299.187 -97.1886 -21627.5 3347 -18280.5 54051.1 1.05544
399000 0.8 301.166 17.3781 -21688.9 3369.14 -18319.8 53743.4 1.06149
400000 0.8 301.76 -23.5775 -21706.9 3375.78 -18331.1 54275.4 1.05108
401000 0.8 299.429 -112.545 -21662.7 3349.7 -18313 53821.4 1.05997
402000 0.8 300.063 77.6445 -21736 3356.8 -18379.2 53577.4 1.06479
403000 0.8 298.743 154.118 -21697 3342.03 -18355 53749.1 1.06137
404000 0.8 300.452 -130.74 -21634 3361.15 -18272.8 53853.3 1.05931
405000 0.8 301.24 -68.974 -21629.2 3369.96 -18259.2 54289 1.05083
406000 0.8 300.673 -11.0789 -21674.1 3363.63 -18310.5 54105.7 1.0544
407000 0.8 300.338 -12.3676 -21750 3359.88 -18390.1 54281.6 1.05096
408000 0.8 300.955 200.771 -21773.8 3366.78 -18407 53931.3 1.05781
409000 0.8 301.32 -224.238 -21730 3370.87 -18359.2 53876.4 1.05889
410000 0.8 301.001 115.117 -21717.8 3367.3 -18350.5 53754.1 1.06127
411000 0.8 299.371 -193.056 -21702.8 3349.06 -18353.8 53674 1.06287
412000 0.8 301.601 -130.3 -21704.6 3374.01 -18330.6 53971.4 1.05699
413000 0.8 299.943 -57.2572 -21749.3 3355.45 -18393.9 54118.7 1.05414
414000 0.8 299.417 -122.164 -21749.1 3349.57 -18399.5 53385.7 1.0686
415000 0.8 299.159 -52.7352 -21750 3346.69 -18403.3 53666.8 1.06301
416000 0.8 298.333 264.364 -21734.7 3337.44 -18397.3 53868.8 1.05902
417000 0.8 301.384 -217.429 -21755.7 3371.58 -18384.1 53872.1 1.05895
418000 0.8 299.423 89.2339 -21759.1 3349.64 -18409.4 53658.9 1.06319
419000 0.8 299.506 -90.757 -21735.9 3350.57 -18385.4 53560.9 1.06513
420000 0.8 301.641 -26.4495 -21682.8 3374.45 -18308.3 53731.4 1.06172
421000 0.8 301.738 -91.7967 -21738.7 3375.53 -18363.2 53863 1.05913
422000 0.8 301.399 -17.5801 -21684 3371.74 -18312.3 53939.2 1.05766
423000 0.8 300.576 86.5972 -21685.7 3362.54 -18323.2 53747.3 1.06142
424000 0.8 299.475 -63.0111 -21674.5 3350.22 -18324.3 53956.9 1.0573
425000 0.8 299.796 -31.1033 -21690.6 3353.82 -18336.8 53442.2 1.06747
426000 0.8 299.839 -60.0563 -21662.3 3354.29 -18308 53398.8 1.0684
427000 0.8 300.535 -134.124 -21649.2 3362.08 -18287.1 53696.7 1.06241
428000 0.8 299.878 -79.9813 -21608.1 3354.73 -18253.4 53903.7 1.05835
429000 0.8 299.105 -120.482 -21640.4 3346.08 -18294.3 54153.5 1.05345
430000 0.8 300.196 -52.2407 -21734.2 3358.29 -18375.9 54062.6 1.05522
431000 0.8 299.053 292.236 -21690.3 3345.5 -18344.8 53645.6 1.06343
432000 0.8 299.883 17.6498 -21628.6 3354.78 -18273.8 53631.7 1.0637
433000 0.8 300.02 -28.4686 -21703.7 3356.32 -18347.3 53563.3 1.06506
434000 0.8 299.662 180.223 -21741.4 3352.31 -18389.1 53552.1 1.06528
435000 0.8 299.088 -30.4899 -21706.1 3345.89 -18360.2 54184.5 1.05288
436000 0.8 299.284 -167.407 -21657 3348.09 -18308.9 54084.6 1.05479
437000 0.8 299.592 -220.02 -21705.7 3351.53 -18354.2 54359.6 1.04945
438000 0.8 300.473 23.6958 -21709.9 3361.39 -18348.5 53974.4 1.05696
439000 0.8 299.33 -142.649 -21717.4 3348.6 -18368.8 54072.9 1.05501
440000 0.8 299.934 153.621 -21703.6 3355.36 -18348.2 53839.3 1.05959
441000 0.8 299.971 32.5815 -21655.5 3355.77 -18299.7 54008.7 1.0563
442000 0.8 301.297 -91.5327 -21669.3 3370.61 -18298.7 53740.3 1.06155
443000 0.8 300.05 222.417 -21713.6 3356.65 -18357 53299.2 1.07033
444000 0.8 299.585 20.2388 -21668.3 3351.45 -18316.8 53873.6 1.05892
445000 0.8 299.061 -174.647 -21671.6 3345.59 -18326 54148.8 1.05353
446000 0.8 299.959 256.748 -21628.9 3355.64 -18273.2 53578.4 1.06477
447000 0.8 299.422 110.743 -21734.6 3349.62 -18385 54108.3 1.05432
448000 0.8 299.532 145.961 -21723.3 3350.86 -18372.5 53523 1.06586
449000 0.8 299.772 56.603 -21714.4 3353.55 -18360.8 53295.5 1.07041
450000 0.8 299.35 -138.337 -21668 3348.82 -18319.2 53467.8 1.06696
451000 0.8 298.685 107.856 -21691.7 3341.38 -18350.4 53281.8 1.0707
452000 0.8 300.109 -56.3639 -21703.6 3357.31 -18346.3 53594 1.06446
453000 0.8 299.122 -14.1589 -21694.8 3346.27 -18348.5 53633.4 1.06367
454000 0.8 299.114 -19.3545 -21599.1 3346.18 -18253 53520 1.06593
455000 0.8 299.372 -146.317 -21670.2 3349.07 -18321.1 53806.2 1.06025
456000 0.8 301.549 126.279 -21682.9 3373.42 -18309.5 53386.6 1.06858
457000 0.8 299.341 -131.454 -21756 3348.73 -18407.3 53730.5 1.06174
458000 0.8 299.484 165.167 -21716.2 3350.32 -18365.8 53436.2 1.06759
459000 0.8 299.545 70.1673 -21692.2 3351 -18341.2 53348.7 1.06936
460000 0.8 301.395 -42.937 -21706.2 3371.7 -18334.5 53413.9 1.06808
461000 0.8 299.251 119.229 -21689.4 3347.71 -18341.6 53712.4 1.06211
462000 0.8 299.646 155.098 -21717.8 3352.13 -18365.7 53384.6 1.06864
463000 0.8 298.538 -73.4246 -21740 3339.74 -18400.3 53595.2 1.06442
464000 0.8 300.228 -373.766 -21717.2 3358.65 -18358.5 53666 1.06302
465000 0.8 298.884 295.181 -21740.7 3343.61 -18397.1 53812.4 1.06013
466000 0.8 298.764 -88.8246 -21693 3342.26 -18350.7 53902.2 1.05837
467000 0.8 301.092 -67.2241 -21713.1 3368.31 -18344.8 53729.1 1.06178
468000 0.8 300.004 96.4852 -21711.2 3356.14 -18355 53719 1.06197
469000 0.8 300.326 256.312 -21709.2 3359.74 -18349.5 53838 1.05967
470000 0.8 298.323 -206.053 -21660.3 3337.33 -18323 53935.6 1.05771
471000 0.8 301.807 -113.638 -21717.8 3376.31 -18341.5 53591.7 1.06452
472000 0.8 300.418 -24.8975 -21691.5 3360.77 -18330.7 53815 1.06008
473000 0.8 300.605 85.8814 -21684.7 3362.86 -18321.8 53962.2 1.05722
474000 0.8 300.835 -118.853 -21699.9 3365.44 -18334.5 53622.6 1.06388
475000 0.8 300.111 -125.474 -21727.5 3357.34 -18370.2 53948 1.05748
476000 0.8 300.179 82.5432 -21741.8 3358.1 -18383.7 53670.7 1.06294
477000 0.8 299.66 -166.94 -21708.6 3352.29 -18356.3 54117.8 1.05414
478000 0.8 299.685 45.1252 -21714.3 3352.57 -18361.7 53663.1 1.06307
479000 0.8 300.695 -242.8 -21668.8 3363.86 -18305 53932.5 1.05776
480000 0.8 300.467 150.73 -21641 3361.31 -18279.7 53881.9 1.05876
481000 0.8 297.872 5.71379 -21636.6 3332.29 -18304.4 54088.2 1.05474
482000 0.8 299.984 134.454 -21637.3 3355.91 -18281.4 53977.9 1.05687
483000 0.8 298.871 -132.678 -21727.3 3343.46 -18383.8 54047.8 1.0555
484000 0.8 298.877 60.2428 -21701.5 3343.53 -18358 53882.7 1.05876
485000 0.8 299.782 -56.7923 -21663 3353.65 -18309.3 53829.3 1.05981
486000 0.8 299.773 105.891 -21721.4 3353.56 -18367.9 53837.6 1.05963
487000 0.8 300.475 51.2805 -21693.3 3361.4 -18331.9 54189.4 1.05275
488000 0.8 299.934 129.608 -21689 3355.35 -18333.7 54024.8 1.05596
489000 0.8 298.985 264.893 -21729.6 3344.74 -18384.9 53972.2 1.05698
490000 0.8 300.834 71.676 -21705.5 3365.42 -18340.1 54308.2 1.05046
491000 0.8 299.212 123.439 -21702.7 3347.28 -18355.4 53712.9 1.0621
492000 0.8 299.749 145.243 -21614.5 3353.28 -18261.2 54208.7 1.05239
493000 0.8 299.041 -132.82 -21625.8 3345.36 -18280.4 53935.8 1.0577
494000 0.8 302.202 121.149 -21640.7 3380.72 -18260 53485.5 1.0666
495000 0.8 301.617 -69.3285 -21617 3374.18 -18242.8 53688.4 1.06258
496000 0.8 299.038 -77.7968 -21629.8 3345.33 -18284.5 53627 1.0638
497000 0.8 298.491 -219.822 -21669.1 3339.21 -18329.9 53910.9 1.05818
498000 0.8 300.328 -61.3903 -21676.1 3359.77 -18316.4 54044.6 1.05557
499000 0.8 301.368 -97.8143 -21645.5 3371.4 -18274.1 53763.4 1.06112
500000 0.8 300.025 -143.747 -21662.9 3356.37 -18306.5 53876.1 1.05888
501000 0.8 299.329 -129.17 -21629.3 3348.59 -18280.7 53495.5 1.06641
502000 0.8 299.345 4.28008 -21693.7 3348.77 -18345 53470.4 1.0669
503000 0.8 300.776 227.351 -21653.1 3364.78 -18288.3 53723 1.06188
504000 0.8 299.958 -176.685 -21712.3 3355.62 -18356.7 53770 1.06097
505000 0.8 300.488 -40.8794 -21756.4 3361.56 -18394.9 53647.1 1.06341
506000 0.8 299.611 74.3784 -21645.9 3351.74 -18294.1 53535.7 1.06561
507000 0.8 298.436 17.4823 -21637.2 3338.6 -18298.6 53611.1 1.06419
508000 0.8 299.633 -9.60438 -21676.4 3351.99 -18324.4 53588.2 1.06458
509000 0.8 301.553 -97.9506 -21613.6 3373.47 -18240.1 53928.9 1.05785
510000 0.8 299.073 -141.122 -21718.7 3345.73 -18373 53823.6 1.0599
511000 0.8 299.606 -39.1732 -21732.7 3351.69 -18381 53790.5 1.06056
512000 0.8 301.327 142.23 -21752.2 3370.94 -18381.3 53878.5 1.05882
513000 0.8 302.743 -288.05 -21665.1 3386.78 -18278.3 54196.5 1.05262
514000 0.8 300.327 -48.3565 -21664.5 3359.76 -18304.7 54082.9 1.05482
515000 0.8 299.02 -11.5464 -21743.4 3345.13 -18398.2 54085.8 1.05476
516000 0.8 301.904 -156.183 -21613.3 3377.4 -18235.9 53895.2 1.05853
517000 0.8 300.607 31.9288 -21651 3362.89 -18288.1 53395 1.06844
518000 0.8 302.298 -13.4066 -21618.1 3381.8 -18236.3 53542.3 1.0655
519000 0.8 301.219 102.058 -21614 3369.73 -18244.3 53874.8 1.0589
520000 0.8 300.137 50.9562 -21634.4 3357.63 -18276.7 53894.6 1.0585
521000 0.8 301.076 -43.2277 -21720 3368.13 -18351.9 53883.1 1.05873
522000 0.8 299.852 102.138 -21728.8 3354.44 -18374.4 53672.8 1.06288
523000 0.8 300.01 13.5478 -21711.8 3356.2 -18355.6 53848.8 1.05943
524000 0.8 297.794 75.0902 -21700.4 3331.42 -18369 53668.1 1.06298
525000 0.8 300.307 194.803 -21666.1 3359.53 -18306.5 53780.4 1.06076
526000 0.8 298.433 -157.918 -21663.1 3338.56 -18324.5 53691.8 1.06255
527000 0.8 300.452 188.685 -21752.5 3361.15 -18391.3 53827.4 1.05983
528000 0.8 300.618 -199.682 -21730.1 3363.01 -18367.1 54167.3 1.05318
529000 0.8 298.602 187.98 -21638.4 3340.46 -18297.9 53878.7 1.05883
530000 0.8 299.091 50.8057 -21628.2 3345.93 -18282.2 53871.7 1.05898
531000 0.8 302.072 145.078 -21689.3 3379.27 -18310.1 53762.4 1.06114
532000 0.8 299.726 -264.963 -21740.3 3353.03 -18387.3 53834.4 1.05969
533000 0.8 300.541 -122.338 -21706.6 3362.14 -18344.4 53837.7 1.05963
534000 0.8 300.425 236.853 -21672.9 3360.85 -18312.1 53764.7 1.06106
535000 0.8 298.632 267.277 -21667.9 3340.79 -18327.2 53811.3 1.06015
536000 0.8 298.431 142.835 -21616.3 3338.54 -18277.8 53684.9 1.06264
537000 0.8 300.155 162.347 -21608.8 3357.83 -18251 53785.6 1.06066
538000 0.8 300.109 -19.6542 -21682.3 3357.32 -18325 53535.9 1.06561
539000 0.8 298.836 -153.95 -21691.8 3343.07 -18348.7 53715.7 1.06207
540000 0.8 298.574 -239.458 -21695.5 3340.14 -18355.3 53517.8 1.06596
541000 0.8 299.326 -301.346 -21717.6 3348.55 -18369.1 53653.3 1.06326
542000 0.8 300.983 82.9973 -21639.7 3367.1 -18272.6 53360.3 1.0691
543000 0.8 300.029 22.6292 -21636.4 3356.42 -18280 53464.1 1.06703
544000 0.8 299.559 28.6631 -21675.6 3351.16 -18324.5 53664.8 1.06307
545000 0.8 299.478 -179.513 -21625.6 3350.26 -18275.4 53950.8 1.0574
546000 0.8 300.043 -276.183 -21648.3 3356.57 -18291.8 53947.1 1.05747
547000 0.8 301.066 72.6236 -21685.3 3368.02 -18317.3 53660.8 1.06314
548000 0.8 297.264 -72.0986 -21720.8 3325.49 -18395.3 54038.2 1.05569
549000 0.8 297.964 82.7095 -21721.2 3333.32 -18387.9 53637.6 1.06358
550000 0.8 298.686 -113.731 -21698.8 3341.4 -18357.4 53904.6 1.05831
551000 0.8 300.061 138.277 -21711.9 3356.78 -18355.1 53974.2 1.05697
552000 0.8 300.744 -2.79546 -21669.6 3364.42 -18305.2 53985.8 1.05673
553000 0.8 299.883 120.128 -21691.3 3354.78 -18336.5 54273.5 1.05112
554000 0.8 301.318 -62.1023 -21685.1 3370.84 -18314.3 54057.4 1.05533
555000 0.8 298.509 0.2486 -21739 3339.41 -18399.5 53664.4 1.06306
556000 0.8 300.676 -108.464 -21708.6 3363.66 -18344.9 53761 1.06114
557000 0.8 300.507 -25.0974 -21682.7 3361.77 -18320.9 53750.9 1.06133
558000 0.8 299.219 -181.732 -21679.5 3347.36 -18332.2 53988.1 1.05667
559000 0.8 301.62 -72.2417 -21662.5 3374.22 -18288.3 53718 1.062
560000 0.8 302.235 -106.579 -21652.7 3381.1 -18271.6 53358.9 1.06913
561000 0.8 300.357 59.9849 -21703.8 3360.09 -18343.7 53023.8 1.07589
562000 0.8 300.132 -111.885 -21710.2 3357.57 -18352.6 53624.4 1.06385
563000 0.8 299.886 32.1187 -21656.4 3354.82 -18301.5 53813.2 1.06011
564000 0.8 301.535 -184.719 -21723.4 3373.26 -18350.2 53858.3 1.05922
565000 0.8 299.821 39.0044 -21744.3 3354.09 -18390.2 53641.8 1.0635
566000 0.8 300.638 -20.8338 -21705.1 3363.23 -18341.8 53602.5 1.06427
567000 0.8 299.614 -314.021 -21730.1 3351.77 -18378.4 53800.2 1.06037
568000 0.8 300.98 257.394 -21719.5 3367.06 -18352.4 53950.3 1.05742
569000 0.8 300.356 161.675 -21686 3360.08 -18325.9 53590.6 1.06451
570000 0.8 300.172 88.9994 -21738.9 3358.01 -18380.8 54159.1 1.05335
571000 0.8 299.352 -58.0279 -21793.6 3348.85 -18444.7 53783.9 1.0607
572000 0.8 300.572 59.2197 -21751.3 3362.49 -18388.8 54057.7 1.05532
573000 0.8 300.868 165.177 -21711.3 3365.81 -18345.5 53841.2 1.05958
574000 0.8 299.644 146.501 -21677.1 3352.11 -18325 53801.1 1.06036
575000 0.8 299.509 -12.0794 -21674 3350.6 -18323.4 53959.1 1.05725
576000 0.8 299.746 -53.1368 -21717.1 3353.26 -18363.8 53806 1.06025
577000 0.8 299.002 -286.274 -21719.7 3344.93 -18374.7 54030.3 1.05584
578000 0.8 300.487 264.87 -21687 3361.54 -18325.4 53953.5 1.05735
579000 0.8 298.858 -15.0289 -21628.1 3343.32 -18284.8 53693.8 1.06248
580000 0.8 299.272 107.207 -21646 3347.95 -18298.1 53693.2 1.06249
581000 0.8 299.452 -184.544 -21712.8 3349.96 -18362.8 53583.3 1.06466
582000 0.8 300.505 73.5876 -21658.5 3361.74 -18296.7 53822.6 1.05994
583000 0.8 299.979 36.7474 -21627.1 3355.86 -18271.2 53919.7 1.05801
584000 0.8 299.875 164.674 -21617.2 3354.69 -18262.5 53435.3 1.06761
585000 0.8 298.956 6.93711 -21577.3 3344.42 -18232.8 53057.2 1.07523
586000 0.8 299.382 -216.562 -21646.5 3349.18 -18297.3 53229.9 1.07173
587000 0.8 299.227 -56.2013 -21717.1 3347.44 -18369.6 53205.5 1.07222
588000 0.8 300.12 -161.873 -21700.7 3357.43 -18343.3 53479.3 1.06673
589000 0.8 300.342 -325.442 -21679.4 3359.93 -18319.5 53897.6 1.05846
590000 0.8 300.762 75.4487 -21656.7 3364.62 -18292.1 53676.1 1.06282
591000 0.8 300.819 7.76155 -21652.9 3365.26 -18287.6 53909.9 1.05822
592000 0.8 299.875 -161.047 -21596.9 3354.69 -18242.2 53927.6 1.05787
593000 0.8 301.675 162.056 -21596.4 3374.83 -18221.6 53731.7 1.06173
594000 0.8 300.218 -124.151 -21684.6 3358.53 -18326.1 53664.9 1.06305
595000 0.8 300.954 90.1596 -21695.2 3366.76 -18328.4 53304.1 1.07024
596000 0.8 298.545 149.115 -21698.6 3339.82 -18358.7 53975.8 1.05698
597000 0.8 300.781 138.208 -21768.3 3364.83 -18403.4 54020.6 1.05604
598000 0.8 301.194 -100.49 -21745.3 3369.45 -18375.9 54110.4 1.05429
599000 0.8 300.388 105.114 -21728.6 3360.44 -18368.2 53962 1.05718
600000 0.8 300.873 -139.874 -21629.3 3365.86 -18263.4 53851.8 1.05937
