# Time-averaged data for fix thermo_avg
# TimeStep v_epsilon_co v_temp v_press v_pe v_ke v_etotal v_vol v_dens
601000 0.8 301.72 -68.8225 -21635.8 3375.33 -18260.5 53752.4 1.06131
602000 0.8 297.802 161.393 -21621.5 3331.5 -18290 53750.4 1.06136
603000 0.8 300.054 2.01414 -21665.8 3356.7 -18309.1 54021.6 1.05603
604000 0.8 302.108 9.7216 -21688.6 3379.68 -18308.9 54060.3 1.05527
605000 0.8 299.09 -165.621 -21692.6 3345.92 -18346.7 54117.7 1.05417
606000 0.8 298.162 118.613 -21690.5 3335.53 -18355 53674.9 1.06284
607000 0.8 301.153 90.4768 -21661.6 3368.99 -18292.6 53832 1.05974
608000 0.8 300.605 -68.5971 -21662.7 3362.86 -18299.8 53842.1 1.05955
609000 0.8 298.964 112.655 -21695.7 3344.5 -18351.2 53581.4 1.06472
610000 0.8 300.353 -108.89 -21690.8 3360.04 -18330.7 53555 1.06524
611000 0.8 299.366 302.32 -21666.9 3349 -18317.9 53551.6 1.0653
612000 0.8 301.849 108.429 -21710.2 3376.78 -18333.4 53835.2 1.05968
613000 0.8 300.51 -47.8846 -21659.8 3361.8 -18298 53649.6 1.06335
614000 0.8 299.432 125.372 -21625.4 3349.73 -18275.7 53671.7 1.06292
615000 0.8 298.83 -285.616 -21614.5 3343 -18271.5 54020 1.05606
616000 0.8 299.744 88.8502 -21683.1 3353.23 -18329.8 54155.4 1.05342
617000 0.8 303.106 -59.0286 -21681.1 3390.84 -18290.3 53780.8 1.06075
618000 0.8 300.911 -46.9494 -21747.2 3366.28 -18380.9 54289.1 1.05082
619000 0.8 300.165 54.2566 -21719 3357.94 -18361.1 54046 1.05554
620000 0.8 300.589 58.6904 -21747.7 3362.68 -18385 54197.4 1.0526
621000 0.8 299.291 -46.8343 -21784.7 3348.16 -18436.6 54083.9 1.05481
622000 0.8 299.269 219.982 -21661.4 3347.92 -18313.5 54196.9 1.05262
623000 0.8 300.671 99.3377 -21683.6 3363.6 -18320 54334.5 1.04998
624000 0.8 300.665 -81.8433 -21719.2 3363.53 -18355.7 53890 1.05865
625000 0.8 300.657 255.317 -21697.4 3363.45 -18334 54035.2 1.05576
626000 0.8 300.393 -19.4462 -21666 3360.49 -18305.5 53901.3 1.05837
627000 0.8 300.185 8.13176 -21722.2 3358.16 -18364 54204.6 1.05247
628000 0.8 301.279 69.2655 -21715.2 3370.4 -18344.8 53878.6 1.05882
629000 0.8 299.532 -111.978 -21732.3 3350.85 -18381.4 54137.4 1.05379
630000 0.8 299.956 -41.9827 -21698.1 3355.6 -18342.5 54034.9 1.05579
631000 0.8 301.006 -18.7927 -21714.3 3367.35 -18346.9 53970.1 1.05703
632000 0.8 300.84 200.884 -21710 3365.5 -18344.5 53774.6 1.06087
633000 0.8 299.743 -15.5136 -21674.5 3353.22 -18321.3 53697 1.06245
634000 0.8 299.502 -216.622 -21686 3350.52 -18335.5 53746.6 1.06145
635000 0.8 297.724 -51.5823 -21718.6 3330.63 -18388 53844.9 1.05949
636000 0.8 300.416 116.213 -21690.8 3360.75 -18330 53852.7 1.05935
637000 0.8 298.911 -166.745 -21656.5 3343.91 -18312.6 54105 1.05439
638000 0.8 300.259 -12.6354 -21695.7 3358.99 -18336.7 54355.4 1.04953
639000 0.8 301.06 27.9094 -21705 3367.95 -18337 54016.4 1.05614
640000 0.8 299.102 -180.667 -21699 3346.04 -18353 53867.5 1.05906
641000 0.8 299.208 -56.6362 -21717.2 3347.24 -18369.9 53820.5 1.05997
642000 0.8 299.025 -23.0726 -21655.6 3345.19 -18310.4 53837.7 1.05963
643000 0.8 300.879 97.182 -21709.3 3365.93 -18343.4 53823.2 1.05993
644000 0.8 302.532 91.5465 -21792.1 3384.42 -18407.7 54084.2 1.05482
645000 0.8 299.808 89.6522 -21733.3 3353.95 -18379.4 53932.3 1.05778
646000 0.8 299.162 -43.9966 -21690.5 3346.72 -18343.8 53618.3 1.06396
647000 0.8 300.209 -102.294 -21696.9 3358.44 -18338.5 53654.4 1.06325
648000 0.8 300.599 49.7768 -21635 3362.79 -18272.2 53845.5 1.05948
649000 0.8 300.355 117.068 -21601.1 3360.07 -18241 53659.6 1.06316
650000 0.8 300.402 -88.765 -21662.7 3360.59 -18302.1 53951.7 1.05742
651000 0.8 300.266 3.37045 -21672.6 3359.07 -18313.6 53900.4 1.05839
652000 0.8 302.066 66.8606 -21668.8 3379.21 -18289.6 53978.6 1.0569
653000 0.8 299.682 102.821 -21668.5 3352.54 -18315.9 54021.6 1.05602
654000 0.8 298.63 -30.1641 -21643.1 3340.77 -18302.4 54045.6 1.05558
655000 0.8 301.263 34.566 -21633.8 3370.22 -18263.5 54353.6 1.04957
656000 0.8 301.279 65.2802 -21708.5 3370.4 -18338.1 54048.1 1.05551
657000 0.8 300.61 -75.7112 -21684.2 3362.92 -18321.2 53700 1.06236
658000 0.8 300.322 116.322 -21666.5 3359.7 -18306.8 53806.6 1.06025
659000 0.8 298.28 38.8296 -21681.9 3336.85 -18345.1 53458.6 1.06714
660000 0.8 299.892 97.0397 -21688.6 3354.89 -18333.7 53785.9 1.06065
661000 0.8 300.756 119.983 -21640.6 3364.55 -18276.1 53776.1 1.06084
662000 0.8 302.316 -191.44 -21660.4 3382 -18278.4 53938.9 1.05765
663000 0.8 300.825 -184.851 -21715.1 3365.32 -18349.8 53718.3 1.06201
664000 0.8 299.73 67.0789 -21724.3 3353.07 -18371.3 54125.6 1.054
665000 0.8 300.611 95.5539 -21641.2 3362.92 -18278.3 53752.7 1.0613
666000 0.8 302.503 -95.632 -21649.8 3384.1 -18265.7 53550.2 1.06533
667000 0.8 299.241 138.049 -21676 3347.61 -18328.4 53991.8 1.05662
668000 0.8 298.891 98.5758 -21670.1 3343.69 -18326.4 53964.6 1.05716
669000 0.8 301.372 47.2574 -21669 3371.44 -18297.6 54009.9 1.05625
670000 0.8 301.814 76.7161 -21704.9 3376.39 -18328.5 53872.2 1.05895
671000 0.8 298.604 202.744 -21735.2 3340.48 -18394.7 53852.4 1.05934
672000 0.8 299.595 198.573 -21757.9 3351.56 -18406.4 54020.4 1.05606
673000 0.8 298.05 23.2972 -21738.3 3334.28 -18404.1 53689.7 1.06255
674000 0.8 299.683 -148.73 -21707.2 3352.55 -18354.7 53516.4 1.066
675000 0.8 300.06 -44.7267 -21686.4 3356.76 -18329.7 53739.7 1.06157
676000 0.8 300.152 -108.423 -21662.2 3357.8 -18304.4 53760.2 1.06117
677000 0.8 301.492 133.24 -21700.4 3372.79 -18327.7 53809.8 1.06018
678000 0.8 300.774 -245.814 -21668.9 3364.75 -18304.1 53833.2 1.05975
679000 0.8 297.923 -231.747 -21677 3332.86 -18344.2 53841.1 1.05958
680000 0.8 300.09 53.3483 -21637.7 3357.1 -18280.6 53960.6 1.05723
681000 0.8 298.659 68.1272 -21614.7 3341.09 -18273.6 53819.8 1.05998
682000 0.8 299.855 -420.937 -21683.4 3354.48 -18328.9 53746.8 1.06145
683000 0.8 299.347 69.1472 -21680.3 3348.79 -18331.5 53476 1.06681
684000 0.8 301.099 -111.788 -21703.1 3368.39 -18334.7 53674.8 1.06287
685000 0.8 302.036 117.649 -21728.2 3378.87 -18349.4 53522.9 1.06586
686000 0.8 299.338 -238.995 -21690 3348.68 -18341.3 53473 1.06685
687000 0.8 301.594 -87.0361 -21704.2 3373.93 -18330.2 53342 1.06947
688000 0.8 298.991 173.872 -21712.9 3344.81 -18368.1 53786.4 1.06066
689000 0.8 299.942 181.306 -21695.7 3355.44 -18340.2 53784.3 1.06069
690000 0.8 301.024 106.956 -21777.6 3367.55 -18410.1 53971.6 1.05701
691000 0.8 299.977 134.963 -21774.7 3355.84 -18418.8 53736.4 1.06163
692000 0.8 301.53 -32.112 -21721.7 3373.21 -18348.5 53784.6 1.06069
693000 0.8 297.973 -15.1233 -21677 3333.42 -18343.6 53668.4 1.06297
694000 0.8 300.17 35.172 -21728.9 3358 -18370.9 53794.3 1.06048
695000 0.8 298.845 -72.8404 -21687.4 3343.18 -18344.2 53909.7 1.05821
696000 0.8 298.564 -62.3911 -21705.1 3340.03 -18365.1 53966.4 1.05711
697000 0.8 299.842 7.99015 -21822.9 3354.32 -18468.6 53633.7 1.06367
698000 0.8 297.473 -58.1871 -21735.2 3327.82 -18407.4 53877.3 1.05885
699000 0.8 299.95 139.54 -21753.2 3355.53 -18397.7 53972.7 1.057
700000 0.8 300.502 102.554 -21686.3 3361.71 -18324.6 54036.4 1.05574
701000 0.8 299.457 -2.57873 -21720.4 3350.01 -18370.4 53969.8 1.05703
702000 0.8 301.653 103.904 -21637.6 3374.59 -18263.1 53935 1.05772
703000 0.8 299.052 -132.188 -21630.7 3345.49 -18285.2 53695.1 1.06245
704000 0.8 300.467 317.5 -21668.3 3361.32 -18307 53710.2 1.06215
705000 0.8 298.787 168.275 -21735.5 3342.52 -18393 53817 1.06004
706000 0.8 299.143 -78.3294 -21755.6 3346.51 -18409.1 54068.6 1.05511
707000 0.8 301.659 18.8504 -21728.7 3374.66 -18354 53616.5 1.064
708000 0.8 299.819 -26.8455 -21731.2 3354.07 -18377.1 53738.5 1.06159
709000 0.8 298.849 -48.3475 -21686.4 3343.21 -18343.2 53464.2 1.06703
710000 0.8 299.366 -4.77765 -21713.9 3349 -18364.9 53473.7 1.06685
711000 0.8 300.986 59.6652 -21648.8 3367.13 -18281.6 53944.4 1.05756
712000 0.8 300.035 -87.3685 -21688.7 3356.48 -18332.2 53996.3 1.05652
713000 0.8 300.439 -43.1412 -21710.4 3361.01 -18349.4 53658.7 1.06316
714000 0.8 298.714 83.7963 -21732.8 3341.71 -18391.1 53558 1.06517
715000 0.8 299.365 -124.461 -21732.8 3348.99 -18383.9 53418 1.06795
716000 0.8 301.172 -198.945 -21697.8 3369.2 -18328.6 53862.8 1.05913
717000 0.8 299.551 -35.1375 -21687.1 3351.07 -18336 53829.8 1.05981
718000 0.8 301.823 -176.204 -21735.4 3376.48 -18358.9 53783.1 1.06071
719000 0.8 300.123 23.1868 -21661.2 3357.47 -18303.7 53819.7 1.06001
720000 0.8 300.431 206.957 -21683.5 3360.91 -18322.6 54076.7 1.05495
721000 0.8 300.12 56.5135 -21694.5 3357.44 -18337.1 53882.7 1.05875
722000 0.8 298.839 -24.0135 -21704.7 3343.11 -18361.6 53661.5 1.06311
723000 0.8 301.77 -87.1278 -21705.8 3375.89 -18329.9 53650.3 1.06334
724000 0.8 299.894 53.3563 -21691 3354.91 -18336.1 53624.8 1.06383
725000 0.8 301.176 41.0787 -21657.7 3369.25 -18288.4 53840.7 1.05957
726000 0.8 298.789 -12.6491 -21632.8 3342.55 -18290.3 53858.7 1.05922
727000 0.8 301.103 43.5668 -21645 3368.43 -18276.5 53856.8 1.05926
728000 0.8 299.964 -144.669 -21608.5 3355.69 -18252.8 53568.3 1.06498
729000 0.8 299.781 -45.0098 -21624.6 3353.64 -18271 53566 1.065
730000 0.8 300.399 28.4657 -21687.4 3360.56 -18326.8 53747.7 1.06141
731000 0.8 299.054 31.756 -21654.2 3345.51 -18308.7 53731.3 1.06173
732000 0.8 300.073 -166.195 -21710.6 3356.91 -18353.7 53722.9 1.06189
733000 0.8 299.198 -154.727 -21719.6 3347.13 -18372.5 53934.3 1.05775
734000 0.8 300.621 -148.274 -21692 3363.05 -18328.9 53570.2 1.06492
735000 0.8 300.68 -166.988 -21698.9 3363.7 -18335.2 53690.8 1.06255
736000 0.8 300.497 25.3768 -21702.6 3361.66 -18341 53598.6 1.06436
737000 0.8 300.094 -368.239 -21774.8 3357.15 -18417.6 53749.9 1.06135
738000 0.8 301.343 251.939 -21668.9 3371.12 -18297.8 54142.4 1.05367
739000 0.8 298.913 -89.0913 -21656.3 3343.93 -18312.3 54044.1 1.05559
740000 0.8 301.287 30.4751 -21659.6 3370.5 -18289.1 53641 1.06353
741000 0.8 299.762 -90.7797 -21700.2 3353.44 -18346.7 53977.6 1.0569
742000 0.8 298.094 219.801 -21656.1 3334.78 -18321.3 54050.2 1.05546
743000 0.8 298.499 200.452 -21681.4 3339.31 -18342.1 54119.3 1.05417
744000 0.8 300.476 4.05929 -21670.1 3361.42 -18308.7 54022.8 1.05599
745000 0.8 299.362 59.9116 -21698.6 3348.96 -18349.6 53844.7 1.0595
746000 0.8 297.996 120.731 -21717.6 3333.68 -18383.9 53831.4 1.05977
747000 0.8 301.571 -9.96024 -21719.1 3373.66 -18345.5 53616.8 1.06401
748000 0.8 299.792 307.651 -21655.8 3353.77 -18302 53539.3 1.06553
749000 0.8 299.116 172.531 -21650.9 3346.21 -18304.7 53630 1.06374
750000 0.8 299.885 -169.345 -21644.4 3354.81 -18289.6 53612.9 1.06411
751000 0.8 299.616 83.3735 -21627.9 3351.8 -18276.1 53292.2 1.07049
752000 0.8 299.587 277.505 -21695.8 3351.47 -18344.3 53698.4 1.06238
753000 0.8 300.671 181.769 -21758.8 3363.6 -18395.2 54104.9 1.05442
754000 0.8 299.82 182.945 -21727.2 3354.08 -18373.1 54083.2 1.05484
755000 0.8 300.304 -128.588 -21695.7 3359.5 -18336.2 54061.5 1.05524
756000 0.8 301.637 -83.5114 -21730.9 3374.41 -18356.5 53904.1 1.05832
757000 0.8 298.737 77.7371 -21732.5 3341.96 -18390.6 54030.9 1.05584
758000 0.8 300.677 -31.7887 -21615 3363.67 -18251.4 54010.1 1.05629
759000 0.8 300.45 12.2079 -21710.8 3361.13 -18349.6 53639.8 1.06354
760000 0.8 300.484 -153.675 -21796.4 3361.51 -18434.8 53793.4 1.06051
761000 0.8 301.988 26.2105 -21741.8 3378.33 -18363.4 53779.1 1.06078
762000 0.8 300.59 38.0557 -21780.7 3362.69 -18418 53691.1 1.06252
763000 0.8 300.763 -206.084 -21629.7 3364.63 -18265.1 53383.7 1.06864
764000 0.8 299.089 22.1369 -21671.9 3345.91 -18326 53526.4 1.0658
765000 0.8 298.735 -33.3072 -21726.9 3341.95 -18385 53928.1 1.05789
766000 0.8 298.575 -230.757 -21765 3340.16 -18424.8 53551.6 1.0653
767000 0.8 299.37 61.8796 -21649.6 3349.04 -18300.5 53723.8 1.06189
768000 0.8 300.663 -18.8283 -21639.5 3363.51 -18276 54079.5 1.0549
769000 0.8 300.095 74.0722 -21731.8 3357.15 -18374.6 53878.2 1.05884
770000 0.8 300.139 209.087 -21634.5 3357.64 -18276.8 53485.4 1.06661
771000 0.8 298.725 49.77 -21659.2 3341.83 -18317.4 53502.9 1.06628
772000 0.8 298.575 76.7138 -21632.8 3340.15 -18292.7 53688.3 1.06258
773000 0.8 301.118 139.138 -21678.2 3368.6 -18309.6 53697.3 1.0624
774000 0.8 301.354 114.493 -21699.7 3371.24 -18328.4 53630.1 1.06373
775000 0.8 300.916 -167.197 -21627.6 3366.35 -18261.3 54120 1.05411
776000 0.8 298.956 76.352 -21662.8 3344.41 -18318.4 53761.6 1.06114
777000 0.8 301.151 2.13722 -21696.9 3368.97 -18327.9 54203.5 1.05249
778000 0.8 300.003 163.35 -21656.4 3356.13 -18300.3 53963.9 1.05715
779000 0.8 298.491 -65.4682 -21660.9 3339.21 -18321.7 53915.1 1.05813
780000 0.8 301.557 -337.291 -21651.9 3373.52 -18278.4 53795.8 1.06046
781000 0.8 299.401 33.0225 -21637.5 3349.39 -18288.1 53908.6 1.05823
782000 0.8 299.083 117.563 -21638.1 3345.84 -18292.3 53764.7 1.06107
783000 0.8 297.546 -31.3402 -21665.7 3328.64 -18337 53756.3 1.06124
784000 0.8 300.143 -43.8396 -21685.6 3357.7 -18327.9 53806.1 1.06024
785000 0.8 300.075 69.5244 -21715.4 3356.94 -18358.5 53966.1 1.05712
786000 0.8 299.949 -70.004 -21677.5 3355.52 -18322 53690.3 1.06254
787000 0.8 300.831 26.7909 -21677.9 3365.39 -18312.5 53876.7 1.05886
788000 0.8 298.325 196.909 -21696.9 3337.35 -18359.5 53786.7 1.06064
789000 0.8 302.021 -158.241 -21686.3 3378.7 -18307.6 53785.7 1.06067
790000 0.8 300.01 193.395 -21687.9 3356.21 -18331.7 53953.6 1.05737
791000 0.8 302.408 -97.3628 -21737.4 3383.03 -18354.3 53866.3 1.05908
792000 0.8 300.375 -42.1881 -21704.1 3360.29 -18343.8 53523.3 1.06587
793000 0.8 298.693 3.11147 -21667.9 3341.47 -18326.4 53718.9 1.06201
794000 0.8 300.977 -119.12 -21659.4 3367.02 -18292.4 53757.9 1.06122
795000 0.8 299.225 56.1755 -21698.4 3347.42 -18351 53727.9 1.0618
796000 0.8 298.408 -26.1254 -21720.1 3338.29 -18381.8 53577.7 1.06478
797000 0.8 299.866 -44.7769 -21675.8 3354.6 -18321.2 53796.2 1.06045
798000 0.8 301.311 -322.867 -21655.9 3370.77 -18285.1 53858.1 1.05923
799000 0.8 299.538 176.487 -21668 3350.93 -18317.1 53634.1 1.06367
800000 0.8 300.93 -132.106 -21634.8 3366.5 -18268.3 53939.2 1.05764
801000 0.8 300.807 39.2197 -21636.3 3365.12 -18271.2 54152.5 1.05347
802000 0.8 300.401 -27.8135 -21636.2 3360.58 -18275.6 53909.6 1.05822
803000 0.8 298.978 146.502 -21696.5 3344.66 -18351.9 53864 1.05913
804000 0.8 300.132 -92.9094 -21717 3357.57 -18359.4 53837.7 1.05963
805000 0.8 299.134 193.026 -21631.3 3346.4 -18284.9 53780.3 1.06077
806000 0.8 299.618 -76.8635 -21648.7 3351.82 -18296.8 53675.2 1.06286
807000 0.8 300.819 -160.204 -21694.7 3365.26 -18329.4 53965.3 1.05712
808000 0.8 299.861 302.149 -21700.6 3354.54 -18346.1 53849 1.05942
809000 0.8 297.136 -29.3274 -21713.4 3324.05 -18389.4 54151.2 1.0535
810000 0.8 299.672 219.977 -21742.4 3352.42 -18390 53628.3 1.06379
811000 0.8 302.038 -204.12 -21743.6 3378.89 -18364.7 53697.3 1.06241
812000 0.8 300.384 75.2358 -21688.3 3360.39 -18327.9 54013.4 1.05619
813000 0.8 299.585 8.64253 -21745.6 3351.45 -18394.2 53665.5 1.06304
814000 0.8 300.231 142.009 -21728.8 3358.68 -18370.1 53643.7 1.06347
815000 0.8 300.988 25.122 -21677.2 3367.14 -18310.1 54408.3 1.04853
816000 0.8 301.676 -45.7563 -21725.6 3374.85 -18350.8 53751.6 1.06133
817000 0.8 299.684 -105.977 -21743.7 3352.55 -18391.1 53381.2 1.06871
818000 0.8 299.934 -62.8621 -21685.7 3355.36 -18330.4 53613.2 1.06407
819000 0.8 299.94 30.6703 -21688.1 3355.43 -18332.6 53647.4 1.0634
820000 0.8 300.344 -31.8894 -21669.4 3359.94 -18309.5 53609.1 1.06414
821000 0.8 299.3 32.5394 -21734.7 3348.26 -18386.4 53540.7 1.06553
822000 0.8 299.363 -79.1319 -21666.3 3348.97 -18317.4 53721.1 1.06196
823000 0.8 300.899 -123.921 -21657.8 3366.15 -18291.7 53837.9 1.05963
824000 0.8 300.363 -75.7464 -21634.5 3360.16 -18274.3 53539.3 1.06554
825000 0.8 299.952 336.3 -21685.4 3355.56 -18329.9 53568.4 1.06496
826000 0.8 301.851 63.7816 -21677.3 3376.81 -18300.5 53908.1 1.05825
827000 0.8 298.823 -14.7384 -21680.9 3342.93 -18338 54019 1.05609
828000 0.8 298.662 35.6415 -21717.9 3341.12 -18376.8 53814.9 1.06009
829000 0.8 300.72 20.5746 -21703.1 3364.15 -18339 54089.2 1.05473
830000 0.8 299.541 26.6397 -21651.2 3350.96 -18300.3 53599.8 1.06433
831000 0.8 301.921 -23.7194 -21689.1 3377.58 -18311.5 53374.4 1.06889
832000 0.8 300.285 38.8275 -21711 3359.28 -18351.7 53720.1 1.06196
833000 0.8 301.316 -35.0526 -21736.1 3370.81 -18365.3 53670.2 1.06295
834000 0.8 299.797 124.531 -21657.4 3353.82 -18303.6 53712.4 1.06211
835000 0.8 297.334 61.0156 -21661.2 3326.27 -18334.9 53951.1 1.05743
836000 0.8 299.403 -167.162 -21627.9 3349.42 -18278.5 53939.5 1.05762
837000 0.8 299.467 241.739 -21622.2 3350.13 -18272 53682 1.0627
838000 0.8 299.597 203.183 -21704.2 3351.59 -18352.6 53889.8 1.05865
839000 0.8 299.654 73.5546 -21727.1 3352.23 -18374.8 54117.6 1.05416
840000 0.8 301.338 9.14971 -21675.9 3371.06 -18304.8 54029.7 1.05586
841000 0.8 299.87 60.1786 -21637.5 3354.64 -18282.9 53862.9 1.05914
842000 0.8 301.123 116.086 -21664.8 3368.65 -18296.1 53817.2 1.06006
843000 0.8 299.704 -54.6179 -21675.4 3352.78 -18322.6 53726.3 1.06182
844000 0.8 297.377 78.1706 -21651.1 3326.76 -18324.3 53868.4 1.05902
845000 0.8 300.203 71.4613 -21680.2 3358.36 -18321.8 53595.8 1.06441
846000 0.8 298.651 55.9927 -21686.7 3341 -18345.7 53588.5 1.06456
847000 0.8 299.959 -235.963 -21678.9 3355.63 -18323.3 53792.3 1.06054
848000 0.8 298.637 9.95062 -21672.3 3340.85 -18331.5 53757.9 1.0612
849000 0.8 300.856 -146.195 -21762.5 3365.67 -18396.8 53885.8 1.0587
850000 0.8 299.841 -81.5473 -21671.2 3354.32 -18316.9 53706.5 1.06224
851000 0.8 300.46 -170.306 -21706 3361.24 -18344.7 53482.2 1.06667
852000 0.8 300.639 149.947 -21705.2 3363.24 -18342 53794.1 1.06052
853000 0.8 300.352 105.717 -21695 3360.03 -18334.9 54134.5 1.05382
854000 0.8 300.548 135.531 -21685.5 3362.22 -18323.2 53999.6 1.05645
855000 0.8 299.006 197.63 -21701.1 3344.97 -18356.1 53783.7 1.06069
856000 0.8 299.904 215.901 -21705.3 3355.02 -18350.3 53769.4 1.06099
857000 0.8 298.267 -26.4751 -21631.3 3336.7 -18294.6 53863.2 1.05915
858000 0.8 299.565 248.514 -21632.1 3351.23 -18280.9 53593.7 1.06445
859000 0.8 299.765 -28.0454 -21679 3353.46 -18325.5 53632.8 1.0637
860000 0.8 302.431 302.375 -21698.9 3383.29 -18315.6 53738.2 1.06159
861000 0.8 299.329 -70.869 -21702.8 3348.59 -18354.2 53727.7 1.06179
862000 0.8 300.147 -86.9577 -21665.6 3357.74 -18307.8 53495.6 1.06642
863000 0.8 299.393 -94.134 -21625.1 3349.31 -18275.8 53498.4 1.06637
864000 0.8 299.457 -59.5805 -21697.2 3350.02 -18347.2 53715.4 1.06205
865000 0.8 299.824 74.5111 -21657.5 3354.13 -18303.4 53580.2 1.06472
866000 0.8 300.639 -212.381 -21669.9 3363.24 -18306.7 53592.1 1.06454
867000 0.8 299.069 -104.225 -21668.8 3345.67 -18323.2 53808.6 1.0602
868000 0.8 301.157 10.8704 -21658.2 3369.04 -18289.1 53965.7 1.05712
869000 0.8 298.687 -127.881 -21667.2 3341.41 -18325.8 53552.2 1.06529
870000 0.8 300.271 -14.372 -21725.3 3359.13 -18366.2 53926.9 1.0579
871000 0.8 300.369 130.855 -21731.1 3360.22 -18370.9 54039.9 1.05567
872000 0.8 298.65 161.91 -21671 3340.99 -18330 54027.6 1.0559
873000 0.8 299.278 63.4559 -21740.5 3348.02 -18392.5 53778.7 1.0608
874000 0.8 300.831 -137.244 -21654.5 3365.39 -18289.1 53812.4 1.06014
875000 0.8 299.494 103.601 -21600.8 3350.44 -18250.3 53891.1 1.05858
876000 0.8 299.425 -12.8536 -21649 3349.66 -18299.4 53857.5 1.05925
877000 0.8 298.909 -220.862 -21671.5 3343.89 -18327.6 53586.1 1.0646
878000 0.8 299.378 -124.899 -21668.8 3349.14 -18319.7 53768.9 1.061
879000 0.8 299.409 96.0613 -21682.9 3349.49 -18333.4 54024.7 1.05597
880000 0.8 299.932 95.9067 -21702.2 3355.34 -18346.9 53969 1.05705
881000 0.8 299.228 129.77 -21719.8 3347.45 -18372.3 53670.6 1.06299
882000 0.8 300.54 -452.234 -21680.1 3362.13 -18318 53518.5 1.06595
883000 0.8 300.324 71.4318 -21707.9 3359.71 -18348.2 54024.4 1.056
884000 0.8 300.447 -58.8824 -21695.3 3361.09 -18334.2 54248.5 1.05162
885000 0.8 302.843 104.853 -21737.6 3387.9 -18349.7 54189.5 1.05276
886000 0.8 299.392 -82.9723 -21759.5 3349.29 -18410.2 54027.8 1.05591
887000 0.8 300.751 -64.5427 -21716.8 3364.49 -18352.3 53804 1.0603
888000 0.8 300.878 4.29426 -21621.8 3365.92 -18255.9 53747.4 1.06143
889000 0.8 299.208 -19.2393 -21672.3 3347.23 -18325.1 53667.1 1.06301
890000 0.8 298.397 104.289 -21709.1 3338.17 -18370.9 53907.7 1.05825
891000 0.8 301.321 64.7997 -21738.5 3370.87 -18367.6 53942.5 1.05757
892000 0.8 301.028 123.98 -21667.8 3367.6 -18300.2 53866.6 1.05907
893000 0.8 297.661 -105.174 -21662.6 3329.93 -18332.7 53847.8 1.05945
894000 0.8 300.013 11.4515 -21602.8 3356.24 -18246.6 54034.5 1.0558
895000 0.8 301.045 92.5458 -21654.4 3367.79 -18286.6 53980.1 1.05685
896000 0.8 300.694 34.2104 -21675.2 3363.86 -18311.4 53797.6 1.06043
897000 0.8 297.948 -16.7059 -21689.7 3333.13 -18356.6 54131 1.05391
898000 0.8 300.337 -130.206 -21668.1 3359.86 -18308.3 54319.2 1.05024
899000 0.8 299.73 109.31 -21732.8 3353.07 -18379.7 53995 1.05655
900000 0.8 301.911 63.2819 -21735.8 3377.47 -18358.3 53730 1.06176
901000 0.8 300.068 104.137 -21703 3356.86 -18346.1 53626 1.06382
902000 0.8 299.909 99.7756 -21784.1 3355.08 -18429 53967.5 1.05708
903000 0.8 300.773 105.74 -21737.5 3364.74 -18372.7 53702.3 1.06234
904000 0.8 298.872 -139.731 -21659.8 3343.47 -18316.4 53730.9 1.06175
905000 0.8 300.23 -356.795 -21701.6 3358.67 -18343 53329.2 1.06973
906000 0.8 301.194 -18.655 -21711.2 3369.45 -18341.8 53626.3 1.06382
907000 0.8 299.759 -6.25677 -21658.5 3353.4 -18305.1 54048.2 1.0555
908000 0.8 299.678 151.942 -21731.4 3352.49 -18378.9 54047 1.05553
909000 0.8 300.333 125.283 -21807.2 3359.81 -18447.4 54138.6 1.05374
910000 0.8 300.181 -90.6256 -21746.1 3358.12 -18387.9 54277.1 1.05107
911000 0.8 300.878 14.0158 -21741.8 3365.92 -18375.8 53927.8 1.05786
912000 0.8 301.883 -1.96011 -21652.7 3377.16 -18275.5 53658.1 1.06318
913000 0.8 299.632 -32.9992 -21656.3 3351.98 -18304.3 53761.9 1.06112
914000 0.8 300.626 -77.2367 -21675 3363.1 -18311.9 53695.1 1.06246
915000 0.8 300.081 -217.576 -21700.6 3357 -18343.6 53522.2 1.06588
916000 0.8 301.132 -97.2244 -21732.7 3368.76 -18363.9 53727.8 1.06183
917000 0.8 299.782 62.0322 -21704.8 3353.65 -18351.1 53835.6 1.05967
918000 0.8 299.547 132.805 -21692.9 3351.03 -18341.8 53632.8 1.0637
919000 0.8 300.613 51.8749 -21669.6 3362.96 -18306.7 53431.9 1.06768
920000 0.8 298.873 87.531 -21722.8 3343.49 -18379.3 53441 1.06749
921000 0.8 300.53 75.593 -21696.8 3362.02 -18334.8 53672.6 1.06288
922000 0.8 299.641 127.67 -21629.4 3352.08 -18277.3 54501.1 1.04676
923000 0.8 299.355 -46.9049 -21736.7 3348.88 -18387.8 53912.1 1.05819
924000 0.8 299.428 -174.829 -21745.4 3349.7 -18395.7 53948.5 1.05746
925000 0.8 300.053 -94.2797 -21768.3 3356.69 -18411.7 53707.6 1.06219
926000 0.8 298.132 40.9868 -21733 3335.2 -18397.8 53762.5 1.06112
927000 0.8 298.753 232.673 -21666.8 3342.14 -18324.7 53842.9 1.05954
928000 0.8 299.316 201.882 -21690.7 3348.44 -18342.3 53858.4 1.05923
929000 0.8 299.398 -15.1931 -21749.8 3349.35 -18400.4 54172.2 1.05312
930000 0.8 299.169 179.13 -21688.3 3346.8 -18341.5 53904.6 1.05832
931000 0.8 301.653 30.0842 -21713 3374.59 -18338.5 53686.6 1.06261
932000 0.8 300.034 130.701 -21753 3356.47 -18396.5 53905.2 1.05831
933000 0.8 298.378 -213.607 -21702.5 3337.95 -18364.5 53931.8 1.0578
934000 0.8 300.806 83.0545 -21669.2 3365.11 -18304.1 53773.6 1.06089
935000 0.8 297.775 188.079 -21708.9 3331.2 -18377.7 53384.7 1.06862
936000 0.8 298.677 -38.7088 -21622.3 3341.3 -18281 53849.5 1.05941
937000 0.8 299.132 36.8904 -21660.6 3346.38 -18314.2 54007.8 1.05632
938000 0.8 300.25 -35.4509 -21711.4 3358.89 -18352.5 54274 1.05111
939000 0.8 300.532 11.0137 -21711.2 3362.05 -18349.1 53820.2 1.05998
940000 0.8 300.396 -56.6093 -21682.7 3360.52 -18322.2 53767.8 1.06101
941000 0.8 301.512 -205.001 -21680.5 3373.01 -18307.5 54166.7 1.0532
942000 0.8 300.856 9.40311 -21654.3 3365.67 -18288.6 53819.3 1.06001
943000 0.8 301.498 86.3144 -21689.6 3372.86 -18316.7 53670.9 1.06293
944000 0.8 299.796 62.2501 -21694.9 3353.81 -18341.1 53829.4 1.05979
945000 0.8 298.884 5.29928 -21751.4 3343.61 -18407.7 53752.9 1.06131
946000 0.8 300.426 18.7331 -21709.7 3360.86 -18348.8 53566.3 1.06501
947000 0.8 298.253 55.2672 -21653.5 3336.55 -18317 53457 1.06717
948000 0.8 300.276 -50.6068 -21654.9 3359.18 -18295.7 53516.8 1.06601
949000 0.8 300.175 77.66 -21705.7 3358.05 -18347.7 53788.6 1.06063
950000 0.8 299.006 -15.2467 -21695 3344.98 -18350 54271.4 1.05116
951000 0.8 299.94 101.002 -21676.2 3355.42 -18320.8 54343.8 1.04983
952000 0.8 299.694 21.4159 -21713.8 3352.67 -18361.2 53628.9 1.06378
953000 0.8 298.954 292.992 -21661.2 3344.39 -18316.8 53468.2 1.06697
954000 0.8 299.595 196.964 -21625.4 3351.57 -18273.8 53783.1 1.0607
955000 0.8 300.913 82.5404 -21647.2 3366.3 -18280.9 53784 1.06069
956000 0.8 299.984 -110.661 -21745.5 3355.92 -18389.6 53800.8 1.06035
957000 0.8 298.599 -77.1886 -21748.9 3340.42 -18408.5 53637.7 1.06359
958000 0.8 298.241 -74.2353 -21706.8 3336.42 -18370.4 54031.5 1.05583
959000 0.8 302.061 -98.8831 -21620.4 3379.15 -18241.2 53726.3 1.06182
960000 0.8 301.229 149.963 -21686.6 3369.84 -18316.8 53711.7 1.06212
961000 0.8 299.425 -57.7181 -21702.5 3349.66 -18352.8 53500.3 1.06632
962000 0.8 300.069 -103.058 -21679.1 3356.87 -18322.2 53644.4 1.06349
963000 0.8 300.643 -7.18339 -21675.6 3363.29 -18312.3 53953.9 1.05736
964000 0.8 300.296 22.3879 -21658.9 3359.41 -18299.5 53880.8 1.05878
965000 0.8 300.235 -3.65591 -21713.6 3358.72 -18354.8 54007.2 1.05632
966000 0.8 300.837 -53.0428 -21695.4 3365.46 -18329.9 54068.3 1.05511
967000 0.8 298.214 45.7407 -21671.4 3336.12 -18335.3 53812.5 1.06013
968000 0.8 297.917 140.381 -21735.9 3332.79 -18403.1 53828.3 1.05982
969000 0.8 300.749 -175.022 -21664.7 3364.47 -18300.2 54020.3 1.05605
970000 0.8 298.448 -104.824 -21619 3338.73 -18280.2 53831.9 1.05974
971000 0.8 299.523 -138.097 -21655.4 3350.76 -18304.6 53617 1.06399
972000 0.8 299.482 -58.4999 -21630.9 3350.3 -18280.6 53415.3 1.068
973000 0.8 299.75 80.4435 -21661.4 3353.3 -18308.1 53780.9 1.06075
974000 0.8 300.487 32.5828 -21704 3361.54 -18342.4 53686.6 1.06263
975000 0.8 299.586 -222.116 -21780.2 3351.47 -18428.7 53761.9 1.06114
976000 0.8 299.021 -34.2828 -21667.2 3345.14 -18322 53826.9 1.05985
977000 0.8 300.837 15.4834 -21707.9 3365.46 -18342.4 53893 1.05854
978000 0.8 299.248 -87.4012 -21710.8 3347.68 -18363.1 53660.7 1.06313
979000 0.8 297.113 43.9923 -21693.6 3323.8 -18369.8 53685.8 1.06264
980000 0.8 301.072 31.334 -21646.3 3368.09 -18278.2 54072.9 1.05502
981000 0.8 298.222 176.474 -21717.6 3336.2 -18381.4 53735.8 1.06166
982000 0.8 301.695 105.138 -21648.6 3375.06 -18273.5 53806.7 1.06025
983000 0.8 303.937 131.957 -21694.7 3400.14 -18294.6 53747.1 1.06141
984000 0.8 302.016 16.9138 -21674 3378.65 -18295.4 53873.1 1.05893
985000 0.8 299.303 -80.68 -21680.8 3348.3 -18332.5 53713.9 1.0621
986000 0.8 301.083 -54.1681 -21605.4 3368.21 -18237.2 53596.3 1.06441
987000 0.8 300.976 169.242 -21701.8 3367.02 -18334.8 53513.1 1.06607
988000 0.8 299.31 71.4003 -21665.4 3348.37 -18317.1 53588.4 1.06456
989000 0.8 299.552 112.58 -21590.3 3351.08 -18239.2 53711.5 1.06212
990000 0.8 299.627 -70.3811 -21612.9 3351.92 -18261 53847.1 1.05944
991000 0.8 302.718 -179.511 -21683.4 3386.5 -18296.9 54018.3 1.05611
992000 0.8 300.133 133.049 -21723.5 3357.59 -18365.9 53517.7 1.06597
993000 0.8 300.262 132.456 -21701 3359.02 -18341.9 53579.9 1.06474
994000 0.8 300.088 -98.0476 -21599.2 3357.07 -18242.1 53759.9 1.06116
995000 0.8 300.411 39.1106 -21625.6 3360.69 -18264.9 53806.9 1.06025
996000 0.8 300.909 187.687 -21669.4 3366.26 -18303.2 53667.2 1.063
997000 0.8 298.499 -202.074 -21710.1 3339.3 -18370.8 53770.2 1.06097
998000 0.8 297.975 -151.967 -21692.9 3333.44 -18359.5 53627 1.06379
999000 0.8 299.206 92.3316 -21703.3 3347.22 -18356.1 53770 1.06097
1000000 0.8 300.358 97.1594 -21660.1 3360.1 -18300 53928.8 1.05784
1001000 0.8 299.42 -11.4698 -21659.7 3349.6 -18310.1 53569 1.06495
1002000 0.8 299.304 -250.677 -21734.6 3348.3 -18386.3 53853 1.05934
1003000 0.8 300.211 -106.914 -21686.3 3358.46 -18327.8 54024.2 1.05598
1004000 0.8 299.894 24.0186 -21661.8 3354.91 -18306.8 53915.7 1.0581
1005000 0.8 299.866 -91.1482 -21742.4 3354.59 -18387.9 53921.2 1.05799
1006000 0.8 300.732 -117.369 -21700.9 3364.28 -18336.6 54081.9 1.05486
1007000 0.8 297.671 55.0856 -21690 3330.03 -18360 53949.7 1.05744
1008000 0.8 299.076 89.9289 -21674.8 3345.76 -18329.1 54019.7 1.05609
1009000 0.8 300.452 -26.4052 -21706.5 3361.15 -18345.4 53858.3 1.05922
1010000 0.8 301.676 159.696 -21739.1 3374.85 -18364.3 53989.4 1.05666
1011000 0.8 301.313 -34.6985 -21700.9 3370.79 -18330.1 53659.6 1.06316
1012000 0.8 299.321 -84.241 -21728.1 3348.5 -18379.6 53606.2 1.06421
1013000 0.8 298.776 2.5412 -21678.6 3342.41 -18336.2 53643 1.06349
1014000 0.8 300.57 -6.07607 -21614.2 3362.47 -18251.7 53679.1 1.06277
1015000 0.8 300.542 44.781 -21595 3362.15 -18232.8 53689.5 1.06257
1016000 0.8 299.364 413.73 -21640.4 3348.98 -18291.4 53665.6 1.06303
1017000 0.8 299.723 -21.8304 -21706 3352.99 -18353 53519.9 1.06594
1018000 0.8 299.539 -56.2406 -21692.5 3350.93 -18341.6 53608.2 1.06419
1019000 0.8 301.154 -246.295 -21689.2 3369 -18320.2 53634.2 1.06365
1020000 0.8 299.398 96.7305 -21700.2 3349.36 -18350.8 53607.7 1.06418
1021000 0.8 300.537 91.9093 -21708 3362.1 -18345.9 53833.6 1.05971
1022000 0.8 300.113 131.365 -21707.8 3357.36 -18350.5 53933.9 1.05773
1023000 0.8 300.362 -80.7455 -21749.2 3360.14 -18389.1 54107.6 1.05435
1024000 0.8 300.006 -166.469 -21764 3356.16 -18407.8 54113.9 1.05423
1025000 0.8 300.859 -3.87233 -21726.5 3365.7 -18360.8 53865.6 1.05908
1026000 0.8 299.829 -47.7778 -21696.6 3354.18 -18342.5 53614.6 1.06406
1027000 0.8 299.853 123.684 -21729.2 3354.45 -18374.7 53726.1 1.06183
1028000 0.8 299.503 -175.169 -21734.8 3350.54 -18384.3 53818.8 1.06001
1029000 0.8 301.282 68.0703 -21737.2 3370.44 -18366.7 53943.4 1.05755
1030000 0.8 299.892 -45.8981 -21697 3354.89 -18342.1 53866.7 1.05906
1031000 0.8 298.794 -109.47 -21720.7 3342.61 -18378 53772.4 1.06094
1032000 0.8 299.962 -42.8273 -21723.8 3355.66 -18368.1 54198.8 1.05257
1033000 0.8 300.579 -109.408 -21664.2 3362.57 -18301.6 53780.2 1.06078
1034000 0.8 300.104 -6.01141 -21701.1 3357.26 -18343.9 54090.1 1.05468
1035000 0.8 299.116 -119.406 -21760.7 3346.2 -18414.5 53765.1 1.06109
1036000 0.8 301.367 9.40893 -21630.4 3371.39 -18259 53997.9 1.05648
1037000 0.8 301.142 -155.796 -21718.1 3368.87 -18349.2 53869.1 1.05903
1038000 0.8 298.697 123.854 -21759.8 3341.51 -18418.3 53864.6 1.05913
1039000 0.8 301.176 45.2393 -21645 3369.25 -18275.8 53989.5 1.05665
1040000 0.8 301.288 -176.723 -21656.3 3370.5 -18285.8 54023.9 1.056
1041000 0.8 299.506 -314.8 -21675.2 3350.57 -18324.7 53761.4 1.06115
1042000 0.8 301.077 231.764 -21606.1 3368.14 -18238 53672.7 1.06292
1043000 0.8 300.063 75.073 -21614.8 3356.8 -18258 53623.2 1.06386
1044000 0.8 300.691 52.7201 -21677.7 3363.82 -18313.9 53707.2 1.06222
1045000 0.8 300.538 27.9346 -21674 3362.11 -18311.9 53739.6 1.06158
1046000 0.8 299.955 189.059 -21676 3355.6 -18320.4 53779.5 1.06079
1047000 0.8 299.883 167.336 -21767.8 3354.78 -18413.1 53967.8 1.05708
1048000 0.8 300.523 -64.885 -21770.8 3361.95 -18408.9 53810.5 1.06017
1049000 0.8 301.563 4.97785 -21756.6 3373.58 -18383 53858.4 1.05923
1050000 0.8 300.928 83.5162 -21678.1 3366.48 -18311.7 53861 1.05917
1051000 0.8 299.186 -115.228 -21703.3 3346.99 -18356.3 53807 1.06023
1052000 0.8 299.95 -168.094 -21743.6 3355.53 -18388 53670.6 1.06293
1053000 0.8 300.316 139.305 -21715.6 3359.63 -18355.9 53840.9 1.05959
1054000 0.8 299.086 -52.8067 -21695.3 3345.87 -18349.4 53711.7 1.06212
1055000 0.8 300.904 -63.7813 -21698.3 3366.21 -18332.1 53576.6 1.06481
1056000 0.8 300.583 12.3464 -21635.1 3362.61 -18272.5 53332.3 1.06967
1057000 0.8 299.244 -0.511703 -21659.5 3347.64 -18311.9 53721.3 1.06194
1058000 0.8 300.253 34.0862 -21696 3358.93 -18337.1 53769.1 1.06099
1059000 0.8 299.003 139.396 -21658.4 3344.94 -18313.4 54069.2 1.0551
1060000 0.8 299.5 -135.973 -21690.7 3350.5 -18340.2 54236.5 1.05183
1061000 0.8 299.426 -128.006 -21627.2 3349.67 -18277.5 53944.3 1.05753
1062000 0.8 299.19 291.367 -21667 3347.04 -18320 53843.1 1.05955
1063000 0.8 300.92 25.5462 -21730.1 3366.39 -18363.7 53838.5 1.05961
1064000 0.8 299.994 93.6468 -21647.2 3356.02 -18291.2 54213.4 1.0523
1065000 0.8 301.282 37.5745 -21703.7 3370.43 -18333.3 53936.9 1.05769
1066000 0.8 299.67 158.836 -21775.5 3352.41 -18423.1 53676.5 1.06281
1067000 0.8 300.718 -73.7693 -21711.7 3364.12 -18347.5 53740.9 1.06155
1068000 0.8 300.241 -125.918 -21761.6 3358.79 -18402.8 53861 1.05917
1069000 0.8 301.336 66.5127 -21735.4 3371.04 -18364.4 54020.2 1.05605
1070000 0.8 299.479 -247.387 -21725.7 3350.27 -18375.5 53846 1.05947
1071000 0.8 301.757 161.618 -21697.1 3375.75 -18321.3 53306.8 1.07022
1072000 0.8 298.928 128.689 -21700 3344.1 -18355.9 53585.6 1.06462
1073000 0.8 300.531 -12.207 -21673.4 3362.04 -18311.4 53750.9 1.06134
1074000 0.8 301.289 -37.1618 -21691.2 3370.51 -18320.7 53907.3 1.05827
1075000 0.8 300.072 193.338 -21647.3 3356.91 -18290.4 53698.9 1.06238
1076000 0.8 301.065 -43.9953 -21668.6 3368.01 -18300.6 53776 1.06085
1077000 0.8 299.397 -131.916 -21639.3 3349.35 -18290 54024.2 1.05598
1078000 0.8 302.128 -69.6129 -21688.4 3379.89 -18308.5 54136.2 1.05379
1079000 0.8 298.445 162.639 -21735.1 3338.7 -18396.4 53873.8 1.05896
1080000 0.8 300.129 106.807 -21702.2 3357.54 -18344.6 53956.5 1.05729
1081000 0.8 300.773 109.287 -21711.4 3364.75 -18346.7 54086.9 1.05476
1082000 0.8 299.828 -59.0327 -21713.4 3354.17 -18359.2 54365.1 1.04935
1083000 0.8 299.196 102.195 -21714.2 3347.1 -18367.1 54064.8 1.0552
1084000 0.8 300.378 181.076 -21654.6 3360.33 -18294.3 53786.2 1.06065
1085000 0.8 298.292 -110.869 -21653.1 3336.99 -18316.1 53551.7 1.0653
1086000 0.8 299.79 54.5789 -21720.8 3353.74 -18367 53658.5 1.06319
1087000 0.8 299.978 37.1618 -21688.1 3355.85 -18332.3 53787.9 1.06061
1088000 0.8 302.236 19.744 -21664.3 3381.11 -18283.2 53695.5 1.06244
1089000 0.8 299.105 -86.4535 -21664.7 3346.08 -18318.6 53352.8 1.06929
1090000 0.8 301.636 -88.7023 -21617.8 3374.4 -18243.4 53678.2 1.06279
1091000 0.8 298.943 222.349 -21690.3 3344.27 -18346.1 53412 1.0681
1092000 0.8 299.301 163.878 -21750.8 3348.28 -18402.5 53593.3 1.06446
1093000 0.8 300.172 -22.2082 -21687.4 3358.02 -18329.3 53618.2 1.06397
1094000 0.8 301.318 -165.204 -21684.6 3370.84 -18313.8 54031.5 1.05584
1095000 0.8 300.422 -14.7072 -21734.6 3360.81 -18373.8 54113.3 1.05423
1096000 0.8 300.074 4.52612 -21710.7 3356.92 -18353.7 53947.7 1.05747
1097000 0.8 301.708 147.304 -21637.6 3375.2 -18262.4 53899.8 1.05841
1098000 0.8 298.455 -46.2225 -21632.3 3338.81 -18293.5 53733.3 1.06169
1099000 0.8 300.574 -304.375 -21620.2 3362.51 -18257.6 53842.3 1.05954
1100000 0.8 298.494 298.69 -21674.4 3339.25 -18335.1 54155.4 1.05341
1101000 0.8 300.378 -164.012 -21736.5 3360.33 -18376.1 53701.2 1.06233
1102000 0.8 301.814 212.173 -21738.1 3376.39 -18361.7 53644.5 1.06346
1103000 0.8 300.348 58.633 -21733.7 3359.99 -18373.7 53489.4 1.06652
1104000 0.8 298.202 -27.5231 -21751.1 3335.98 -18415.2 53856.7 1.05926
1105000 0.8 300.665 -89.9309 -21730.6 3363.53 -18367.1 53809.1 1.0602
1106000 0.8 298.398 25.4834 -21732.2 3338.17 -18394.1 54126.9 1.05397
1107000 0.8 297.807 -160.654 -21767.3 3331.56 -18435.7 53992.5 1.05661
1108000 0.8 299.192 -28.0894 -21714.5 3347.06 -18367.5 53740.4 1.06155
1109000 0.8 300.266 11.4241 -21678.2 3359.07 -18319.1 53820.3 1.05999
1110000 0.8 299.244 104.056 -21749.2 3347.64 -18401.6 53598.6 1.06439
1111000 0.8 299.752 44.5605 -21731.8 3353.32 -18378.5 53695.3 1.06245
1112000 0.8 299.864 -130.312 -21740.2 3354.58 -18385.7 53343.7 1.06946
1113000 0.8 298.898 -298.439 -21682.9 3343.77 -18339.2 53704.6 1.06227
1114000 0.8 297.77 113.691 -21729.8 3331.15 -18398.7 53962.4 1.05723
1115000 0.8 300.774 -62.6001 -21675.8 3364.76 -18311.1 53960.8 1.05722
1116000 0.8 299.284 11.8687 -21689.8 3348.09 -18341.7 53815.3 1.06007
1117000 0.8 298.972 -60.082 -21684.1 3344.6 -18339.5 53947.6 1.05748
1118000 0.8 301.612 82.9509 -21725.4 3374.13 -18351.2 53642.4 1.0635
1119000 0.8 300.31 -28.2174 -21704.6 3359.56 -18345.1 53783.3 1.0607
1120000 0.8 298.78 40.6603 -21693.2 3342.44 -18350.7 53919 1.05804
1121000 0.8 300.473 89.0502 -21641.3 3361.38 -18280 54285 1.05089
1122000 0.8 299.843 -87.6497 -21683.4 3354.34 -18329 53834 1.05971
1123000 0.8 300.169 166.397 -21723.1 3357.99 -18365.1 53780.7 1.06075
1124000 0.8 301.385 55.459 -21685.9 3371.59 -18314.3 54075.5 1.05499
1125000 0.8 300.699 -285.719 -21672.3 3363.91 -18308.4 54011.3 1.05625
1126000 0.8 299.548 -30.8908 -21695.2 3351.03 -18344.1 53530.8 1.06571
1127000 0.8 301.244 -99.7948 -21748.9 3370.01 -18378.9 53757.8 1.06121
1128000 0.8 299.695 58.7885 -21701.7 3352.68 -18349 53889 1.05865
1129000 0.8 301.482 -98.7588 -21761.8 3372.67 -18389.2 53704.3 1.06227
1130000 0.8 298.834 213.184 -21803.5 3343.05 -18460.4 53791.7 1.06053
1131000 0.8 300.31 -72.3933 -21745.1 3359.56 -18385.5 53876.9 1.05886
1132000 0.8 300.65 -73.112 -21698.4 3363.36 -18335.1 54368.9 1.04929
1133000 0.8 298.149 95.4689 -21682.1 3335.39 -18346.7 54403.5 1.04862
1134000 0.8 301.408 -49.6183 -21708.4 3371.85 -18336.6 54194.4 1.05267
1135000 0.8 299.749 -75.2064 -21663.6 3353.29 -18310.3 53912.3 1.05819
1136000 0.8 300.903 -76.6576 -21673.7 3366.19 -18307.5 53559.6 1.06513
1137000 0.8 300.656 -75.5762 -21674.2 3363.44 -18310.7 53801.8 1.0604
1138000 0.8 298.611 -133.268 -21658 3340.55 -18317.5 53937.7 1.05767
1139000 0.8 300.918 -24.1214 -21661.2 3366.37 -18294.8 53852.5 1.05935
1140000 0.8 300.419 110.304 -21631.2 3360.78 -18270.4 53563.6 1.06505
1141000 0.8 299.746 161.37 -21683.5 3353.25 -18330.2 53540.2 1.06552
1142000 0.8 300.243 -115.65 -21758 3358.82 -18399.2 53658.3 1.06318
1143000 0.8 299.015 105.809 -21634.9 3345.08 -18289.8 53782.2 1.06073
1144000 0.8 299.421 171.969 -21682 3349.62 -18332.4 53717.2 1.062
1145000 0.8 299.474 -20.6103 -21640.8 3350.21 -18290.6 53547.4 1.0654
1146000 0.8 300.939 -72.8906 -21687.4 3366.6 -18320.8 53677.2 1.06283
1147000 0.8 299.332 -30.7813 -21669.9 3348.62 -18321.3 53758.7 1.0612
1148000 0.8 297.813 258.303 -21649.8 3331.62 -18318.1 54009 1.05627
1149000 0.8 299.988 -6.41842 -21640.4 3355.96 -18284.5 53912.2 1.05817
1150000 0.8 300.321 6.06571 -21679 3359.69 -18319.3 53795.9 1.06045
1151000 0.8 300.505 226.807 -21686.7 3361.75 -18324.9 53817.7 1.06003
1152000 0.8 299.708 59.7085 -21705.1 3352.82 -18352.3 53950.3 1.05741
1153000 0.8 301.187 28.2712 -21715.8 3369.37 -18346.4 53956.8 1.0573
1154000 0.8 301.135 81.8028 -21730.2 3368.79 -18361.5 53751.6 1.06132
1155000 0.8 299.717 129.077 -21682.5 3352.93 -18329.6 53807.4 1.06022
1156000 0.8 301.446 -86.1278 -21701.3 3372.27 -18329 53472.6 1.06686
1157000 0.8 300.502 -30.3127 -21652.2 3361.71 -18290.5 53489 1.06658
1158000 0.8 299.945 44.3179 -21711 3355.48 -18355.5 53892.6 1.05854
1159000 0.8 300.973 66.5926 -21686.8 3366.98 -18319.9 53824.2 1.05991
1160000 0.8 299.369 248.804 -21681.4 3349.04 -18332.3 53646.1 1.06343
1161000 0.8 298.74 118.91 -21733.4 3342 -18391.4 53623.4 1.06387
1162000 0.8 300.355 -102.92 -21715 3360.06 -18354.9 53850.3 1.05938
1163000 0.8 298.12 139.254 -21703.5 3335.06 -18368.4 53755.7 1.06127
1164000 0.8 299.846 58.5003 -21651.4 3354.37 -18297.1 54056.4 1.05538
1165000 0.8 299.961 158.404 -21571.1 3355.66 -18215.4 53916 1.0581
1166000 0.8 300.786 35.7812 -21719.6 3364.88 -18354.7 53846.4 1.05949
1167000 0.8 301.346 -107.597 -21661.5 3371.15 -18290.3 53843 1.05953
1168000 0.8 300.485 89.5859 -21684.8 3361.52 -18323.2 53766.1 1.06107
1169000 0.8 300.463 -89.1288 -21673.3 3361.27 -18312 53976.6 1.05691
1170000 0.8 302.117 -254.967 -21653.1 3379.77 -18273.3 53937.7 1.05767
1171000 0.8 300.864 -227.169 -21710.1 3365.76 -18344.4 53753.3 1.06133
1172000 0.8 299.381 -134.423 -21654.3 3349.17 -18305.1 53868.1 1.05904
1173000 0.8 300.399 197.728 -21685.1 3360.55 -18324.6 54036.6 1.05575
1174000 0.8 298.94 104.085 -21764.4 3344.24 -18420.2 53902.4 1.05835
1175000 0.8 300.17 26.5247 -21684.9 3358 -18326.9 53804.2 1.06029
1176000 0.8 300.052 145.586 -21666.4 3356.68 -18309.7 53574.2 1.06488
1177000 0.8 299.425 187.29 -21687.3 3349.66 -18337.6 53630.8 1.06371
1178000 0.8 299.369 11.1104 -21781.9 3349.03 -18432.9 53982.4 1.05678
1179000 0.8 298.703 -15.9978 -21684.5 3341.59 -18342.9 53856.3 1.05926
1180000 0.8 299.395 118.48 -21678.9 3349.32 -18329.6 54069.4 1.05508
1181000 0.8 302.199 -62.3059 -21673.7 3380.69 -18293 53860.7 1.05919
1182000 0.8 300.748 -335.123 -21646.1 3364.46 -18281.6 53863.9 1.05911
1183000 0.8 299.185 -164.591 -21606.6 3346.98 -18259.7 53690.1 1.06254
1184000 0.8 302.088 -188.128 -21670.4 3379.45 -18290.9 53808.1 1.06021
1185000 0.8 300.037 25.4481 -21718.2 3356.5 -18361.7 53717.8 1.062
1186000 0.8 300.217 -90.756 -21654.7 3358.53 -18296.2 53586.5 1.06461
1187000 0.8 300.985 -90.0777 -21639 3367.11 -18271.9 53806.6 1.06024
1188000 0.8 299.555 -20.0864 -21689.8 3351.12 -18338.7 53571.8 1.06489
1189000 0.8 299.662 -120.043 -21672.7 3352.31 -18320.4 53605 1.06426
1190000 0.8 301.906 -82.9233 -21642.2 3377.42 -18264.8 53869.3 1.05902
1191000 0.8 300.337 -162.511 -21623.4 3359.87 -18263.5 53763.1 1.0611
1192000 0.8 299.475 56.6361 -21634.8 3350.23 -18284.6 53856.9 1.05926
1193000 0.8 299.32 -53.6787 -21651.8 3348.48 -18303.3 53436.7 1.06761
1194000 0.8 301.989 -72.0363 -21643.4 3378.35 -18265.1 53643.9 1.06347
1195000 0.8 299.257 196.335 -21713.6 3347.79 -18365.8 53550.9 1.06532
1196000 0.8 299.339 39.3531 -21666.4 3348.7 -18317.7 53591.9 1.06449
1197000 0.8 299.389 -215.458 -21700.7 3349.25 -18351.4 53840.7 1.05957
1198000 0.8 300.519 178.087 -21714.2 3361.9 -18352.3 53742.3 1.06152
1199000 0.8 299.835 166.425 -21677.8 3354.25 -18323.6 53651 1.06332
1200000 0.8 300.048 -122.007 -21689.4 3356.63 -18332.8 53782.9 1.06071
1201000 0.8 302.298 65.8157 -21681.7 3381.81 -18299.9 53895.7 1.0585
1202000 0.8 299.471 129.999 -21671.6 3350.17 -18321.4 54126.8 1.05398
1203000 0.8 301.257 -203.717 -21729.8 3370.15 -18359.7 53570.3 1.06491
1204000 0.8 298.481 -42.6541 -21665 3339.1 -18325.9 53465.1 1.06703
1205000 0.8 298.822 -24.6733 -21706.6 3342.91 -18363.7 54179.1 1.05297
1206000 0.8 300.8 -134.425 -21705.8 3365.04 -18340.8 54088.7 1.05472
1207000 0.8 301.777 -68.5726 -21695.9 3375.98 -18319.9 54096.9 1.05457
1208000 0.8 301.171 143.622 -21699.7 3369.19 -18330.5 54203.3 1.05248
1209000 0.8 300.373 -268.458 -21710.7 3360.26 -18350.4 54102.5 1.05445
1210000 0.8 299.724 -91.5312 -21711.8 3353 -18358.8 53592.3 1.06448
1211000 0.8 299.623 -36.0064 -21639.5 3351.88 -18287.7 53495.5 1.06641
1212000 0.8 300.744 230.573 -21643.9 3364.42 -18279.4 53496.6 1.0664
1213000 0.8 300.645 85.56 -21669 3363.31 -18305.6 53722.8 1.0619
1214000 0.8 297.608 -68.9532 -21628.9 3329.33 -18299.6 53670.2 1.06294
1215000 0.8 299.841 205.131 -21599.5 3354.32 -18245.2 53526.6 1.0658
1216000 0.8 298.556 -116.066 -21626.2 3339.94 -18286.2 53632.2 1.06369
1217000 0.8 299.599 96.7993 -21602.4 3351.61 -18250.8 53836.1 1.05967
1218000 0.8 299.092 -108.412 -21747.4 3345.93 -18401.4 53550.7 1.06532
1219000 0.8 300.551 161.648 -21665.9 3362.26 -18303.7 53956.1 1.05736
1220000 0.8 298.547 -48.4222 -21680.5 3339.84 -18340.6 53859.1 1.05922
1221000 0.8 300.548 -122.347 -21684.8 3362.22 -18322.6 54025.3 1.05595
1222000 0.8 301.283 -160.892 -21661.4 3370.45 -18291 53937.6 1.05767
1223000 0.8 299.184 41.5537 -21663.7 3346.96 -18316.8 53830 1.05977
1224000 0.8 299.613 -184.18 -21699.7 3351.77 -18348 53734.1 1.06167
1225000 0.8 299.314 -35.341 -21791.8 3348.42 -18443.4 53812.1 1.06013
1226000 0.8 301.635 27.2778 -21682.4 3374.39 -18308 53946.5 1.05754
1227000 0.8 300.702 152.328 -21747.6 3363.94 -18383.7 53845.6 1.05947
1228000 0.8 301.812 -71.7693 -21709.3 3376.36 -18333 53876.1 1.05889
1229000 0.8 298.998 18.6743 -21593.5 3344.89 -18248.6 53886.5 1.05867
1230000 0.8 299.215 -51.3527 -21711.3 3347.31 -18364 53431.5 1.06772
1231000 0.8 301.112 -198.695 -21674 3368.53 -18305.4 53827.5 1.05983
1232000 0.8 300.157 337.617 -21729 3357.86 -18371.1 53723.2 1.06189
1233000 0.8 300.232 -108.335 -21674.5 3358.69 -18315.8 53788.4 1.0606
1234000 0.8 298.719 129.045 -21734 3341.76 -18392.3 53702.5 1.0623
1235000 0.8 300.628 41.4962 -21682.4 3363.12 -18319.3 54033.5 1.05579
1236000 0.8 300.828 -161.859 -21718.4 3365.35 -18353 53692.8 1.06249
1237000 0.8 297.552 118.542 -21744.5 3328.71 -18415.8 53765.4 1.06106
1238000 0.8 298.762 44.403 -21676 3342.25 -18333.7 53857.1 1.05927
1239000 0.8 299.004 67.1676 -21673.7 3344.95 -18328.7 53872.2 1.05896
1240000 0.8 299.875 -117.556 -21693.2 3354.7 -18338.5 53957.1 1.05728
1241000 0.8 300.68 56.0095 -21696.7 3363.7 -18333 54180.1 1.05294
1242000 0.8 299.585 58.1631 -21701.9 3351.45 -18350.5 54141.8 1.05367
1243000 0.8 299.611 15.9425 -21703.1 3351.74 -18351.4 54306.5 1.05049
1244000 0.8 298.174 -342.464 -21709.2 3335.67 -18373.6 53667.8 1.06299
1245000 0.8 298.49 -26.7987 -21727.1 3339.2 -18387.9 53408.6 1.06816
1246000 0.8 298.742 250.908 -21673.7 3342.02 -18331.6 53887.3 1.05865
1247000 0.8 301.11 124.104 -21654.1 3368.51 -18285.6 53833.1 1.05972
1248000 0.8 297.896 245.642 -21632.8 3332.56 -18300.3 53951.8 1.05741
1249000 0.8 301.213 -132.097 -21705.4 3369.67 -18335.8 53940.2 1.05763
1250000 0.8 301.306 -205.071 -21669.5 3370.71 -18298.8 53829.1 1.05979
1251000 0.8 300.046 21.0003 -21677.3 3356.6 -18320.7 53954.4 1.05734
1252000 0.8 298.286 145.204 -21645.2 3336.92 -18308.3 54181.3 1.05292
1253000 0.8 301.592 -118.102 -21667.4 3373.91 -18293.5 53733.6 1.06169
1254000 0.8 301.784 66.3328 -21697.6 3376.05 -18321.5 53737.1 1.06163
1255000 0.8 299.274 11.842 -21683.6 3347.98 -18335.7 53598.8 1.06435
1256000 0.8 300.087 -48.217 -21677.7 3357.07 -18320.6 53941.7 1.05761
1257000 0.8 301.459 -4.37345 -21614.2 3372.42 -18241.7 54069 1.05512
1258000 0.8 300.038 126.655 -21743.5 3356.52 -18387 53556.5 1.06519
1259000 0.8 300.594 95.0569 -21613.8 3362.74 -18251 53788 1.0606
1260000 0.8 301.531 -87.0322 -21730.5 3373.22 -18357.3 53816.7 1.06005
1261000 0.8 298.698 34.5703 -21660 3341.53 -18318.5 53293.2 1.07046
1262000 0.8 299.741 18.361 -21677.2 3353.19 -18324 53573 1.06488
1263000 0.8 299.448 -47.6056 -21687 3349.92 -18337.1 53842.7 1.05953
1264000 0.8 299.639 159.257 -21665.3 3352.05 -18313.3 53613.1 1.06409
1265000 0.8 299.414 69.8248 -21650.1 3349.53 -18300.6 53580.7 1.06473
1266000 0.8 301.197 206.302 -21643.9 3369.49 -18274.4 53660.9 1.06311
1267000 0.8 301.375 -100.819 -21649.3 3371.48 -18277.8 53902.1 1.05837
1268000 0.8 301.013 183.339 -21655.3 3367.43 -18287.8 53871.7 1.059
1269000 0.8 298.669 139.859 -21623.9 3341.2 -18282.6 53833.4 1.05972
1270000 0.8 298.768 -91.3109 -21724.6 3342.31 -18382.2 53811.4 1.06014
1271000 0.8 299.576 -233.474 -21679.7 3351.35 -18328.4 53721.1 1.06193
1272000 0.8 299.197 -8.47839 -21680.5 3347.11 -18333.4 53851.4 1.0594
1273000 0.8 299.656 23.4024 -21652.2 3352.25 -18300 53811.4 1.06014
1274000 0.8 299.261 -7.75295 -21631 3347.83 -18283.2 53791.3 1.06054
1275000 0.8 301.502 -132.86 -21689.8 3372.89 -18316.9 53968.5 1.05706
1276000 0.8 300.507 -62.1191 -21678.6 3361.77 -18316.8 53842.3 1.05954
1277000 0.8 301.069 -33.4238 -21664.6 3368.05 -18296.6 53684.3 1.06268
1278000 0.8 299.374 146.792 -21642.9 3349.09 -18293.8 53542.4 1.06548
1279000 0.8 298.235 117.849 -21685.9 3336.35 -18349.6 53786.2 1.06066
1280000 0.8 301.009 -60.6215 -21652.9 3367.38 -18285.5 53546 1.0654
1281000 0.8 299.902 172.882 -21657.4 3355 -18302.4 53638.1 1.06357
1282000 0.8 301.098 -58.2463 -21738.7 3368.37 -18370.3 53925 1.05791
1283000 0.8 300.565 -106.171 -21695.7 3362.42 -18333.3 53892.9 1.05855
1284000 0.8 297.352 208.13 -21662.4 3326.47 -18335.9 53927.2 1.05791
1285000 0.8 299.732 -116.884 -21706.6 3353.1 -18353.5 53745.5 1.06145
1286000 0.8 300.573 -41.3648 -21704.1 3362.51 -18341.6 53714.5 1.06206
1287000 0.8 299.925 176.941 -21718.8 3355.26 -18363.5 53711.4 1.06212
1288000 0.8 299.442 105.299 -21689.6 3349.85 -18339.8 54066.2 1.05515
1289000 0.8 300.545 66.0007 -21687.1 3362.19 -18324.9 53876.1 1.0589
1290000 0.8 300.449 143.007 -21629.6 3361.12 -18268.5 53908.6 1.05824
1291000 0.8 299.307 -46.1346 -21624.5 3348.34 -18276.1 53519.6 1.06594
1292000 0.8 300.3 -63.3049 -21692.6 3359.45 -18333.1 53544.8 1.06544
1293000 0.8 299.269 -150.04 -21658.4 3347.92 -18310.5 53793.5 1.0605
1294000 0.8 300.093 -50.3854 -21682.7 3357.14 -18325.6 54073.7 1.055
1295000 0.8 299.611 9.98368 -21711.1 3351.74 -18359.4 53816.9 1.06004
1296000 0.8 301.815 -34.1605 -21654.1 3376.4 -18277.7 53808.8 1.06021
1297000 0.8 301.791 11.346 -21659.1 3376.13 -18283 53795.7 1.06046
1298000 0.8 300.079 -191.167 -21735.8 3356.98 -18378.9 53741 1.06154
1299000 0.8 299.406 111.431 -21681.3 3349.45 -18331.9 53573.4 1.06485
1300000 0.8 298.432 -63.8978 -21725.4 3338.55 -18386.8 53483.8 1.06664
1301000 0.8 299.28 -59.4589 -21786.1 3348.04 -18438 53775.4 1.06088
1302000 0.8 299.007 45.9313 -21783.1 3344.98 -18438.1 53463.8 1.06707
1303000 0.8 298.793 9.57685 -21761 3342.59 -18418.4 53504.7 1.06625
1304000 0.8 300.174 23.4966 -21687.6 3358.04 -18329.6 53807 1.06025
1305000 0.8 299.937 -50.6153 -21686 3355.39 -18330.6 54018.6 1.0561
1306000 0.8 301.221 109.113 -21662.1 3369.76 -18292.4 53753.8 1.06128
1307000 0.8 298.334 92.1247 -21739.4 3337.45 -18401.9 53491.6 1.06648
1308000 0.8 300.845 -165.976 -21720.8 3365.55 -18355.2 53622.1 1.06389
1309000 0.8 301.713 8.06452 -21664.4 3375.26 -18289.1 53854.9 1.05929
1310000 0.8 298.068 99.4229 -21717.2 3334.48 -18382.7 53635.7 1.06362
1311000 0.8 300.966 69.8393 -21634.8 3366.9 -18267.9 53595.4 1.06444
1312000 0.8 299.164 -2.58568 -21720.7 3346.74 -18374 53844.2 1.05951
1313000 0.8 300.461 29.421 -21728.6 3361.26 -18367.4 53862.3 1.05914
1314000 0.8 300.488 163.202 -21712.3 3361.55 -18350.8 53979.9 1.05686
1315000 0.8 298.673 8.87863 -21719 3341.25 -18377.8 53534.1 1.06566
1316000 0.8 299.567 -162.524 -21663.2 3351.25 -18311.9 53697.4 1.06239
1317000 0.8 300.411 -81.663 -21663 3360.69 -18302.3 53713.7 1.06208
1318000 0.8 300.6 101.428 -21670.3 3362.8 -18307.5 53932.1 1.05777
1319000 0.8 299.427 -157.876 -21608.7 3349.68 -18259 53880.7 1.05879
1320000 0.8 299.547 294.916 -21647.1 3351.03 -18296 53604.3 1.06427
1321000 0.8 298.332 -42.7964 -21670.7 3337.43 -18333.2 53676.7 1.06284
1322000 0.8 298.764 -231.547 -21666.3 3342.26 -18324 53705.3 1.06224
1323000 0.8 301.166 -55.1058 -21649 3369.14 -18279.9 53923 1.05795
1324000 0.8 299.035 44.856 -21623.1 3345.3 -18277.8 53594.4 1.06444
1325000 0.8 301.907 -86.1687 -21649.8 3377.43 -18272.4 53796.7 1.06044
1326000 0.8 298.717 118.535 -21717.6 3341.74 -18375.8 53682 1.0627
1327000 0.8 299.936 47.1304 -21648.1 3355.38 -18292.7 53783.7 1.06069
1328000 0.8 302.025 -114.715 -21660 3378.74 -18281.3 53660.3 1.06315
1329000 0.8 298.391 29.261 -21657.9 3338.09 -18319.8 53577.4 1.06478
1330000 0.8 299.557 60.2007 -21674.5 3351.13 -18323.4 53806 1.06027
1331000 0.8 300.993 -33.0059 -21676.9 3367.2 -18309.7 54134.9 1.05385
1332000 0.8 300.524 -82.2879 -21693.2 3361.96 -18331.2 53812 1.06014
1333000 0.8 301.487 162.205 -21713.8 3372.73 -18341.1 53780.5 1.06077
1334000 0.8 300.628 -6.98076 -21656.3 3363.12 -18293.2 53904.6 1.05833
1335000 0.8 300.769 -38.7856 -21638.2 3364.69 -18273.5 53974.3 1.05695
1336000 0.8 300.201 -25.9462 -21668.8 3358.34 -18310.5 53846.8 1.05945
1337000 0.8 300.629 -183.176 -21691.1 3363.13 -18328 53433 1.06765
1338000 0.8 301.242 -71.6318 -21674.7 3369.99 -18304.7 53744.7 1.06149
1339000 0.8 301.646 -61.4871 -21667.6 3374.5 -18293.1 53845.4 1.05956
1340000 0.8 301.694 -126.047 -21700.6 3375.05 -18325.6 54016.5 1.05613
1341000 0.8 298.336 216.69 -21718.2 3337.48 -18380.7 54054.9 1.05538
1342000 0.8 297.929 -17.3138 -21710 3332.93 -18377.1 54153.2 1.05347
1343000 0.8 299.607 -103.066 -21687.6 3351.7 -18335.9 54129.6 1.05392
1344000 0.8 299.283 -39.8406 -21673.7 3348.08 -18325.6 53553.9 1.06526
1345000 0.8 299.304 21.7353 -21688.4 3348.3 -18340.1 53521.5 1.06592
1346000 0.8 299.196 60.989 -21657.2 3347.1 -18310.1 53602.3 1.06428
1347000 0.8 298.198 -80.7694 -21688.6 3335.93 -18352.6 53799.6 1.06039
1348000 0.8 299.983 18.4576 -21653.7 3355.9 -18297.8 53618.7 1.06397
1349000 0.8 302.668 -129.801 -21734.3 3385.94 -18348.4 53750.7 1.06137
1350000 0.8 300.176 -158.73 -21632.9 3358.06 -18274.8 53955.4 1.05733
1351000 0.8 299.806 141.628 -21651.1 3353.92 -18297.1 53499.9 1.06635
1352000 0.8 300.19 -77.6438 -21674.7 3358.22 -18316.5 53786.1 1.06065
1353000 0.8 300.337 63.4265 -21716.2 3359.86 -18356.4 53670.1 1.06295
1354000 0.8 300.649 -50.3082 -21694.3 3363.35 -18331 53696.5 1.06243
1355000 0.8 300.537 85.0478 -21777.5 3362.1 -18415.4 53945.9 1.05751
1356000 0.8 300.828 48.2422 -21685.9 3365.36 -18320.6 53768.4 1.061
1357000 0.8 300.356 48.3294 -21659.6 3360.08 -18299.5 53740.9 1.06153
1358000 0.8 301.141 183.594 -21659.4 3368.86 -18290.5 53773.4 1.0609
1359000 0.8 301.379 -113.17 -21724 3371.52 -18352.5 53629.4 1.06378
1360000 0.8 298.908 121.289 -21648.9 3343.88 -18305.1 53859.8 1.05921
1361000 0.8 299.359 -206.491 -21646.3 3348.92 -18297.4 54110.2 1.05429
1362000 0.8 302.412 282.897 -21672.9 3383.07 -18289.8 53911.3 1.05818
1363000 0.8 299.967 -12.2594 -21717.4 3355.73 -18361.6 53687 1.0626
1364000 0.8 299.222 -197.98 -21671.9 3347.39 -18324.5 53960.8 1.05722
1365000 0.8 298.567 94.9488 -21702.2 3340.06 -18362.1 54054.8 1.05537
1366000 0.8 299.232 -87.8683 -21665.8 3347.51 -18318.3 53614.7 1.06406
1367000 0.8 301.382 -184.166 -21701 3371.56 -18329.5 53446.2 1.06743
1368000 0.8 298.506 -172.623 -21714 3339.38 -18374.6 53558.9 1.06514
1369000 0.8 299.517 169.474 -21724.1 3350.69 -18373.4 53842.1 1.05955
1370000 0.8 300.912 130.138 -21759.7 3366.29 -18393.4 53708.6 1.06221
1371000 0.8 301.659 -79.3797 -21654.7 3374.65 -18280 53728.1 1.06179
1372000 0.8 302.153 102.578 -21660 3380.18 -18279.8 53531.8 1.06569
1373000 0.8 299.21 279.055 -21645.1 3347.26 -18297.9 53746.9 1.06146
1374000 0.8 301.707 105.796 -21654.4 3375.19 -18279.2 53981.6 1.05681
1375000 0.8 300.851 -52.8995 -21655.5 3365.62 -18289.8 53975.4 1.05693
1376000 0.8 298.998 38.5368 -21704.6 3344.88 -18359.8 53783 1.06073
1377000 0.8 300.419 3.11728 -21675.4 3360.79 -18314.7 54040.8 1.05567
1378000 0.8 299.21 -64.5655 -21682 3347.26 -18334.7 53870 1.059
1379000 0.8 299.549 119.042 -21608 3351.04 -18257 53954.2 1.05736
1380000 0.8 301.018 -96.4621 -21737.8 3367.49 -18370.3 53912.6 1.05816
1381000 0.8 299.897 42.755 -21667.7 3354.95 -18312.8 53753.1 1.06133
1382000 0.8 300.435 -38.8011 -21671.4 3360.96 -18310.4 53836.6 1.05965
1383000 0.8 301.409 56.0064 -21695.2 3371.86 -18323.4 53718.3 1.06198
1384000 0.8 300.934 -26.3246 -21689.3 3366.54 -18322.8 53778.5 1.0608
1385000 0.8 297.946 132.157 -21680.4 3333.12 -18347.3 53613.7 1.06405
1386000 0.8 297.794 123.565 -21633 3331.42 -18301.6 53657.3 1.06323
1387000 0.8 298.369 -160.906 -21737 3337.84 -18399.2 53897.6 1.05846
1388000 0.8 300.615 -97.0697 -21724.4 3362.97 -18361.4 54170.9 1.05311
1389000 0.8 301.254 -40.9859 -21693.5 3370.12 -18323.4 53866.4 1.05908
1390000 0.8 300.187 67.0637 -21750.1 3358.18 -18391.9 53843.9 1.05951
1391000 0.8 298.415 5.75589 -21723.9 3338.36 -18385.5 53754.8 1.06127
1392000 0.8 299.902 89.2146 -21679.2 3354.99 -18324.2 54020.8 1.05604
1393000 0.8 300.766 0.134426 -21675.4 3364.66 -18310.7 53940.9 1.0576
1394000 0.8 299.9 -9.99605 -21699.8 3354.98 -18344.9 53753.4 1.06129
1395000 0.8 299.574 -95.9641 -21712.9 3351.33 -18361.6 53657.6 1.06318
1396000 0.8 301.243 -165.47 -21649.8 3370 -18279.7 53934.7 1.05772
1397000 0.8 301.065 163.722 -21675 3368.01 -18307 54111.5 1.05427
1398000 0.8 302.285 165.646 -21744.4 3381.66 -18362.8 54052.3 1.05542
1399000 0.8 299.294 140.728 -21660.7 3348.2 -18312.5 53849.6 1.05941
1400000 0.8 297.823 -322.372 -21626.1 3331.74 -18294.3 53922.3 1.05798
1401000 0.8 297.372 -2.54042 -21667.1 3326.7 -18340.4 53776.2 1.06084
1402000 0.8 299.986 23.6599 -21668.4 3355.93 -18312.5 54059 1.0553
1403000 0.8 300.036 132.873 -21708.6 3356.49 -18352.1 53746.4 1.06143
1404000 0.8 300.605 2.02218 -21715.8 3362.86 -18352.9 54050.5 1.05547
1405000 0.8 298.149 -21.5503 -21698 3335.38 -18362.6 54149.2 1.05354
1406000 0.8 300.621 -96.3465 -21685.5 3363.04 -18322.5 54231.5 1.05194
1407000 0.8 300.071 -145.703 -21669.4 3356.89 -18312.6 54056.1 1.05535
1408000 0.8 298.693 74.5485 -21715.4 3341.47 -18373.9 53961.4 1.0572
1409000 0.8 300.487 7.81424 -21693.9 3361.54 -18332.4 53754.8 1.0613
1410000 0.8 301.858 -142.736 -21625.4 3376.88 -18248.6 53731.8 1.06171
1411000 0.8 298.778 113.004 -21662 3342.43 -18319.6 53932.3 1.0578
1412000 0.8 300.222 -187.83 -21658.3 3358.58 -18299.7 53764.9 1.06107
1413000 0.8 299.898 -116.647 -21708.5 3354.95 -18353.6 53921.9 1.05798
1414000 0.8 299.688 -85.269 -21697.5 3352.6 -18344.9 53860.9 1.05919
1415000 0.8 300.136 160.812 -21698 3357.61 -18340.4 53667.5 1.06299
1416000 0.8 300.188 -88.0035 -21665.4 3358.2 -18307.2 53496 1.06641
1417000 0.8 299.321 -85.2388 -21633.8 3348.5 -18285.3 54010.8 1.05623
1418000 0.8 300.962 -330.242 -21657 3366.86 -18290.1 53736.6 1.06163
1419000 0.8 300.062 -31.8089 -21675.5 3356.79 -18318.8 53806.9 1.06023
1420000 0.8 301.371 76.4974 -21671.7 3371.43 -18300.3 53949.4 1.05743
1421000 0.8 299.872 74.183 -21730.5 3354.66 -18375.9 53467.9 1.06697
1422000 0.8 298.982 -131.446 -21654.3 3344.7 -18309.6 53611.8 1.0641
1423000 0.8 301.788 142.257 -21654.2 3376.1 -18278.1 53738.4 1.06162
1424000 0.8 300.859 211.799 -21646.7 3365.7 -18281 53836.3 1.05968
1425000 0.8 299.021 -18.4253 -21692.1 3345.14 -18347 53614.1 1.06405
1426000 0.8 300.992 49.9929 -21679.2 3367.19 -18312 54074.6 1.05498
1427000 0.8 298.492 131.694 -21669.5 3339.22 -18330.3 53586.3 1.06461
1428000 0.8 300.936 -282.289 -21708.7 3366.56 -18342.1 54079.9 1.0549
1429000 0.8 297.35 173.302 -21732.3 3326.45 -18405.9 53870.5 1.05899
1430000 0.8 300.8 4.09656 -21719.2 3365.05 -18354.2 54113.1 1.05424
1431000 0.8 302 5.92922 -21645.2 3378.47 -18266.8 54185.9 1.05284
1432000 0.8 299.463 -164.599 -21664.9 3350.09 -18314.9 53958.3 1.05726
1433000 0.8 298.327 128.632 -21668.2 3337.38 -18330.8 53577.2 1.06478
1434000 0.8 300.357 56.357 -21701.1 3360.08 -18341 53811.6 1.06016
1435000 0.8 301.141 50.8627 -21717.1 3368.86 -18348.2 53875.6 1.05889
1436000 0.8 299.013 -90.5932 -21684.4 3345.06 -18339.4 53883.8 1.05873
1437000 0.8 298.929 -80.2675 -21724 3344.12 -18379.9 53833.8 1.0597
1438000 0.8 298.915 1.34381 -21760.6 3343.95 -18416.7 53879.8 1.0588
1439000 0.8 300.529 -11.7761 -21629.2 3362.02 -18267.2 53834 1.05971
1440000 0.8 300.76 -91.9441 -21716.5 3364.6 -18351.9 54014 1.05617
1441000 0.8 298.565 32.5879 -21704.4 3340.04 -18364.3 54011.2 1.05622
1442000 0.8 297.725 62.6631 -21680.7 3330.65 -18350.1 53998.7 1.05646
1443000 0.8 300.008 -177.293 -21703 3356.19 -18346.8 53832.1 1.05974
1444000 0.8 299.658 -391.71 -21678.3 3352.27 -18326 53672.7 1.06289
1445000 0.8 298.673 140.235 -21656.3 3341.25 -18315.1 53502.1 1.0663
1446000 0.8 301.344 -147.205 -21688 3371.13 -18316.8 53796.7 1.06044
1447000 0.8 301.423 101.949 -21670 3372.01 -18298 53797.2 1.06043
1448000 0.8 299.641 41.8524 -21695.6 3352.08 -18343.5 53830.7 1.05978
1449000 0.8 298.224 -192.978 -21698.6 3336.22 -18362.3 53599.5 1.06434
1450000 0.8 301.441 -99.2214 -21661.6 3372.21 -18289.4 53563.9 1.06505
1451000 0.8 299.974 -6.9085 -21738.4 3355.8 -18382.6 53800.5 1.06036
1452000 0.8 300.921 138.71 -21714.1 3366.4 -18347.7 53886.4 1.0587
1453000 0.8 299.286 213.717 -21762.3 3348.11 -18414.2 53672.3 1.06289
1454000 0.8 300.231 -118.398 -21674.1 3358.67 -18315.4 53710.2 1.06217
1455000 0.8 300.999 99.2357 -21664.1 3367.27 -18296.9 53835.6 1.0597
1456000 0.8 299.183 -40.2877 -21701.2 3346.95 -18354.3 53596.8 1.06439
1457000 0.8 299.813 51.2156 -21686.4 3354 -18332.4 53551.8 1.06528
1458000 0.8 298.9 190.056 -21778.8 3343.79 -18435.1 53508 1.06619
1459000 0.8 298.254 -182.498 -21647.3 3336.57 -18310.7 53883.9 1.05874
1460000 0.8 298.595 323.355 -21693.7 3340.38 -18353.3 53717.8 1.06201
1461000 0.8 299.278 -113.1 -21687.7 3348.02 -18339.7 53631.9 1.06373
1462000 0.8 299.308 145.158 -21667.1 3348.35 -18318.8 53716.8 1.06204
1463000 0.8 300.117 -105.135 -21635.6 3357.4 -18278.2 53577.2 1.06478
1464000 0.8 299.833 -61.4352 -21767.1 3354.22 -18412.9 53432.6 1.06768
1465000 0.8 300.123 -248.547 -21767.9 3357.47 -18410.4 53741.9 1.06153
1466000 0.8 301.109 -44.0768 -21723.3 3368.5 -18354.8 53531.1 1.0657
1467000 0.8 301.22 -76.7189 -21658.7 3369.74 -18289 53547.8 1.06539
1468000 0.8 300.826 139.323 -21644.1 3365.33 -18278.8 53823.1 1.05993
1469000 0.8 298.356 80.2947 -21670.8 3337.7 -18333.1 54208 1.0524
1470000 0.8 300.535 -48.1995 -21678.5 3362.08 -18316.4 53973.9 1.05698
1471000 0.8 301.039 6.44143 -21668.1 3367.72 -18300.4 54136.6 1.0538
1472000 0.8 300.692 -77.4433 -21662.6 3363.84 -18298.8 54058.7 1.05531
1473000 0.8 301.129 189.279 -21735.5 3368.72 -18366.8 53845.2 1.05949
1474000 0.8 300.778 156.624 -21692 3364.8 -18327.2 54156 1.05339
1475000 0.8 302.471 128.329 -21690.3 3383.74 -18306.6 54179.6 1.05298
1476000 0.8 298.664 88.5186 -21702.3 3341.15 -18361.1 53909.7 1.05821
1477000 0.8 300.412 -16.9325 -21647.9 3360.7 -18287.2 53956.7 1.05733
1478000 0.8 299.319 104.965 -21717.3 3348.48 -18368.9 54167.6 1.05318
1479000 0.8 301.368 -111.907 -21671.1 3371.4 -18299.7 53873.5 1.05894
1480000 0.8 299.01 202.73 -21719.2 3345.02 -18374.2 53279.9 1.07072
1481000 0.8 299.692 137.731 -21660.7 3352.65 -18308 53449.2 1.06733
1482000 0.8 299.958 -106.449 -21652.7 3355.63 -18297.1 53703.7 1.06227
1483000 0.8 300.312 186.345 -21701.6 3359.58 -18342 53502.2 1.06628
1484000 0.8 300.872 -76.5669 -21695.6 3365.85 -18329.8 53856.9 1.05928
1485000 0.8 299.568 -23.663 -21699.7 3351.26 -18348.4 53747.2 1.06142
1486000 0.8 299.845 -11.8599 -21736.1 3354.36 -18381.7 53663.7 1.0631
1487000 0.8 299.874 -63.3837 -21679.3 3354.69 -18324.6 53680.4 1.06274
1488000 0.8 299.045 40.9028 -21675.3 3345.41 -18329.8 53389.2 1.06854
1489000 0.8 298.73 -140.426 -21718.1 3341.88 -18376.2 53470 1.06691
1490000 0.8 301.159 201.091 -21712.2 3369.06 -18343.2 53832.4 1.05974
1491000 0.8 300.598 6.88338 -21629.3 3362.79 -18266.5 53675.4 1.06283
1492000 0.8 299.707 -25.8214 -21646.9 3352.81 -18294.1 53749.4 1.06137
1493000 0.8 297.812 153.12 -21641 3331.62 -18309.4 53849.9 1.05939
1494000 0.8 300.919 81.2011 -21598.8 3366.37 -18232.5 53855.6 1.05928
1495000 0.8 298.531 -38.8297 -21626.2 3339.66 -18286.6 53457.3 1.06718
1496000 0.8 298.809 -43.3796 -21612.9 3342.77 -18270.1 53858.9 1.05923
1497000 0.8 298.482 246.93 -21633.6 3339.11 -18294.5 53954.9 1.05735
1498000 0.8 298.037 150.501 -21632.1 3334.14 -18298 53802.2 1.06034
1499000 0.8 300.582 9.99286 -21667.1 3362.61 -18304.5 53812.8 1.06016
1500000 0.8 301.189 4.97641 -21666.5 3369.4 -18297.1 53614.5 1.06405
1501000 0.8 299.616 170.587 -21647.5 3351.8 -18295.7 53945.7 1.05751
1502000 0.8 299.9 48.1338 -21706.8 3354.97 -18351.8 54098.8 1.05451
1503000 0.8 299.369 25.2193 -21686.5 3349.03 -18337.4 54113.6 1.05424
1504000 0.8 301.321 7.87512 -21729.4 3370.87 -18358.5 53465.6 1.067
1505000 0.8 300.918 -106.464 -21767.9 3366.36 -18401.6 53802.9 1.06032
1506000 0.8 300.102 70.8451 -21788 3357.23 -18430.7 53842.5 1.05953
1507000 0.8 297.888 26.9898 -21705.4 3332.47 -18373 53547.1 1.06541
1508000 0.8 298.689 4.47715 -21688 3341.43 -18346.6 53899.4 1.05844
1509000 0.8 301.02 -174.644 -21628.4 3367.5 -18260.9 53701.8 1.06231
1510000 0.8 300.067 -66.7713 -21654.2 3356.85 -18297.3 53671.8 1.06292
1511000 0.8 300.508 35.0082 -21658.4 3361.78 -18296.6 54094.5 1.05461
1512000 0.8 299.072 102.115 -21739.1 3345.71 -18393.4 53730 1.06177
1513000 0.8 300.599 -228.351 -21663.9 3362.8 -18301.1 53783.4 1.0607
1514000 0.8 299.029 40.4744 -21689.5 3345.23 -18344.3 53929 1.05783
1515000 0.8 300.917 -22.6848 -21769.4 3366.35 -18403 53887.3 1.05865
1516000 0.8 298.404 -47.0936 -21715.5 3338.24 -18377.3 53965.9 1.05713
1517000 0.8 301.009 150.988 -21700.1 3367.38 -18332.7 53992.5 1.05658
1518000 0.8 301.325 -104.343 -21736.2 3370.92 -18365.3 54078.2 1.05491
1519000 0.8 297.914 139.651 -21675.7 3332.76 -18342.9 54175.6 1.05302
1520000 0.8 300.541 -173.787 -21687.9 3362.15 -18325.8 53979.9 1.05684
1521000 0.8 299.472 149.387 -21735.3 3350.18 -18385.1 53669 1.06296
1522000 0.8 299.826 79.4552 -21672.7 3354.14 -18318.6 53947.1 1.05749
1523000 0.8 298.745 -16.9366 -21643.4 3342.05 -18301.3 53943.8 1.05755
1524000 0.8 296.778 100.145 -21665.9 3320.05 -18345.9 53640 1.06354
1525000 0.8 299.859 -160.963 -21736.8 3354.52 -18382.3 53729.3 1.06178
1526000 0.8 299.631 12.0888 -21764.9 3351.97 -18413 53731.6 1.06174
1527000 0.8 299.472 74.5787 -21711.8 3350.18 -18361.6 53989.9 1.05665
1528000 0.8 300.815 -103.41 -21706.8 3365.21 -18341.6 54142.2 1.05372
1529000 0.8 299.843 -119.722 -21700.5 3354.34 -18346.1 53800.9 1.06035
1530000 0.8 300.022 -142.703 -21636.8 3356.34 -18280.4 53760.2 1.06117
1531000 0.8 300.449 -140.526 -21716.6 3361.12 -18355.4 53773.4 1.06091
1532000 0.8 301.79 -53.4648 -21700.5 3376.12 -18324.4 53879.7 1.05882
1533000 0.8 299.791 28.1012 -21631.7 3353.75 -18278 53832.5 1.05974
1534000 0.8 299.656 -27.1003 -21663.4 3352.25 -18311.2 53837.7 1.05963
1535000 0.8 299.956 32.5365 -21723.9 3355.6 -18368.3 53912.5 1.05817
1536000 0.8 297.164 164.837 -21749.5 3324.37 -18425.1 53668.3 1.06298
1537000 0.8 298.684 -110.572 -21692.1 3341.38 -18350.7 53531.2 1.06571
1538000 0.8 299.427 52.1248 -21713.9 3349.69 -18364.2 53749.8 1.06136
1539000 0.8 299.979 13.0939 -21774.3 3355.86 -18418.4 53662.2 1.06309
1540000 0.8 301.457 -12.5119 -21676.6 3372.39 -18304.2 53494.1 1.06644
1541000 0.8 302.698 -235.897 -21689.8 3386.28 -18303.5 53721.6 1.06193
1542000 0.8 302.028 -78.8964 -21677.5 3378.78 -18298.7 53514.7 1.06605
1543000 0.8 299.53 -40.5768 -21735.5 3350.83 -18384.6 53479.4 1.06674
1544000 0.8 299.588 0.508327 -21666.5 3351.49 -18315 53802.4 1.06033
1545000 0.8 299.381 -187.549 -21689.8 3349.17 -18340.6 53745.5 1.06145
1546000 0.8 301.933 -53.3715 -21706.6 3377.71 -18328.9 53826.5 1.05986
1547000 0.8 300.187 -117.863 -21661.2 3358.19 -18303 53571.5 1.06492
1548000 0.8 301.631 0.919317 -21675.9 3374.34 -18301.6 53897.5 1.05846
1549000 0.8 300.477 -58.6632 -21691.6 3361.43 -18330.2 53891.7 1.05856
1550000 0.8 300.106 16.5351 -21719.9 3357.28 -18362.6 53984.6 1.05677
1551000 0.8 300.065 -298.867 -21773.1 3356.82 -18416.3 54043.9 1.05558
1552000 0.8 298.936 111.818 -21713.7 3344.19 -18369.5 53906.7 1.0583
1553000 0.8 298.633 -95.4328 -21715 3340.8 -18374.3 53768.6 1.06103
1554000 0.8 299.459 182.252 -21776.2 3350.05 -18426.2 54024.8 1.05597
1555000 0.8 298.917 82.4177 -21731.1 3343.98 -18387.1 53831.6 1.05976
1556000 0.8 301.655 37.3899 -21770.7 3374.61 -18396 53935.6 1.05771
1557000 0.8 299.432 -11.988 -21663.5 3349.74 -18313.7 54065 1.0552
1558000 0.8 298.266 -65.0276 -21677.5 3336.7 -18340.8 53981.5 1.0568
1559000 0.8 299.457 63.2378 -21702.9 3350.02 -18352.9 53672.6 1.06288
1560000 0.8 299.149 -114.483 -21736.4 3346.57 -18389.8 53686.4 1.06262
1561000 0.8 300.887 -152.057 -21732.2 3366.01 -18366.2 53529 1.06575
1562000 0.8 298.274 185.581 -21653.2 3336.79 -18316.4 53784.2 1.06069
1563000 0.8 298.333 -27.8704 -21623.3 3337.45 -18285.9 54033.8 1.05579
1564000 0.8 300.873 -164.922 -21654.5 3365.86 -18288.7 54085.8 1.05477
1565000 0.8 300.274 82.0449 -21682.3 3359.16 -18323.1 53757.1 1.06121
1566000 0.8 298.906 265.319 -21684.9 3343.85 -18341 53773.6 1.0609
1567000 0.8 298.881 300.003 -21753.4 3343.57 -18409.8 53580.7 1.0647
1568000 0.8 298.883 -171.58 -21658.8 3343.6 -18315.2 54089.8 1.05472
1569000 0.8 297.294 -124.796 -21698.5 3325.82 -18372.6 53785.2 1.06067
1570000 0.8 298.632 -10.1212 -21755.1 3340.79 -18414.3 53712.6 1.06212
1571000 0.8 299.927 70.7845 -21680.1 3355.27 -18324.8 54180.7 1.05293
1572000 0.8 300.032 35.3736 -21710.2 3356.46 -18353.7 53997.6 1.05649
1573000 0.8 300.169 52.378 -21684.3 3357.98 -18326.3 53756.3 1.06125
1574000 0.8 299.538 -84.3992 -21664.2 3350.93 -18313.2 53632.6 1.06369
1575000 0.8 300.3 15.8568 -21660 3359.44 -18300.5 53997.9 1.05649
1576000 0.8 299.753 -177.349 -21610 3353.33 -18256.7 54131.5 1.05389
1577000 0.8 299.082 -39.788 -21663.2 3345.82 -18317.4 53982.8 1.0568
1578000 0.8 300.489 -99.5825 -21679.4 3361.57 -18317.8 53866.6 1.05907
1579000 0.8 300.332 175.824 -21648.7 3359.81 -18288.9 53738 1.0616
1580000 0.8 300.433 -107.739 -21635.7 3360.94 -18274.8 53813.1 1.06013
1581000 0.8 301.054 145.361 -21751.1 3367.89 -18383.2 54191.5 1.05271
1582000 0.8 298.055 -126.666 -21710.9 3334.33 -18376.6 54038.9 1.0557
1583000 0.8 299.649 34.2763 -21693.6 3352.17 -18341.4 53811.3 1.06019
1584000 0.8 300.254 80.4512 -21644.7 3358.94 -18285.8 53793.2 1.06051
1585000 0.8 300.651 165.473 -21677.2 3363.38 -18313.9 53947.8 1.05748
1586000 0.8 299.869 86.0868 -21670.5 3354.63 -18315.9 53678.8 1.06276
1587000 0.8 299.88 6.37941 -21648.6 3354.76 -18293.8 53746.6 1.06143
1588000 0.8 301.532 85.5547 -21689.8 3373.24 -18316.6 53987.8 1.0567
1589000 0.8 300.971 220.388 -21688.5 3366.96 -18321.5 53807.1 1.06023
1590000 0.8 301.574 121.011 -21694.3 3373.7 -18320.6 53625.9 1.06381
1591000 0.8 300.852 -15.2469 -21751.3 3365.63 -18385.7 53704.1 1.06226
1592000 0.8 298.864 25.3028 -21770.2 3343.38 -18426.9 53661 1.06313
1593000 0.8 300.808 -195.274 -21628.2 3365.13 -18263.1 53836.7 1.05966
1594000 0.8 300.562 -60.875 -21661.5 3362.38 -18299.1 53744.4 1.06147
1595000 0.8 301.194 -64.7514 -21673.7 3369.45 -18304.2 53748.6 1.06138
1596000 0.8 299.908 42.8069 -21704.5 3355.07 -18349.5 53642.4 1.06351
1597000 0.8 299.545 101.985 -21662.4 3351 -18311.4 53549.4 1.06534
1598000 0.8 300.916 57.0525 -21686.2 3366.34 -18319.8 53567.1 1.065
1599000 0.8 299.757 7.93698 -21740.5 3353.38 -18387.2 53561.6 1.06509
1600000 0.8 302.523 143.768 -21677.6 3384.31 -18293.3 53343.6 1.06946
