# Time-averaged data for fix msd_avg
# TimeStep c_msd_water[1] c_msd_water[2] c_msd_water[3] c_msd_water[4]
601000 0.679265 0.653989 0.644909 1.97816
602000 1.64278 1.56058 1.62916 4.83252
603000 2.49652 2.4004 2.39988 7.29681
604000 3.455 3.28894 3.21415 9.95809
605000 4.18315 4.10126 4.03964 12.324
606000 5.26935 4.85359 4.918 15.0409
607000 6.45256 5.79403 5.87745 18.124
608000 7.18016 6.5143 6.83827 20.5327
609000 8.0377 7.38927 7.78798 23.215
610000 8.8439 8.17838 8.50899 25.5313
611000 10.1027 9.03986 9.74453 28.8871
612000 10.6452 9.79089 10.593 31.0291
613000 11.6553 10.9636 11.4645 34.0833
614000 12.6801 11.356 12.5626 36.5987
615000 13.3821 12.227 13.7396 39.3487
616000 13.9227 13.2626 14.7533 41.9386
617000 15.3356 14.455 15.5117 45.3024
618000 15.9742 15.2946 16.2635 47.5323
619000 16.713 16.1819 17.2753 50.1703
620000 17.7987 16.8271 18.2428 52.8686
621000 18.7979 17.6859 19.0724 55.5562
622000 20.3318 19.1925 20.2642 59.7885
623000 21.2919 20.3116 21.1305 62.734
624000 22.3434 21.007 22.2334 65.5838
625000 23.3614 21.793 23.1721 68.3264
626000 24.3183 22.5903 23.6979 70.6065
627000 25.7124 23.5356 24.455 73.703
628000 26.6691 24.0011 25.2999 75.9701
629000 27.6535 24.6898 26.3474 78.6907
630000 28.9159 26.0115 27.1888 82.1162
631000 29.7916 26.9272 27.7454 84.4642
632000 30.5586 27.7514 29.24 87.5501
633000 31.4138 29.0253 30.8497 91.2887
634000 32.2803 30.2742 31.635 94.1895
635000 32.9679 31.4474 32.0612 96.4765
636000 33.6074 31.8603 32.1322 97.5998
637000 34.0607 32.491 32.486 99.0378
638000 35.305 33.5004 32.9214 101.727
639000 36.0927 33.9417 33.6236 103.658
640000 37.5738 34.7724 34.737 107.083
641000 38.8049 36.0072 35.61 110.422
642000 39.7122 36.8317 36.2487 112.793
643000 40.9756 38.1598 37.3661 116.501
644000 42.4432 38.8224 37.9754 119.241
645000 43.6153 39.2303 38.828 121.674
646000 43.9145 40.3106 39.0054 123.231
647000 44.5039 41.2143 39.569 125.287
648000 45.112 42.6452 40.6143 128.371
649000 45.7387 42.9031 41.5707 130.212
650000 46.9767 43.3897 42.2189 132.585
651000 48.3898 44.1529 42.8716 135.414
652000 49.2896 44.8716 44.1982 138.359
653000 49.5098 45.265 44.7076 139.482
654000 50.6894 46.1841 45.5773 142.451
655000 51.4102 46.8445 45.5173 143.772
656000 52.4318 47.6879 46.9239 147.044
657000 53.0795 48.0744 47.4883 148.642
658000 54.4022 48.9247 47.893 151.22
659000 55.2548 48.8811 48.5189 152.655
660000 56.0476 49.7293 49.0117 154.789
661000 56.5841 50.9474 49.7039 157.235
662000 57.422 52.261 50.1426 159.826
663000 58.8781 53.3306 51.0204 163.229
664000 59.683 53.7319 51.3237 164.739
665000 60.8305 54.4703 52.4722 167.773
666000 61.776 55.5295 53.048 170.353
667000 62.419 56.4842 53.9167 172.82
668000 63.0814 57.1901 54.0641 174.336
669000 63.7654 58.6831 55.0178 177.466
670000 64.7478 59.4434 55.3822 179.573
671000 65.7846 60.0179 56.6606 182.463
672000 67.2888 61.0583 57.8444 186.191
673000 67.9655 61.0323 58.839 187.837
674000 68.5684 61.2605 59.6328 189.462
675000 69.6416 61.3243 60.389 191.355
676000 70.3547 62.4828 61.0958 193.933
677000 71.8977 63.5501 61.7286 197.176
678000 73.3248 64.7081 62.717 200.75
679000 74.4038 65.5197 63.7666 203.69
680000 75.4497 65.8548 64.8558 206.16
681000 76.4834 66.0241 65.5711 208.079
682000 77.1412 67.1247 65.8834 210.149
683000 77.5888 67.4575 66.3151 211.361
684000 77.9083 67.8023 66.6536 212.364
685000 78.5475 68.5411 67.5724 214.661
686000 79.8127 69.1458 68.7001 217.659
687000 80.7315 70.2797 69.1662 220.177
688000 82.0217 71.4685 70.5001 223.99
689000 83.8789 72.697 72.1104 228.686
690000 84.1471 73.6883 72.9857 230.821
691000 84.891 75.5849 74.8335 235.309
692000 85.3595 77.2808 75.7637 238.404
693000 86.3896 78.7316 77.0249 242.146
694000 88.8955 80.3001 78.1967 247.392
695000 89.609 81.7097 79.0566 250.375
696000 90.2807 81.6549 80.1833 252.119
697000 92.459 84.4251 82.4066 259.291
698000 93.2062 85.2684 83.4245 261.899
699000 93.1534 85.3185 84.3575 262.829
700000 94.0798 86.8811 86.1704 267.131
701000 94.6706 87.778 87.4234 269.872
702000 95.7916 87.7091 88.6126 272.113
703000 96.5517 88.7796 89.2781 274.609
704000 97.3575 90.7391 91.0489 279.146
705000 97.6538 90.624 92.4579 280.736
706000 98.7323 92.493 93.8044 285.03
707000 99.1143 92.8647 94.242 286.221
708000 100.183 95.1952 95.7928 291.171
709000 100.786 96.5838 96.3018 293.672
710000 101.379 97.4887 96.6932 295.561
711000 101.921 98.6053 98.1697 298.696
712000 102.002 100.086 99.7842 301.872
713000 101.826 100.665 99.8987 302.39
714000 103.245 101.342 100.327 304.914
715000 105.178 103.12 101.483 309.781
716000 106.738 103.808 103.107 313.653
717000 107.2 103.56 104.123 314.883
718000 107.69 104.514 105.282 317.485
719000 108.661 105.233 105.919 319.813
720000 108.865 105.759 105.4 320.025
721000 109.142 106.731 105.81 321.682
722000 109.902 107.35 105.815 323.067
723000 110.706 107.727 105.322 323.754
724000 111.73 109.272 105.865 326.867
725000 113.6 110.402 107.528 331.53
726000 114.099 110.588 107.83 332.516
727000 115.423 111.066 108.086 334.574
728000 115.893 110.757 107.944 334.595
729000 116.578 111.344 108.75 336.672
730000 118.464 113.088 109.897 341.448
731000 119.018 114.667 110.129 343.813
732000 120.679 115.977 110.898 347.554
733000 121.091 115.793 111.709 348.593
734000 122.232 116.885 112.69 351.807
735000 124.335 117.596 114.295 356.226
736000 125.082 118.012 114.931 358.025
737000 126.132 119.268 116.04 361.439
738000 125.647 120.224 115.756 361.627
739000 126.333 122.068 116.818 365.22
740000 126.713 122.777 117.248 366.739
741000 127.719 123.246 119.261 370.226
742000 128.821 123.468 120.543 372.831
743000 129.261 124.618 121.026 374.904
744000 129.804 126.235 121.532 377.571
745000 130.307 127.689 122.95 380.945
746000 131.805 130.111 123.958 385.874
747000 133.501 131.712 124.709 389.922
748000 134.087 131.627 125.273 390.987
749000 134.742 131.676 125.841 392.259
750000 135.953 133.095 127.693 396.741
751000 137.27 134.733 130.199 402.201
752000 136.708 134.864 130.329 401.9
753000 138.324 136.228 130.873 405.425
754000 139.076 136.141 131.007 406.224
755000 139.759 137.27 131.288 408.317
756000 140.515 138.194 132.613 411.322
757000 141.726 139.414 133.559 414.699
758000 141.907 139.81 134.762 416.479
759000 141.493 140.993 135.158 417.643
760000 141.212 143.342 136.145 420.698
761000 141.484 143.895 136.451 421.83
762000 143.515 144.936 137.876 426.327
763000 144.217 143.885 138.093 426.195
764000 145.13 145.107 139.276 429.513
765000 146.152 147.287 140.528 433.966
766000 146.457 148.91 140.854 436.221
767000 147.321 149.937 141.919 439.177
768000 147.977 150.47 142.563 441.011
769000 149.621 151.738 144.085 445.445
770000 150.229 153.098 145.159 448.486
771000 151.5 153.77 146.889 452.159
772000 152.743 154.657 146.869 454.268
773000 152.902 155.479 146.489 454.87
774000 153.825 155.74 146.688 456.253
775000 155.311 158.082 147.334 460.727
776000 155.782 158.705 146.926 461.413
777000 156.376 158.799 147.042 462.217
778000 157.645 159.099 147.472 464.216
779000 159.76 160.096 148.005 467.861
780000 160.965 161.591 149.689 472.245
781000 161.572 161.538 150.093 473.203
782000 163.606 162.892 148.921 475.419
783000 164.224 165.624 150.121 479.969
784000 163.965 166.189 151.297 481.451
785000 163.769 167.213 151.677 482.659
786000 163.483 167.758 151.751 482.992
787000 164.988 168.396 153.29 486.674
788000 165.681 169.24 154.415 489.336
789000 167.242 168.927 155.261 491.43
790000 169.192 170.573 156.905 496.67
791000 170.058 172.508 158.011 500.577
792000 169.687 172.276 158.065 500.028
793000 169.752 172.863 158.205 500.82
794000 171.837 174.145 158.849 504.831
795000 173.151 177.064 159.674 509.888
796000 173.189 177.669 160.602 511.461
797000 174.177 179.246 162.018 515.441
798000 175.396 180.454 162.841 518.691
799000 177.257 180.391 163.286 520.934
800000 177.465 181.262 163.995 522.723
801000 178.792 182.323 164.534 525.65
802000 179.531 181.274 164.995 525.8
803000 179.231 182.028 165.933 527.192
804000 180.189 183.047 168.257 531.493
805000 180.965 184.44 168.28 533.685
806000 182.908 185.234 169.707 537.849
807000 184.258 184.861 171.011 540.129
808000 185.417 185.992 171.8 543.209
809000 185.359 187.553 170.759 543.671
810000 185.172 189.347 172.19 546.709
811000 187.047 191.237 173.794 552.079
812000 188.199 190.627 174.124 552.95
813000 189.055 192.051 176.224 557.329
814000 188.581 192.343 175.269 556.193
815000 189.197 192.379 175.509 557.085
816000 190.365 193.67 176.126 560.161
817000 190.767 195.479 177.724 563.97
818000 190.295 196.896 178.826 566.017
819000 191.787 199.025 180.516 571.328
820000 191.543 199.221 180.057 570.821
821000 191.792 199.914 180.48 572.186
822000 192.007 198.484 180.429 570.921
823000 191.752 199.098 180.793 571.643
824000 193.691 201.957 182.167 577.815
825000 194.648 204.021 183.769 582.437
826000 195.857 205.083 185.344 586.285
827000 197.432 205.349 186.882 589.663
828000 199.83 206.817 189.472 596.119
829000 201.252 206.291 190.263 597.805
830000 201.488 206.813 190.82 599.12
831000 201.908 207.98 192.087 601.974
832000 201.972 208.582 193.245 603.799
833000 203.936 210.539 195.045 609.519
834000 205.581 212.37 195.891 613.842
835000 206.367 212.983 196.982 616.332
836000 205.251 213.241 196.271 614.763
837000 204.488 214.754 197.841 617.082
838000 204.432 215.302 198.963 618.696
839000 204.858 216.437 200.56 621.856
840000 206.441 217.807 202.168 626.416
841000 204.616 217.753 202.174 624.543
842000 204.405 219.334 204.346 628.084
843000 205.983 220.586 205.787 632.356
844000 206.752 221.085 206.67 634.506
845000 207.382 221.505 207.13 636.016
846000 209.314 222.86 209.472 641.647
847000 208.567 222.042 209.154 639.763
848000 210.342 222.97 211.893 645.204
849000 209.892 223.878 211.421 645.192
850000 210.37 224.939 211.597 646.905
851000 210.706 224.984 212.016 647.706
852000 210.271 224.629 212.067 646.967
853000 210.846 224.874 212.911 648.63
854000 212.337 225.67 214.189 652.196
855000 213.369 225.733 214.854 653.956
856000 214.45 224.799 215.915 655.164
857000 216.521 226.111 217.082 659.714
858000 216.366 224.416 216.617 657.399
859000 217.397 224.493 217.91 659.8
860000 218.267 225.921 218.658 662.846
861000 218.795 225.912 218.888 663.595
862000 219.985 226.37 219.524 665.879
863000 221.767 226.588 220.136 668.49
864000 221.452 226.9 220.867 669.219
865000 222.201 227.307 222.072 671.58
866000 224.133 229.37 225.133 678.636
867000 225.575 230.563 226.721 682.859
868000 226.455 232.589 227.739 686.782
869000 226.279 233.3 226.014 685.593
870000 226.26 234.121 226.002 686.384
871000 228.959 235.871 227.159 691.989
872000 229.432 237.222 226.736 693.39
873000 231.059 239.889 228.809 699.757
874000 231.355 241.142 231.115 703.611
875000 231.864 241.673 232.5 706.037
876000 231.976 242.272 232.713 706.961
877000 234.693 244.511 235.403 714.606
878000 234.139 243.617 235.677 713.433
879000 235.14 243.326 235.323 713.789
880000 237.844 245.183 237.794 720.821
881000 239.048 246.304 239.643 724.994
882000 239.796 246.097 240.176 726.069
883000 241.087 246.889 240.06 728.037
884000 243.176 247.09 239.914 730.18
885000 244.296 248.565 239.462 732.323
886000 245.606 252.248 240.595 738.449
887000 244.113 252.644 240.029 736.785
888000 245.551 254.82 241.536 741.906
889000 246.428 256.803 242.585 745.816
890000 247.405 258.153 244.707 750.264
891000 248.303 257.218 244.574 750.095
892000 248.466 256.69 244.122 749.278
893000 248.308 256.852 244.72 749.881
894000 251.486 259.04 247.439 757.966
895000 251.793 261.43 249.249 762.472
896000 253.01 262.249 249.704 764.964
897000 253.129 261.489 249.659 764.277
898000 253.069 262.126 250.01 765.205
899000 253.623 262.191 250.646 766.461
900000 254.053 263.228 251.708 768.989
901000 254.774 265.193 253.239 773.206
902000 254.994 266.647 252.978 774.619
903000 255.438 266.681 253.605 775.724
904000 256.518 267.564 254.819 778.902
905000 257.773 268.275 256.315 782.363
906000 258.171 267.085 256.972 782.227
907000 258.661 266.686 258.002 783.349
908000 260.251 267.619 260.098 787.968
909000 261.207 268.898 260.469 790.575
910000 259.659 267.743 259.435 786.836
911000 260.817 270.144 260.819 791.78
912000 261.608 270.378 261.897 793.883
913000 261.699 270.319 262.163 794.181
914000 263.875 271.835 263.791 799.502
915000 265.233 272.431 264.895 802.56
916000 265.87 272.775 266.431 805.075
917000 266.314 272.876 266.75 805.941
918000 265.831 273.572 267.708 807.111
919000 265.004 274.046 268.547 807.598
920000 265.861 275.361 269.403 810.625
921000 267.445 275.834 269.766 813.046
922000 268.414 277.03 271.202 816.647
923000 270.016 279.458 273.659 823.133
924000 272.649 281.158 275.837 829.643
925000 272.455 280.065 275.041 827.561
926000 274.287 282.532 277.641 834.46
927000 273.729 282.201 278.756 834.685
928000 275.428 283.895 281.55 840.873
929000 275.572 284.581 280.694 840.847
930000 277.132 285.967 282.398 845.498
931000 278.031 286.97 284.228 849.228
932000 278.431 287.532 283.489 849.451
933000 278.955 289.131 283.349 851.434
934000 279.938 290.566 283.588 854.092
935000 280.136 291.756 284.845 856.738
936000 280.693 292.669 284.656 858.017
937000 281.166 293.598 286.115 860.879
938000 284.076 295.278 288.671 868.024
939000 284.012 295.811 287.128 866.951
940000 284.374 297.837 287.648 869.859
941000 286.126 298.566 290.171 874.863
942000 285.842 298.314 288.946 873.102
943000 287.589 300.309 291.335 879.233
944000 290.288 301.107 292.676 884.07
945000 291.427 301.609 293.155 886.191
946000 293.304 304.048 294.66 892.012
947000 294.281 305.38 295.704 895.365
948000 293.725 304.734 296.274 894.734
949000 295.225 303.486 298.12 896.83
950000 297.525 305.663 299.475 902.663
951000 295.787 304.737 296.76 897.285
952000 295.647 305.971 295.854 897.472
953000 297.366 305.879 296.03 899.275
954000 300.899 308.658 300.09 909.647
955000 299.083 306.997 298.618 904.698
956000 300.368 307.314 299.646 907.328
957000 300.346 309.638 300.171 910.155
958000 300.831 310.873 299.288 910.992
959000 300.734 310.103 299.462 910.299
960000 300.592 311.614 302.113 914.319
961000 299.755 312.399 302.382 914.535
962000 300.891 312.922 302.987 916.8
963000 300.113 312.484 302.881 915.478
964000 301.445 314.306 305.924 921.676
965000 302.574 315.638 305.834 924.046
966000 303.989 318.518 305.941 928.449
967000 304.736 318.163 306.33 929.23
968000 307.05 318.497 309.111 934.658
969000 307.015 319.537 310.45 937.002
970000 308.899 322.434 312.242 943.575
971000 308.01 324.175 312.835 945.021
972000 307.956 324.28 313.838 946.075
973000 308.641 324.468 314.034 947.144
974000 308.536 326.024 313.626 948.187
975000 311.071 326.614 315.478 953.164
976000 311.599 326.379 315.661 953.64
977000 312.448 326.283 316.679 955.409
978000 312.176 326.54 317.597 956.314
979000 315.467 329.957 321.346 966.771
980000 315.828 329.495 320.242 965.565
981000 317.002 331.872 323.052 971.926
982000 317.052 332.729 324.052 973.833
983000 316.335 331.513 323.499 971.347
984000 317.78 331.896 324.301 973.977
985000 320.082 332.586 326.083 978.751
986000 320.508 333.556 328.502 982.565
987000 319.542 333.987 328.423 981.952
988000 320.859 336.028 331.399 988.286
989000 320.078 336.375 331.036 987.489
990000 320.47 337.787 333.128 991.384
991000 320.357 337.225 333.204 990.785
992000 321.277 338.407 334.21 993.894
993000 321.666 338.226 337.314 997.206
994000 323.551 340.65 340.899 1005.1
995000 323.686 338.938 340.36 1002.98
996000 325.666 340.628 340.995 1007.29
997000 328.107 343.368 344.653 1016.13
998000 329.168 345.813 346.346 1021.33
999000 327.815 343.282 343.854 1014.95
1000000 328.131 343.801 345.298 1017.23
1001000 328.699 343.889 346.084 1018.67
1002000 329.089 346.794 348.881 1024.76
1003000 332.688 349.275 351.803 1033.77
1004000 332.982 349.042 352.859 1034.88
1005000 331.371 346.21 352.133 1029.71
1006000 331.454 346.972 352.902 1031.33
1007000 332.396 348.182 352.939 1033.52
1008000 333.535 348 355.316 1036.85
1009000 335.567 349.596 358.113 1043.28
1010000 337.716 349.905 359.527 1047.15
1011000 337.821 348.486 358.154 1044.46
1012000 340.447 351.566 361.809 1053.82
1013000 341.858 353.812 361.768 1057.44
1014000 342.91 355.766 363.819 1062.5
1015000 343.052 355.844 362.793 1061.69
1016000 344.476 356.67 363.167 1064.31
1017000 345.586 357.99 363.374 1066.95
1018000 347.008 360.475 363.245 1070.73
1019000 347.179 359.47 363.175 1069.82
1020000 349.423 360.987 366.769 1077.18
1021000 350.887 360.691 367.636 1079.21
1022000 352.806 361.975 368.565 1083.35
1023000 352.22 362.222 368.942 1083.38
1024000 352.342 363.257 369.14 1084.74
1025000 353.684 363.814 371.074 1088.57
1026000 352.875 363.982 371.791 1088.65
1027000 351.45 363.984 371.868 1087.3
1028000 351.954 365.237 372.098 1089.29
1029000 352.385 366.097 373.382 1091.86
1030000 350.399 365.099 372.613 1088.11
1031000 350.855 368.401 375.595 1094.85
1032000 351.399 370.586 376.396 1098.38
1033000 353.044 372.939 376.168 1102.15
1034000 353.629 372.6 375.828 1102.06
1035000 355.042 374.194 375.761 1105
1036000 355.598 375.308 376.01 1106.92
1037000 356.195 376.902 378.147 1111.24
1038000 355.5 377.902 380.125 1113.53
1039000 356.996 379.521 382.785 1119.3
1040000 356.208 378.598 380.795 1115.6
1041000 358.407 379.87 383.484 1121.76
1042000 359.928 381.14 385.182 1126.25
1043000 361.167 380.734 385.969 1127.87
1044000 360.466 379.521 386.975 1126.96
1045000 361.377 380.735 388.239 1130.35
1046000 361.975 381.773 389.631 1133.38
1047000 361.307 381.494 388.222 1131.02
1048000 362.995 384.815 390.245 1138.05
1049000 363.654 385.002 389.786 1138.44
1050000 364.786 384.718 390.203 1139.71
1051000 366.154 383.475 391.917 1141.55
1052000 366.457 383.096 392.829 1142.38
1053000 364.94 382.452 392.358 1139.75
1054000 365.54 383.241 394.448 1143.23
1055000 365.097 383.57 394.972 1143.64
1056000 367.542 387.795 397.195 1152.53
1057000 369.901 390.02 400.492 1160.41
1058000 369.079 390.708 400.238 1160.03
1059000 371.858 392.299 402.08 1166.24
1060000 370.395 390.382 399.235 1160.01
1061000 372.058 390.341 398.929 1161.33
1062000 372.574 389.699 399.841 1162.11
1063000 373.591 390.681 400.861 1165.13
1064000 377.473 393.204 404.002 1174.68
1065000 377.911 393.529 404.07 1175.51
1066000 378.4 394.401 403.771 1176.57
1067000 379.48 395.917 405.998 1181.39
1068000 381.739 397.638 408.19 1187.57
1069000 383.121 398.507 409.986 1191.61
1070000 382.061 396.98 409.422 1188.46
1071000 382.298 397.89 409.84 1190.03
1072000 382.431 399.593 410.289 1192.31
1073000 383.619 399.804 410.195 1193.62
1074000 384.267 400.859 411.777 1196.9
1075000 382.859 401.419 411.464 1195.74
1076000 385.131 401.571 412.889 1199.59
1077000 386.291 400.527 411.804 1198.62
1078000 388.818 402.687 415.277 1206.78
1079000 388.744 403.036 416.602 1208.38
1080000 390.533 407.247 419.785 1217.57
1081000 388.152 405.849 418.993 1212.99
1082000 387.131 406.051 418.109 1211.29
1083000 389.697 407.787 420.535 1218.02
1084000 391.887 409.42 423.042 1224.35
1085000 392.214 409.267 423.398 1224.88
1086000 392.711 408.788 423.766 1225.26
1087000 392.347 409.155 423.229 1224.73
1088000 394.232 412.218 425.225 1231.68
1089000 394.658 412.7 424.561 1231.92
1090000 396.643 411.894 425.612 1234.15
1091000 398.822 413.318 427.309 1239.45
1092000 400.907 413.669 429.072 1243.65
1093000 402.641 415.576 430.522 1248.74
1094000 403.064 416.775 431.259 1251.1
1095000 403.617 418.206 432.156 1253.98
1096000 404.576 419.611 431.847 1256.03
1097000 406.546 419.806 432.681 1259.03
1098000 408.897 422.142 434.618 1265.66
1099000 408.327 422.024 434.854 1265.2
1100000 408.766 422.421 434.45 1265.64
1101000 409.502 423.844 434.656 1268
1102000 410.702 423.963 434.58 1269.24
1103000 414.002 426.452 437.188 1277.64
1104000 413.504 426.919 435.46 1275.88
1105000 414.576 428.136 437.067 1279.78
1106000 413.98 427.061 435.498 1276.54
1107000 414.989 429.165 437.868 1282.02
1108000 415.546 432.086 438.179 1285.81
1109000 416.22 432 437.577 1285.8
1110000 419.286 433.749 438.209 1291.24
1111000 419.707 434.755 436.095 1290.56
1112000 421.35 435.183 436.599 1293.13
1113000 423.006 435.783 436.695 1295.48
1114000 424.216 436.955 438.4 1299.57
1115000 423.693 435.827 438.38 1297.9
1116000 426.098 437.774 442.287 1306.16
1117000 425.395 437.582 442.128 1305.1
1118000 427.412 439.406 444.133 1310.95
1119000 428.086 440.824 444.808 1313.72
1120000 427.272 442.079 445.544 1314.9
1121000 430.074 444.005 446.993 1321.07
1122000 433.328 447.233 448.997 1329.56
1123000 435.567 448.999 449.557 1334.12
1124000 435.517 449.383 450.105 1335.01
1125000 438.674 452.383 452.213 1343.27
1126000 439.081 451.364 451.657 1342.1
1127000 437.191 452.115 451.436 1340.74
1128000 436.963 451.393 450.522 1338.88
1129000 438.974 450.962 450.793 1340.73
1130000 439.573 451.476 451.386 1342.44
1131000 440.44 453.2 452.784 1346.42
1132000 442.125 452.19 452.469 1346.78
1133000 443.619 455.397 454.822 1353.84
1134000 445.31 455.234 454.98 1355.52
1135000 449.303 458.831 456.63 1364.76
1136000 451.561 459.309 456.923 1367.79
1137000 454.984 459.623 460.447 1375.05
1138000 453.141 458.683 460.839 1372.66
1139000 453.568 459.077 461.537 1374.18
1140000 453.294 457.31 461.563 1372.17
1141000 457.065 460.756 465.674 1383.49
1142000 456.959 462.048 465.965 1384.97
1143000 453.97 461.686 464.54 1380.2
1144000 455.663 463.404 467.111 1386.18
1145000 457.243 462.821 468.974 1389.04
1146000 459.883 464.074 471.675 1395.63
1147000 459.408 464.222 471.494 1395.12
1148000 457.387 463.849 469.629 1390.86
1149000 458.842 465.903 471.57 1396.32
1150000 459.271 468.021 472.23 1399.52
1151000 457.926 465.783 471.265 1394.97
1152000 460.6 467.759 473.296 1401.66
1153000 459.63 466.832 472.185 1398.65
1154000 460.81 469.522 472.554 1402.89
1155000 464.681 474.39 475.869 1414.94
1156000 464.971 476.512 476.905 1418.39
1157000 464.2 475.554 476.822 1416.58
1158000 465.309 474.262 477.819 1417.39
1159000 464.794 474.823 478.08 1417.7
1160000 464.934 477.214 479.796 1421.94
1161000 466.521 480.273 481.48 1428.27
1162000 466.767 479.364 480.641 1426.77
1163000 467.109 477.944 481.451 1426.5
1164000 467.757 477.922 481.648 1427.33
1165000 467.507 479.632 482.179 1429.32
1166000 469.416 481.908 484.008 1435.33
1167000 471.022 483.56 486.192 1440.77
1168000 470.428 483.839 485.745 1440.01
1169000 471.786 483.332 488.21 1443.33
1170000 476.214 487.441 491.732 1455.39
1171000 479.682 488.187 492.599 1460.47
1172000 478.458 484.278 492.398 1455.13
1173000 480.615 487.22 494.715 1462.55
1174000 481.348 488.009 495.775 1465.13
1175000 482.508 487.645 494.097 1464.25
1176000 483.622 489.561 493.75 1466.93
1177000 484.614 491.655 496.189 1472.46
1178000 484.686 491.185 497.069 1472.94
1179000 484.838 492.359 497.526 1474.72
1180000 488.152 496.662 502.403 1487.22
1181000 488.773 497.682 503.215 1489.67
1182000 491.627 502.175 506.505 1500.31
1183000 487.069 499.54 503.317 1489.93
1184000 488.532 502.415 505.53 1496.48
1185000 490.844 504.639 506.51 1501.99
1186000 490.998 501.926 506.222 1499.15
1187000 493.779 502.587 509.508 1505.87
1188000 495.679 504.457 511.182 1511.32
1189000 495.914 504.973 513.1 1513.99
1190000 496.545 506.77 513.76 1517.07
1191000 497.301 507.942 512.416 1517.66
1192000 495.402 507.24 509.763 1512.4
1193000 497.083 508.164 511.48 1516.73
1194000 497.598 509.388 512.661 1519.65
1195000 501.812 513.373 516.292 1531.48
1196000 503.001 515.965 516.855 1535.82
1197000 504.061 516.97 516.419 1537.45
1198000 505.493 516.049 515.91 1537.45
1199000 508.665 515.553 518.328 1542.55
1200000 511.537 517.992 519.367 1548.9
1201000 511.683 517.731 519.467 1548.88
1202000 508.471 516.826 518.571 1543.87
1203000 510.829 518.89 521.742 1551.46
1204000 513.943 519.124 523.033 1556.1
1205000 516.648 521.715 524.313 1562.68
1206000 514.921 522.674 521.196 1558.79
1207000 515.516 527.304 523.184 1566.01
1208000 517.94 530.817 525.181 1573.94
1209000 513.919 527.774 522.663 1564.36
1210000 513.071 527.61 521.064 1561.75
1211000 513.663 529.284 521.416 1564.36
1212000 514.296 530.113 521.648 1566.06
1213000 517.595 532.852 522.324 1572.77
1214000 518.954 533.996 522.849 1575.8
1215000 516.918 530.313 522.282 1569.51
1216000 520.653 533.368 527.375 1581.4
1217000 521.065 533.501 528.774 1583.34
1218000 520.246 533.473 529.39 1583.11
1219000 522.033 533.211 529.372 1584.62
1220000 526.348 537.137 532.654 1596.14
1221000 526.894 537.623 534.679 1599.2
1222000 526.784 538.292 535.675 1600.75
1223000 528.805 540.865 537.851 1607.52
1224000 531.399 543.478 537.476 1612.35
1225000 533.25 543.442 536.988 1613.68
1226000 533.729 544.481 538.524 1616.73
1227000 532.284 543.34 539.337 1614.96
1228000 532.551 543.541 540.871 1616.96
1229000 531.745 544.851 540.32 1616.92
1230000 533.133 548.333 541.95 1623.42
1231000 532.014 548.8 541.622 1622.44
1232000 533.335 549.951 541.739 1625.02
1233000 534.779 552.163 540.032 1626.97
1234000 535.164 552.815 537.709 1625.69
1235000 535.339 553.009 536.015 1624.36
1236000 538.723 553.464 538.294 1630.48
1237000 540.116 554.654 540.959 1635.73
1238000 539.202 555.753 542.31 1637.26
1239000 540.741 555.892 544.132 1640.77
1240000 542.123 555.785 546.258 1644.17
1241000 543.622 556.483 550.321 1650.43
1242000 539.719 553.451 548.634 1641.8
1243000 537.898 552.592 547.623 1638.11
1244000 539.759 554.492 550.2 1644.45
1245000 540.219 554.496 551.42 1646.14
1246000 543.651 556.826 554.868 1655.34
1247000 542.69 555.459 555.851 1654
1248000 544.237 558.458 559.366 1662.06
1249000 543.216 558.888 559.405 1661.51
1250000 546.17 561.053 561.277 1668.5
1251000 547.288 562.413 561.817 1671.52
1252000 546.252 561.982 559.754 1667.99
1253000 548.076 563.506 559.94 1671.52
1254000 551.16 564.016 560.103 1675.28
1255000 553.43 564.081 560.049 1677.56
1256000 555.229 563.904 561.077 1680.21
1257000 558.741 568.316 564.751 1691.81
1258000 555.065 567.294 562.372 1684.73
1259000 558.747 572.031 568.497 1699.27
1260000 561.012 574.467 571.257 1706.73
1261000 561.256 573.719 571.892 1706.87
1262000 562.35 576.107 573.09 1711.55
1263000 562.305 576.345 572.568 1711.22
1264000 562.842 578.3 571.797 1712.94
1265000 558.702 575.877 569.965 1704.54
1266000 560.648 576.401 572.371 1709.42
1267000 562.922 578.643 575.293 1716.86
1268000 562.572 578.463 575.14 1716.18
1269000 562.077 578.846 575.676 1716.6
1270000 564.69 581.137 577.299 1723.13
1271000 565.927 582.522 578.51 1726.96
1272000 565.59 581.007 578.831 1725.43
1273000 566.182 580.676 578.41 1725.27
1274000 568.237 582.226 579.908 1730.37
1275000 571.196 584.824 580.995 1737.01
1276000 574.322 586.208 584.75 1745.28
1277000 575.751 586.871 586.963 1749.58
1278000 574.355 587.156 584.881 1746.39
1279000 578.369 589.772 586.394 1754.54
1280000 578.838 588.747 586.793 1754.38
1281000 580.683 589.144 587.932 1757.76
1282000 582.62 592.088 588.326 1763.03
1283000 581.226 590.648 586.673 1758.55
1284000 585.858 593.982 590.005 1769.84
1285000 583.522 591.525 590.107 1765.15
1286000 582.601 590.671 590.11 1763.38
1287000 583.942 590.499 591.685 1766.13
1288000 587.041 592.901 594.198 1774.14
1289000 590.143 597.162 596.927 1784.23
1290000 590.79 597.696 597.035 1785.52
1291000 591.995 599.035 598.033 1789.06
1292000 591.744 598.424 597.142 1787.31
1293000 589.2 595.801 596.651 1781.65
1294000 590.562 595.996 598.73 1785.29
1295000 588.876 595.276 597.028 1781.18
1296000 587.48 594.779 596.339 1778.6
1297000 590.015 595.918 596.541 1782.47
1298000 593.487 597.019 597.251 1787.76
1299000 596.442 598.997 600.183 1795.62
1300000 594.634 597.368 598.864 1790.87
1301000 594.23 597.439 596.596 1788.26
1302000 596.097 598.687 598.787 1793.57
1303000 598.614 601.99 602.33 1802.93
1304000 596.065 599.971 602.477 1798.51
1305000 596.263 599.401 602.498 1798.16
1306000 597.975 598.913 601.301 1798.19
1307000 603.063 603.401 605.148 1811.61
1308000 603.865 604.288 605.587 1813.74
1309000 604.969 605.28 607.118 1817.37
1310000 604.311 605.927 607.558 1817.8
1311000 606.365 606.174 609.479 1822.02
1312000 607.437 606.94 611.402 1825.78
1313000 607.839 606.601 613.101 1827.54
1314000 606.741 604.48 612.131 1823.35
1315000 608.75 605.744 612.698 1827.19
1316000 611.078 606.884 614.062 1832.02
1317000 615.294 610.298 617.864 1843.46
1318000 617.027 611.721 620.097 1848.84
1319000 616.843 610.637 618.157 1845.64
1320000 617.79 611.403 616.798 1845.99
1321000 618.094 611.784 617.36 1847.24
1322000 623.174 616.491 621.99 1861.66
1323000 622.114 614.534 621.338 1857.99
1324000 623.195 614.447 620.957 1858.6
1325000 623.294 616.123 622.77 1862.19
1326000 623.993 616.475 622.093 1862.56
1327000 625.704 617.404 623.62 1866.73
1328000 627.299 615.438 624.672 1867.41
1329000 628.361 615.711 625.486 1869.56
1330000 627.972 613.114 623.641 1864.73
1331000 630.852 613.61 627.139 1871.6
1332000 632.263 612.484 629.377 1874.12
1333000 628.929 612.063 628.914 1869.91
1334000 628.142 611.093 628.689 1867.92
1335000 630.968 612.063 631.798 1874.83
1336000 633.841 613.435 635.681 1882.96
1337000 635.864 614.281 637.457 1887.6
1338000 637.121 613.163 638.25 1888.53
1339000 637.692 613.808 641.858 1893.36
1340000 633.621 611.818 640.003 1885.44
1341000 632.954 612.584 639.292 1884.83
1342000 635.374 615.069 641.307 1891.75
1343000 635.288 616.792 641.027 1893.11
1344000 637.035 619.382 641.937 1898.35
1345000 639.904 622.204 644.312 1906.42
1346000 641.273 623.569 644.937 1909.78
1347000 641.869 625.213 645.142 1912.22
1348000 644.115 626.226 645.157 1915.5
1349000 643.2 625.159 643.292 1911.65
1350000 645.521 628.44 647.484 1921.45
1351000 642.61 626.748 646.072 1915.43
1352000 643.636 628.397 648.415 1920.45
1353000 644.427 630.759 652.617 1927.8
1354000 645.091 630.874 653.519 1929.48
1355000 645.227 630.178 652.782 1928.19
1356000 643.622 628.366 649.057 1921.04
1357000 645.852 631.389 652.431 1929.67
1358000 648.131 634.818 656.48 1939.43
1359000 648.084 636.176 655.931 1940.19
1360000 646.314 636.887 656.161 1939.36
1361000 644.972 638.384 656.596 1939.95
1362000 645.621 639.931 658.786 1944.34
1363000 646.709 638.153 660.117 1944.98
1364000 648.721 639.07 663.597 1951.39
1365000 647.856 638.877 665.279 1952.01
1366000 646.656 635.437 662.085 1944.18
1367000 647.03 636.577 661.853 1945.46
1368000 653.2 641.463 666.21 1960.87
1369000 654.886 641.737 668.247 1964.87
1370000 654.373 641.673 668.384 1964.43
1371000 656.869 643.941 669.641 1970.45
1372000 658.553 647.054 672.791 1978.4
1373000 662.312 649.914 675.662 1987.89
1374000 665.278 651.611 676.433 1993.32
1375000 662.048 649.569 671.899 1983.52
1376000 662.997 650.104 671.03 1984.13
1377000 665.948 649.493 670.943 1986.38
1378000 666.036 648.597 669.755 1984.39
1379000 665.889 651.057 670.957 1987.9
1380000 665.08 648.478 669.634 1983.19
1381000 669.228 651.628 673.63 1994.49
1382000 669.34 651.424 674.424 1995.19
1383000 669.76 652.737 676.534 1999.03
1384000 671.51 653.864 680.003 2005.38
1385000 672.087 652.549 678.246 2002.88
1386000 672.582 654.464 678.853 2005.9
1387000 670.709 652.001 674.198 1996.91
1388000 671.682 652.404 674.253 1998.34
1389000 675.584 654.872 680.024 2010.48
1390000 677.457 654.307 682.407 2014.17
1391000 679.136 657.613 684.399 2021.15
1392000 678.15 655.913 680.814 2014.88
1393000 679.418 656.002 680.539 2015.96
1394000 678.121 655.772 681.677 2015.57
1395000 678.718 657.657 683.975 2020.35
1396000 681.631 662.065 685.51 2029.21
1397000 680.625 662.176 685.053 2027.85
1398000 678.235 662.447 682.733 2023.41
1399000 680.626 664.58 683.489 2028.69
1400000 683.675 665.305 683.615 2032.6
1401000 687.293 665.99 684.193 2037.47
1402000 687.741 665.765 686.196 2039.7
1403000 691.521 666.188 690.572 2048.28
1404000 693.559 668.227 692.823 2054.61
1405000 695.147 671.294 696.528 2062.97
1406000 693.017 668.286 694.627 2055.93
1407000 691.365 667.062 694.25 2052.68
1408000 688.13 666.068 693.598 2047.8
1409000 688.518 665.861 691.821 2046.2
1410000 691.352 667.17 693.308 2051.83
1411000 695.242 670.961 697.687 2063.89
1412000 693.439 671.045 698.059 2062.54
1413000 694.612 671.446 697.498 2063.55
1414000 696.793 674.763 698.885 2070.44
1415000 698.423 674.461 698.496 2071.38
1416000 699.001 673.414 699.648 2072.06
1417000 701.588 677.829 703.809 2083.23
1418000 700.266 677.011 701.271 2078.55
1419000 701.689 679.409 703.552 2084.65
1420000 701.689 678.633 702.48 2082.8
1421000 703.125 682.138 702.912 2088.18
1422000 703.854 684.108 702.087 2090.05
1423000 701.17 681.668 698.945 2081.78
1424000 704.007 683.933 701.592 2089.53
1425000 704.933 684.449 704.711 2094.09
1426000 709.559 689.194 709.631 2108.38
1427000 712.499 692.802 712.442 2117.74
1428000 708.455 690.446 710.73 2109.63
1429000 708.506 690.262 712.355 2111.12
1430000 707.797 688.635 710.865 2107.3
1431000 715.156 694.34 718.129 2127.62
1432000 715.539 695.52 718.859 2129.92
1433000 716.659 696.75 719.448 2132.86
1434000 715.721 698.145 719.551 2133.42
1435000 714.43 696.845 718.225 2129.5
1436000 715.973 698.483 718.779 2133.23
1437000 717.777 698.339 720.095 2136.21
1438000 714.766 696.028 718.482 2129.27
1439000 716.708 696.396 721.445 2134.55
1440000 715.127 694.192 718.654 2127.97
1441000 719.081 701.08 724.145 2144.31
1442000 720.671 702.969 726.451 2150.09
1443000 719.036 701.324 724.884 2145.24
1444000 720.656 701.215 725.854 2147.72
1445000 723.679 700.923 727.976 2152.58
1446000 726.998 701.965 728.032 2157
1447000 724.605 700.476 726.758 2151.84
1448000 725.072 699.864 726.369 2151.3
1449000 728.098 701.04 730.45 2159.59
1450000 733.529 701.393 734.943 2169.87
1451000 733.155 699.992 733.252 2166.4
1452000 736.856 701.322 735.671 2173.85
1453000 737.135 702.878 736.557 2176.57
1454000 741.37 703.85 737.05 2182.27
1455000 742.834 706.223 739.481 2188.54
1456000 739.716 703.697 737.196 2180.61
1457000 740.452 706.278 741.111 2187.84
1458000 740.7 704.134 742.135 2186.97
1459000 740.441 703.476 742.731 2186.65
1460000 740.774 704.297 742.612 2187.68
1461000 743.963 708.005 746.242 2198.21
1462000 745.168 707.985 745.414 2198.57
1463000 739.623 703.008 741.765 2184.4
1464000 742.319 705.193 743.493 2191
1465000 747.117 710.415 750.077 2207.61
1466000 748.522 711.144 752.526 2212.19
1467000 747.117 708.677 748.317 2204.11
1468000 747.704 710.116 749.86 2207.68
1469000 750.34 710.031 751.24 2211.61
1470000 753.147 713.409 757.3 2223.86
1471000 750.407 712.006 754.595 2217.01
1472000 750.709 713.472 755.51 2219.69
1473000 750.376 715.828 755.283 2221.49
1474000 748.878 716.289 756.229 2221.4
1475000 750.276 718.497 759.047 2227.82
1476000 748.607 716.452 757.669 2222.73
1477000 747.606 717.781 758.938 2224.33
1478000 748.668 718.867 759.483 2227.02
1479000 750.689 720.004 760.688 2231.38
1480000 753.187 721.593 762.921 2237.7
1481000 751.008 718.41 758.087 2227.51
1482000 754.879 720.69 761.356 2236.93
1483000 757.182 722.558 763.62 2243.36
1484000 753.262 719.156 760.699 2233.12
1485000 756.369 720.161 762.561 2239.09
1486000 760.829 723.945 766.86 2251.63
1487000 758.2 722.648 764.984 2245.83
1488000 762.501 724.911 769.073 2256.49
1489000 761.728 720.237 765.416 2247.38
1490000 766.481 723.94 767.49 2257.91
1491000 766.017 725.679 765.589 2257.29
1492000 768.059 726.273 764.722 2259.05
1493000 769.696 726.972 766.34 2263.01
1494000 770.383 728.433 768.535 2267.35
1495000 772.373 731.625 772.614 2276.61
1496000 770.659 730.433 769.286 2270.38
1497000 775.769 734.122 772.166 2282.06
1498000 776.908 732.861 771.27 2281.04
1499000 777.44 732.054 772.24 2281.73
1500000 778.109 730.802 773.594 2282.5
1501000 773.811 728.632 770.925 2273.37
1502000 779.083 734.02 775.528 2288.63
1503000 781.738 737.529 778.604 2297.87
1504000 779.936 739.414 779.206 2298.56
1505000 776.224 740.203 778.213 2294.64
1506000 776.784 739.342 777.751 2293.88
1507000 779.018 742.367 780.559 2301.94
1508000 777.938 743.323 779.163 2300.42
1509000 774.823 741.999 775.607 2292.43
1510000 782.952 749.181 781.025 2313.16
1511000 781.382 746.044 776.141 2303.57
1512000 783.677 749.629 777.737 2311.04
1513000 785.006 752.016 780.757 2317.78
1514000 784.266 752.601 780.262 2317.13
1515000 787.53 755.093 782.859 2325.48
1516000 785.535 753.209 781.087 2319.83
1517000 785.813 752.425 779.959 2318.2
1518000 787.178 752.283 781.308 2320.77
1519000 786.292 754.176 783.074 2323.54
1520000 786.207 752.157 780.927 2319.29
1521000 792.134 755.612 782.238 2329.98
1522000 795.27 756.27 783.469 2335.01
1523000 795.322 755.995 783.132 2334.45
1524000 794.245 756.723 781.257 2332.22
1525000 798.053 759.783 783.357 2341.19
1526000 796.587 758.391 779.406 2334.38
1527000 801.894 762.522 781.565 2345.98
1528000 801.083 762.547 779.591 2343.22
1529000 800.607 761.474 782.032 2344.11
1530000 802.892 763.776 784.45 2351.12
1531000 806.35 764.284 788.223 2358.86
1532000 804.507 762.073 787.321 2353.9
1533000 801.847 762.25 786.819 2350.92
1534000 802.409 763.173 787.54 2353.12
1535000 804.174 765.182 789.815 2359.17
1536000 802.676 763.596 790.118 2356.39
1537000 800.428 764.066 789.13 2353.62
1538000 801.997 764.513 789.936 2356.45
1539000 804.228 768.184 791.665 2364.08
1540000 806.928 771.157 793.464 2371.55
1541000 810.671 774.603 794.715 2379.99
1542000 810.804 772.104 790.209 2373.12
1543000 811.545 773.89 791.867 2377.3
1544000 815.372 776.666 795.216 2387.25
1545000 813.275 775.001 792.204 2380.48
1546000 818.25 779.584 795.755 2393.59
1547000 818.255 780.9 796.154 2395.31
1548000 819.4 783.98 798.768 2402.15
1549000 816.781 782.361 795.72 2394.86
1550000 819.121 785.684 797.579 2402.38
1551000 821.801 787.349 799.841 2408.99
1552000 820.525 788.094 799.241 2407.86
1553000 819.717 788.674 799.694 2408.08
1554000 818.173 787.063 797.538 2402.77
1555000 817.703 787.94 796.494 2402.14
1556000 819.819 791.309 799.816 2410.94
1557000 821.476 791.075 800.917 2413.47
1558000 822.682 793.202 804.696 2420.58
1559000 823.043 792.692 801.925 2417.66
1560000 825.477 794.847 805.001 2425.32
1561000 824.657 795.722 805.232 2425.61
1562000 827.221 796.391 805.705 2429.32
1563000 832.172 801.667 808.471 2442.31
1564000 830.807 799.969 807.797 2438.57
1565000 832.5 801.777 810.046 2444.32
1566000 827.768 797.9 805.742 2431.41
1567000 834.634 805.94 811.679 2452.25
1568000 831.981 802.71 808.575 2443.27
1569000 833.347 801.17 804.476 2438.99
1570000 834.745 800.715 804.097 2439.56
1571000 831.548 798.431 801.246 2431.22
1572000 837.922 802.2 806.634 2446.76
1573000 836.118 798.414 804.386 2438.92
1574000 835.81 796.995 806.158 2438.96
1575000 842.666 801.829 814.762 2459.26
1576000 849.776 806.067 820.793 2476.64
1577000 845.397 801.347 816.084 2462.83
1578000 847.95 804.994 818.18 2471.12
1579000 845.283 802.436 815.788 2463.51
1580000 844.78 801.626 814.889 2461.3
1581000 846.527 801.716 816.271 2464.51
1582000 850.184 804.038 819.788 2474.01
1583000 853.458 805.88 824.038 2483.38
1584000 854.11 802.851 821.883 2478.84
1585000 856.415 804.963 824.043 2485.42
1586000 857.12 807.353 825.912 2490.38
1587000 857.676 808.446 827.142 2493.26
1588000 857.669 807.995 825.39 2491.05
1589000 862.215 813.229 831.387 2506.83
1590000 862.605 813.833 829.248 2505.69
1591000 860.755 814.219 827.108 2502.08
1592000 863.44 816.687 830.958 2511.08
1593000 865.413 818.55 830.187 2514.15
1594000 864.64 818.271 829.149 2512.06
1595000 866.289 820.582 831.277 2518.15
1596000 871.546 822.297 835.346 2529.19
1597000 868.285 817.539 832.125 2517.95
1598000 866.939 816.894 831.486 2515.32
1599000 874.245 823.426 838.948 2536.62
1600000 875.733 823.829 839.378 2538.94
1601000 876.164 821.616 840.906 2538.69
1602000 883.254 828.36 848.818 2560.43
1603000 880.456 823.982 846.617 2551.06
1604000 880.865 824.312 846.182 2551.36
1605000 878.489 822.11 842.861 2543.46
1606000 883.823 826.961 848.375 2559.16
1607000 886.318 828.019 847.721 2562.06
1608000 885.567 828.391 847.555 2561.51
1609000 885.674 829.538 851.688 2566.9
1610000 892.29 832.347 856.28 2580.92
1611000 893.69 832.019 857.813 2583.52
1612000 891.497 826.831 855.871 2574.2
1613000 891.932 826.439 855.97 2574.34
1614000 894.154 830.294 857.798 2582.25
1615000 894.692 831.806 858.38 2584.88
1616000 894.628 832.641 856.841 2584.11
1617000 896.91 833.493 858.601 2589
1618000 903.417 838.11 862.716 2604.24
1619000 904.16 838.992 864.191 2607.34
1620000 904.037 838.652 865.205 2607.89
1621000 901.634 836.526 861.767 2599.93
1622000 905.104 838.705 862.456 2606.26
1623000 905.956 839.815 864.155 2609.93
1624000 903.658 839.086 863.482 2606.23
1625000 901.932 837.545 860.416 2599.89
1626000 907.743 842.15 864.096 2613.99
1627000 906.282 842.523 863.824 2612.63
1628000 911.867 845.312 868.835 2626.01
1629000 912.337 845.805 869.522 2627.66
1630000 912.162 847.714 872.415 2632.29
1631000 910.526 847.411 873.341 2631.28
1632000 906.516 843.751 871.13 2621.4
1633000 910.131 848.004 873.7 2631.83
1634000 915.112 847.766 876.044 2638.92
1635000 916.048 847.999 877.089 2641.14
1636000 918.883 850.769 879.154 2648.81
1637000 920.201 851.437 878.926 2650.56
1638000 917.184 849.827 878.003 2645.01
1639000 913.792 846.345 877.823 2637.96
1640000 914.05 845.616 878.581 2638.25
1641000 918.33 847.281 881.98 2647.59
1642000 918.126 848.464 880.611 2647.2
1643000 919.689 850.415 882.177 2652.28
1644000 918.71 849.268 881.06 2649.04
1645000 922.408 852.987 884.592 2659.99
1646000 924.926 856.78 886.923 2668.63
1647000 923.638 853.14 881.85 2658.63
1648000 925.793 856.065 885.121 2666.98
1649000 928.771 857.686 887.64 2674.1
1650000 931.429 858.38 889.681 2679.49
1651000 932.905 860.489 890.694 2684.09
1652000 933.265 860.54 890.203 2684.01
1653000 933.753 859.838 889.009 2682.6
1654000 937.414 863.005 891.193 2691.61
1655000 937.521 863.218 890.442 2691.18
1656000 940.479 865.677 892.61 2698.77
1657000 938.833 863.139 891.179 2693.15
1658000 941.087 864.141 891.945 2697.17
1659000 945.863 866.928 896.311 2709.1
1660000 943.107 865.206 895.538 2703.85
1661000 946.661 871.131 901.091 2718.88
1662000 949.913 874.337 902.469 2726.72
1663000 941.861 866.851 895.778 2704.49
1664000 945.466 869.34 901.021 2715.83
1665000 951.017 874.44 907.809 2733.27
1666000 949.336 875.347 908.189 2732.87
1667000 947.137 876.69 908.6 2732.43
1668000 949.286 877.09 909.806 2736.18
1669000 953.036 876.665 909.899 2739.6
1670000 956.298 880.004 913.893 2750.2
1671000 960.448 884.106 917.681 2762.23
1672000 964.331 885.329 919.117 2768.78
1673000 962.906 887.209 919.978 2770.09
1674000 958.004 887.004 920.856 2765.86
1675000 952.545 883.107 915.816 2751.47
1676000 951.958 884.397 916.806 2753.16
1677000 954.1 887.913 918.319 2760.33
1678000 955.38 889.502 920.073 2764.96
1679000 959.111 892.149 925.075 2776.34
1680000 960.521 893.42 927.061 2781
1681000 959.344 894.487 926.582 2780.41
1682000 959.908 897.509 929.805 2787.22
1683000 966.583 897.741 930.39 2794.71
1684000 963.881 891.578 926.493 2781.95
1685000 968.273 893.466 931.759 2793.5
1686000 972.677 896.15 935.923 2804.75
1687000 973.821 895.93 938.366 2808.12
1688000 974.609 896.846 937.873 2809.33
1689000 972.008 893.573 934.494 2800.08
1690000 978.409 899.48 939.204 2817.09
1691000 981.217 903.332 942.033 2826.58
1692000 981.067 902.439 941.605 2825.11
1693000 980.163 899.764 939.577 2819.5
1694000 982.972 902.659 942.768 2828.4
1695000 982.944 904.25 944.143 2831.34
1696000 982.102 903.564 942.968 2828.63
1697000 982.763 900.91 939.973 2823.65
1698000 987.965 902.793 942.873 2833.63
1699000 994.228 908.934 948.2 2851.36
1700000 995.389 909.946 948.849 2854.18
1701000 992.309 907.713 943.624 2843.65
1702000 997.821 912.898 947.757 2858.48
1703000 1000.33 915.139 949.1 2864.57
1704000 1001.14 913.837 950.737 2865.71
1705000 995.962 907.975 947.205 2851.14
1706000 995.095 907.218 947.009 2849.32
1707000 999.787 910.234 951.559 2861.58
1708000 1004.75 916.354 960.033 2881.14
1709000 1007.42 919.723 963.223 2890.37
1710000 1000.65 914.416 959.429 2874.5
1711000 997.638 911.142 956.259 2865.04
1712000 1001.99 913.433 961.064 2876.49
1713000 1001.16 911.147 960.761 2873.07
1714000 1003.16 913.5 961.586 2878.24
1715000 1003.55 914.631 961.901 2880.09
1716000 996.747 910.01 956.213 2862.97
1717000 998.338 912.694 961.288 2872.32
1718000 1001.88 917.275 964.266 2883.42
1719000 1003.04 918.365 964.25 2885.65
1720000 1005.28 919.892 964.385 2889.56
1721000 1008.43 925.141 968.361 2901.93
1722000 1005.11 923.197 964.966 2893.28
1723000 1012.77 928.901 970.218 2911.89
1724000 1010.33 928.781 971.746 2910.86
1725000 1009.83 928.647 970.318 2908.8
1726000 1009.98 926.831 971.098 2907.9
1727000 1011.14 930.176 970.783 2912.1
1728000 1017.93 935.872 975.548 2929.35
1729000 1016.21 935.518 976.323 2928.05
1730000 1014.05 932.023 973.465 2919.54
1731000 1012.23 929.801 971.882 2913.91
1732000 1013.45 932.484 974.613 2920.55
1733000 1013.22 932.563 977.315 2923.1
1734000 1015.19 935.238 980.463 2930.89
1735000 1013.43 935.382 980.607 2929.42
1736000 1016.6 937.068 984.249 2937.92
1737000 1017.42 938.263 983.995 2939.68
1738000 1017.23 937.167 981.358 2935.75
1739000 1016.86 935.275 977.362 2929.5
1740000 1021 938.793 981.249 2941.04
1741000 1024.54 940.618 984.749 2949.91
1742000 1023.6 938.038 981.148 2942.79
1743000 1023.8 934.691 979.824 2938.31
1744000 1027.81 936.689 982.525 2947.03
1745000 1031.62 940.752 989.216 2961.58
1746000 1035.07 942.772 992.778 2970.62
1747000 1031.83 943.694 990.493 2966.02
1748000 1027.27 940.147 984.781 2952.2
1749000 1031.3 944.363 987.551 2963.22
1750000 1030.88 945.527 991.223 2967.63
1751000 1028.24 943.866 989.7 2961.81
1752000 1031.73 946.49 991.515 2969.74
1753000 1035.47 947.909 991.804 2975.19
1754000 1039.57 951.029 995.869 2986.47
1755000 1037.63 950.382 994.721 2982.73
1756000 1036.65 948.896 993.106 2978.65
1757000 1039.78 951.954 995.732 2987.47
1758000 1040.11 954.252 999.481 2993.84
1759000 1044.53 957.368 999.954 3001.85
1760000 1042.83 954.789 996.917 2994.54
1761000 1043.74 956.027 997.535 2997.3
1762000 1047.87 960.01 1001.74 3009.61
1763000 1049.37 961.411 1004.49 3015.28
1764000 1045.38 956.244 998.19 2999.81
1765000 1048.95 956.997 997.1 3003.04
1766000 1052.32 962.65 1000.66 3015.64
1767000 1052.48 963.4 997.7 3013.58
1768000 1049.54 962.429 993.04 3005.01
1769000 1050.23 963.942 992.974 3007.15
1770000 1050.56 964.451 993.234 3008.24
1771000 1048.12 963.248 991.83 3003.2
1772000 1053.27 970.525 997.142 3020.93
1773000 1054.29 971.674 995.228 3021.19
1774000 1057.94 977.642 1000.26 3035.84
1775000 1052.86 976.012 997.27 3026.14
1776000 1052.7 977.884 1000.66 3031.24
1777000 1055.04 980.131 1001.36 3036.53
1778000 1055.72 983.099 1001.8 3040.62
1779000 1053.97 985.707 998.557 3038.23
1780000 1052.19 986.585 998.78 3037.56
1781000 1051.39 986.674 999.111 3037.17
1782000 1048.28 985.084 997.434 3030.8
1783000 1047.54 984.001 996.356 3027.9
1784000 1054.05 990.208 1000.77 3045.03
1785000 1051.6 987.093 998.081 3036.77
1786000 1057.03 989.153 1000.65 3046.83
1787000 1058.12 990.904 999.89 3048.91
1788000 1059.1 989.047 1000.18 3048.33
1789000 1058.41 987.919 998.272 3044.6
1790000 1063.72 993.241 1001.65 3058.62
1791000 1065.72 996.215 1002.08 3064.02
1792000 1067.86 997.762 1003.46 3069.08
1793000 1071.92 999.441 1005.32 3076.68
1794000 1077.39 1005.44 1008.34 3091.18
1795000 1074.58 1005.28 1008.91 3088.78
1796000 1075.69 1002.98 1007.13 3085.8
1797000 1078.07 998.163 1005.38 3081.61
1798000 1077.68 996.236 1007.05 3080.97
1799000 1076.98 997.007 1007.26 3081.25
1800000 1072.19 993.44 1004.13 3069.76
1801000 1075.35 996.779 1005.35 3077.47
1802000 1075.01 997.221 1004.14 3076.36
1803000 1081.2 1004.94 1011.75 3097.89
1804000 1081.16 1005.81 1011.65 3098.62
1805000 1078.94 1001.76 1007.98 3088.68
1806000 1087.28 1006.83 1010.23 3104.34
1807000 1095.59 1012.36 1016.4 3124.35
1808000 1093.78 1011.35 1012.29 3117.43
1809000 1095.1 1012.06 1012.7 3119.85
1810000 1096.88 1014.8 1014.29 3125.96
1811000 1099.63 1015.62 1015.89 3131.14
1812000 1103.05 1017.8 1019.62 3140.47
1813000 1094.4 1011.48 1014.48 3120.35
1814000 1091.45 1011.26 1015.2 3117.91
1815000 1103.34 1022.61 1025.36 3151.32
1816000 1101.88 1022.82 1023.88 3148.58
1817000 1091.63 1014.25 1016.51 3122.4
1818000 1101.06 1021.47 1025.42 3147.94
1819000 1099.37 1018.71 1025.24 3143.32
1820000 1099.84 1018.82 1024.49 3143.15
1821000 1103.51 1021.93 1027.8 3153.24
1822000 1105.7 1021.65 1029.32 3156.67
1823000 1104.31 1020.66 1028.47 3153.44
1824000 1109.66 1025.38 1028.74 3163.78
1825000 1112.31 1027.03 1030.91 3170.25
1826000 1114.32 1028.8 1031.15 3174.27
1827000 1115.5 1030.84 1032.73 3179.06
1828000 1118.96 1032.46 1033.99 3185.41
1829000 1118.5 1030.98 1032.16 3181.64
1830000 1117.17 1031.59 1032.75 3181.5
1831000 1124.65 1038.63 1038.96 3202.24
1832000 1125.22 1037.46 1035.9 3198.58
1833000 1129.89 1042.13 1039.41 3211.43
1834000 1125.28 1041.36 1036.56 3203.2
1835000 1126.16 1041.81 1037.06 3205.02
1836000 1118.25 1033.87 1028.94 3181.06
1837000 1117.35 1030.74 1027.63 3175.72
1838000 1119.55 1033.01 1030.83 3183.39
1839000 1126.33 1038.24 1034.26 3198.83
1840000 1126.24 1041.74 1036.27 3204.25
1841000 1122.29 1040.52 1033.38 3196.19
1842000 1123.16 1041.32 1033.71 3198.19
1843000 1127.79 1049.34 1038.9 3216.03
1844000 1124.8 1046.94 1035.81 3207.55
1845000 1122.3 1045.12 1030.99 3198.41
1846000 1125.59 1046.52 1033.82 3205.93
1847000 1127.36 1047.64 1036.78 3211.79
1848000 1129.33 1049.18 1035.85 3214.35
1849000 1133.97 1050.31 1036.77 3221.04
1850000 1134.32 1051.56 1039.74 3225.62
1851000 1135.89 1052.64 1042.12 3230.65
1852000 1134.51 1055.3 1040.72 3230.54
1853000 1130.32 1052.84 1037.13 3220.29
1854000 1126.77 1048.12 1035.44 3210.32
1855000 1133.83 1050.94 1041.15 3225.92
1856000 1137.14 1053.63 1045.56 3236.33
1857000 1133.78 1047.68 1040.34 3221.8
1858000 1137.86 1051.52 1044.79 3234.17
1859000 1135.28 1052.81 1044.71 3232.81
1860000 1142.51 1055.76 1046.73 3245
1861000 1138.34 1051.25 1042.07 3231.66
1862000 1138.81 1052.04 1044.16 3235
1863000 1136.81 1051.31 1045.75 3233.87
1864000 1140.33 1052.54 1050.29 3243.16
1865000 1150.69 1061.24 1060.31 3272.24
1866000 1140.86 1053.82 1055.62 3250.3
1867000 1144.18 1060.57 1061.52 3266.28
1868000 1149.14 1065.28 1063.71 3278.14
1869000 1147.48 1061.22 1058.89 3267.59
1870000 1146.43 1059.22 1057.42 3263.06
1871000 1152.1 1066.02 1062.64 3280.76
1872000 1151.94 1064.45 1064.15 3280.55
1873000 1152.69 1064.85 1063.58 3281.12
1874000 1155.69 1069.09 1066.32 3291.1
1875000 1159.67 1074.18 1070.01 3303.86
1876000 1161.18 1079.33 1073.16 3313.67
1877000 1159.9 1078.31 1071.92 3310.12
1878000 1155.84 1075.02 1068.52 3299.38
1879000 1154.08 1073.73 1067.37 3295.17
1880000 1155.23 1074.29 1070.21 3299.73
1881000 1156.75 1076.32 1072.08 3305.14
1882000 1157.57 1078.1 1076.21 3311.89
1883000 1148.53 1070.39 1066.91 3285.84
1884000 1148.17 1072.43 1068.99 3289.59
1885000 1152.56 1078.02 1073.11 3303.69
1886000 1153.9 1077.03 1071.16 3302.1
1887000 1157.23 1080.95 1073.33 3311.52
1888000 1152.66 1079.41 1070.2 3302.27
1889000 1158.2 1084.07 1076.03 3318.31
1890000 1161.08 1087.38 1082.25 3330.71
1891000 1159.93 1088.27 1081.21 3329.41
1892000 1161.33 1090.86 1082.88 3335.07
1893000 1166.06 1095.16 1085.52 3346.73
1894000 1171.05 1098.12 1088.37 3357.54
1895000 1168.01 1094.88 1085.64 3348.53
1896000 1167.78 1096.74 1088.17 3352.69
1897000 1167.96 1097.09 1087.69 3352.73
1898000 1162.25 1092.06 1083.49 3337.8
1899000 1162.09 1095.02 1083.31 3340.42
1900000 1168.01 1099.22 1086.71 3353.94
1901000 1173.44 1100.06 1089.51 3363.01
1902000 1177.35 1101.1 1091.64 3370.08
1903000 1176.71 1101.99 1092.77 3371.46
1904000 1173.92 1101.62 1091.37 3366.91
1905000 1177.13 1105.75 1093.39 3376.28
1906000 1179.42 1108.6 1096.44 3384.47
1907000 1179.17 1107.67 1097.83 3384.67
1908000 1179.73 1108.41 1099.11 3387.25
1909000 1180.04 1108.36 1101.75 3390.15
1910000 1182.22 1110.69 1103.68 3396.6
1911000 1186.51 1114.99 1107.99 3409.48
1912000 1186.87 1116.71 1108.78 3412.36
1913000 1187.59 1121.17 1111.39 3420.15
1914000 1187.66 1122.48 1112.02 3422.16
1915000 1185.86 1116.09 1104.9 3406.85
1916000 1186.49 1114.55 1102.69 3403.73
1917000 1181.11 1110.81 1101.14 3393.06
1918000 1185.76 1114.54 1107.4 3407.7
1919000 1181.09 1112.15 1105.79 3399.02
1920000 1178.18 1107.44 1100.66 3386.28
1921000 1185.15 1111.52 1105.67 3402.34
1922000 1189.62 1114.38 1106.08 3410.09
1923000 1192.69 1116.47 1106.3 3415.46
1924000 1193.64 1116.07 1108.02 3417.74
1925000 1193.77 1114.62 1106.98 3415.38
1926000 1195.27 1115.42 1108.68 3419.36
1927000 1196.58 1116.18 1108.61 3421.37
1928000 1195.53 1114.74 1106.51 3416.79
1929000 1198.05 1113.69 1106.96 3418.7
1930000 1200.16 1116.35 1107 3423.51
1931000 1200.44 1117.97 1109.62 3428.03
1932000 1202.39 1119.56 1112.12 3434.07
1933000 1203.9 1119.14 1113.06 3436.1
1934000 1205.22 1125.85 1116.16 3447.22
1935000 1206.32 1127.38 1115.45 3449.16
1936000 1198.1 1118.78 1108.91 3425.8
1937000 1199.78 1120.53 1112.79 3433.1
1938000 1206.24 1126.38 1116.52 3449.14
1939000 1204.48 1123.62 1115.15 3443.25
1940000 1207.6 1128.72 1120.65 3456.97
1941000 1211.36 1133.48 1126.48 3471.32
1942000 1209.06 1132.68 1125.3 3467.04
1943000 1203.67 1127.2 1119.97 3450.84
1944000 1203.62 1126.56 1118.84 3449.02
1945000 1209.92 1130.96 1122.66 3463.55
1946000 1209.27 1132.85 1123.03 3465.15
1947000 1210.96 1132.87 1121.99 3465.82
1948000 1207.7 1130.73 1119.87 3458.31
1949000 1209.78 1132.91 1119.45 3462.15
1950000 1215.12 1140.54 1125.34 3481
1951000 1213.06 1136.73 1123.51 3473.3
1952000 1220.73 1142.56 1128.35 3491.64
1953000 1216.91 1137.39 1123.61 3477.91
1954000 1221.13 1140.56 1127.43 3489.12
1955000 1223.15 1142.46 1129.48 3495.09
1956000 1226.21 1145.23 1130.29 3501.73
1957000 1231.73 1148.98 1133.28 3513.98
1958000 1229.49 1146.61 1130.95 3507.04
1959000 1230.78 1145.46 1127.79 3504.03
1960000 1237.8 1150.43 1131.75 3519.99
1961000 1234.66 1148.1 1127.36 3510.12
1962000 1240.19 1153.29 1132.67 3526.15
1963000 1234.91 1148.99 1130.56 3514.46
1964000 1229.42 1143.78 1128.76 3501.96
1965000 1235.25 1149.41 1132.44 3517.1
1966000 1235.66 1149.22 1129.79 3514.66
1967000 1238.24 1151.14 1129.51 3518.88
1968000 1237.06 1148.92 1127.42 3513.41
1969000 1237.2 1149.24 1130 3516.44
1970000 1231.46 1145.93 1127.03 3504.41
1971000 1233.21 1146.77 1129.08 3509.06
1972000 1238.47 1151.49 1135.14 3525.09
1973000 1236.94 1150.28 1133.35 3520.57
1974000 1242.1 1156.49 1134.49 3533.09
1975000 1242.61 1155.59 1134.05 3532.25
1976000 1239.44 1154.54 1131.12 3525.1
1977000 1241.14 1159.02 1133.78 3533.95
1978000 1235.6 1153.32 1130.69 3519.61
1979000 1237.67 1156.19 1132.02 3525.88
1980000 1240.41 1159.1 1132.46 3531.96
1981000 1242.11 1162.85 1134.88 3539.83
1982000 1242.48 1164.47 1135.79 3542.74
1983000 1243.28 1164.57 1136.38 3544.23
1984000 1242.7 1164.38 1138.35 3545.43
1985000 1242.76 1168.06 1141.12 3551.95
1986000 1243.18 1167.89 1142.89 3553.96
1987000 1250.25 1174.16 1149.79 3574.2
1988000 1253.44 1177.72 1156.74 3587.89
1989000 1246.37 1167.5 1149.13 3562.99
1990000 1254.58 1174.1 1154.58 3583.27
1991000 1253.16 1170.01 1153.29 3576.45
1992000 1253.33 1169.05 1152.78 3575.16
1993000 1256.25 1173.1 1154.5 3583.86
1994000 1254.96 1174.28 1154.46 3583.7
1995000 1258.02 1178.09 1158.58 3594.69
1996000 1258.48 1179.96 1163.61 3602.05
1997000 1256.04 1179.17 1163.35 3598.56
1998000 1255.07 1178.29 1161.93 3595.3
1999000 1253.44 1178.37 1163.96 3595.78
2000000 1253.52 1176.71 1163.12 3593.35
2001000 1256.42 1177.1 1164.03 3597.55
2002000 1261.98 1183.34 1170.81 3616.14
2003000 1259.24 1184.87 1167.65 3611.76
2004000 1256.64 1185.49 1163.74 3605.88
2005000 1251.05 1183.15 1157.62 3591.82
2006000 1251.07 1183.64 1157.35 3592.06
2007000 1250.28 1183.78 1157.61 3591.67
2008000 1254.14 1187.49 1159.56 3601.19
2009000 1261.24 1193.1 1165.46 3619.8
2010000 1256.85 1187.24 1160.68 3604.77
2011000 1264.41 1192.07 1164.13 3620.61
2012000 1262.74 1192.04 1164.2 3618.98
2013000 1262.27 1195.74 1164.55 3622.56
2014000 1260.67 1195.38 1162.97 3619.01
2015000 1258.73 1196.3 1164.71 3619.74
2016000 1260.73 1197.42 1168.86 3627.01
2017000 1267.82 1201.37 1171.72 3640.91
2018000 1264.93 1199.45 1169.54 3633.92
2019000 1266.95 1200.16 1170.4 3637.5
2020000 1268.22 1202.96 1172.36 3643.54
2021000 1259.04 1194.1 1163.17 3616.31
2022000 1258.35 1193.17 1163.1 3614.62
2023000 1264.04 1198.67 1168.73 3631.44
2024000 1265.68 1198.12 1167.93 3631.73
2025000 1268.96 1199.38 1168.65 3636.99
2026000 1270.23 1202.84 1170.45 3643.51
2027000 1270.03 1204.03 1176.16 3650.21
2028000 1270.1 1204.49 1178.07 3652.65
2029000 1272.22 1207.22 1178.56 3658
2030000 1272.1 1209.02 1178.2 3659.32
2031000 1261.26 1199.47 1171.23 3631.96
2032000 1261.98 1201.46 1173.67 3637.11
2033000 1269.78 1204.77 1176.25 3650.79
2034000 1266.81 1202.16 1171.41 3640.38
2035000 1268.5 1198.73 1168.26 3635.5
2036000 1270.13 1198.25 1169.25 3637.63
2037000 1274.48 1202.27 1171.61 3648.36
2038000 1279.41 1206.06 1177.74 3663.22
2039000 1278.53 1205.79 1177.23 3661.55
2040000 1281.17 1208.14 1179.9 3669.2
2041000 1283.01 1209.78 1182.28 3675.07
2042000 1277.33 1206.2 1181.65 3665.18
2043000 1277.31 1206.27 1184.32 3667.9
2044000 1282.79 1209.3 1189.31 3681.39
2045000 1276.09 1205.44 1189.81 3671.34
2046000 1276.27 1205.88 1192.34 3674.5
2047000 1278.76 1207.2 1193.83 3679.79
2048000 1282.36 1212.24 1199.42 3694.02
2049000 1277.44 1210.27 1198.2 3685.91
2050000 1277.16 1213.15 1200.99 3691.31
2051000 1278.26 1212.78 1203.48 3694.52
2052000 1273.87 1210.22 1202.57 3686.66
2053000 1272.83 1207.24 1200.54 3680.61
2054000 1279.21 1212.79 1206.08 3698.08
2055000 1277.91 1211.12 1204.53 3693.56
2056000 1282.53 1213.53 1205.93 3701.98
2057000 1285.12 1214.72 1205 3704.83
2058000 1282.69 1211.9 1204.88 3699.46
2059000 1291.19 1217.64 1212.67 3721.5
2060000 1284.62 1213.23 1211.03 3708.89
2061000 1283.01 1210.2 1207.07 3700.28
2062000 1287.14 1213.22 1208.62 3708.98
2063000 1287.59 1212.67 1206.6 3706.85
2064000 1286.41 1209.61 1203.23 3699.25
2065000 1293.99 1214.86 1207.74 3716.59
2066000 1294.42 1219.16 1208.9 3722.48
2067000 1296.27 1220.41 1210.12 3726.79
2068000 1295.22 1220.16 1208.9 3724.27
2069000 1292.17 1219.68 1207.96 3719.81
2070000 1287.77 1219.37 1205.36 3712.5
2071000 1291.58 1224.49 1209.52 3725.59
2072000 1297.07 1230.12 1213.95 3741.14
2073000 1293.42 1228.22 1209.06 3730.7
2074000 1292.31 1230.48 1209.67 3732.45
2075000 1297.07 1235.72 1213.51 3746.3
2076000 1298.86 1237.05 1213.95 3749.86
2077000 1296.63 1235.21 1213.08 3744.91
2078000 1298.57 1234.09 1214.04 3746.71
2079000 1302.86 1237.03 1216.5 3756.39
2080000 1300.87 1236.51 1214.31 3751.69
2081000 1298.81 1235.22 1213.99 3748.02
2082000 1300.63 1237.71 1217.18 3755.51
2083000 1298.83 1240.66 1219.88 3759.37
2084000 1296.97 1242.33 1221.17 3760.47
2085000 1298.73 1245.45 1224.48 3768.66
2086000 1299.12 1243.32 1222.73 3765.17
2087000 1307.21 1246.25 1226.72 3780.18
2088000 1304.03 1244.36 1222.94 3771.34
2089000 1312.28 1252.49 1231.24 3796.01
2090000 1308.1 1248.29 1225.81 3782.19
2091000 1313.04 1251.11 1230.02 3794.16
2092000 1311.1 1247.34 1227.39 3785.83
2093000 1311.6 1249.49 1230.24 3791.32
2094000 1309.16 1248.28 1230.53 3787.96
2095000 1310.9 1252.13 1234.58 3797.61
2096000 1307.05 1250.93 1229.48 3787.45
2097000 1320.58 1262.22 1241.27 3824.07
2098000 1316.13 1258.22 1235.33 3809.68
2099000 1315.57 1258.28 1234.77 3808.63
2100000 1317.53 1257.44 1232.98 3807.96
2101000 1317.47 1258.93 1232.24 3808.64
2102000 1323.83 1264.2 1240.2 3828.23
2103000 1317.75 1260.27 1235.73 3813.75
2104000 1309.44 1255.6 1231.5 3796.54
2105000 1306.94 1254.17 1230.57 3791.68
2106000 1308.74 1253.64 1230.02 3792.39
2107000 1314.14 1261.25 1237.77 3813.15
2108000 1305.28 1255.02 1229.79 3790.09
2109000 1309.65 1255.73 1234.17 3799.54
2110000 1311.71 1254.66 1237.19 3803.56
2111000 1309.48 1254.72 1239.69 3803.89
2112000 1311.43 1257.78 1242.47 3811.68
2113000 1313.33 1259.6 1243.13 3816.06
2114000 1310.21 1257.84 1240.41 3808.47
2115000 1315.81 1261.06 1245.21 3822.08
2116000 1315.99 1261.57 1245.31 3822.87
2117000 1312.48 1254.8 1242.69 3809.97
2118000 1315.48 1254.61 1244.3 3814.39
2119000 1316.44 1254.26 1246.61 3817.31
2120000 1322.14 1259.46 1254.37 3835.98
2121000 1318.97 1255.19 1250.97 3825.12
2122000 1319.14 1253.79 1250.9 3823.83
2123000 1327.75 1263.29 1258.16 3849.21
2124000 1323.2 1260.65 1256.26 3840.1
2125000 1324.26 1260.52 1254.33 3839.1
2126000 1325.69 1260.82 1256.18 3842.7
2127000 1324.04 1258.19 1254.77 3837
2128000 1322.67 1256.58 1249.6 3828.84
2129000 1323.4 1258.66 1251.86 3833.93
2130000 1319.49 1256.54 1249.28 3825.32
2131000 1324.89 1261.39 1253.14 3839.41
2132000 1326.97 1264.89 1252.87 3844.73
2133000 1322.23 1259.55 1246.76 3828.53
2134000 1324.96 1263.45 1251.28 3839.7
2135000 1325.18 1265.42 1252.4 3843
2136000 1324.03 1269.1 1254.78 3847.9
2137000 1330.27 1275.45 1261.35 3867.08
2138000 1337.36 1282.18 1268.74 3888.28
2139000 1333.79 1279.31 1264.33 3877.43
2140000 1328.52 1275.14 1260.64 3864.3
2141000 1327.38 1273.82 1259.2 3860.4
2142000 1332.67 1276.5 1262.44 3871.61
2143000 1335.51 1278.81 1263.92 3878.24
2144000 1335.77 1275.49 1266.26 3877.52
2145000 1336.09 1271.42 1265.8 3873.31
2146000 1332.79 1265.97 1265.4 3864.15
2147000 1337.11 1270.48 1273.62 3881.21
2148000 1339.76 1270.27 1278.6 3888.64
2149000 1343.46 1271.71 1282.49 3897.66
2150000 1345.14 1272.73 1282.35 3900.22
2151000 1346.51 1272.96 1283.89 3903.37
2152000 1344.24 1273.04 1282.47 3899.75
2153000 1347.06 1276.15 1286.35 3909.57
2154000 1346.98 1278.6 1288.06 3913.65
2155000 1349.21 1280.8 1292.55 3922.56
2156000 1348.9 1277.14 1291.85 3917.89
2157000 1351.71 1279.41 1291.11 3922.22
2158000 1347.44 1281.16 1289.12 3917.73
2159000 1348.42 1284.15 1291.49 3924.05
2160000 1346.77 1281.11 1289.83 3917.71
2161000 1344.85 1279.69 1290.8 3915.34
2162000 1344.84 1278.96 1290.7 3914.5
2163000 1342.57 1278.13 1288.08 3908.78
2164000 1347.06 1283.71 1293.64 3924.42
2165000 1351.95 1289.89 1302.67 3944.52
2166000 1347.49 1289.26 1299.25 3936
2167000 1346.89 1291.33 1297.91 3936.13
2168000 1343.87 1286.14 1291.31 3921.32
2169000 1347.8 1287.25 1290.89 3925.94
2170000 1348.39 1286.87 1292.42 3927.68
2171000 1354.13 1296.35 1301.18 3951.66
2172000 1355.03 1299.12 1302.16 3956.31
2173000 1352.99 1301.57 1300.84 3955.4
2174000 1350.66 1300.56 1299.62 3950.83
2175000 1352.79 1304.91 1301.89 3959.59
2176000 1352.49 1307.64 1304.39 3964.52
2177000 1356.28 1309.81 1313.07 3979.17
2178000 1360.56 1314.74 1316.51 3991.81
2179000 1356.9 1313.34 1311.82 3982.06
2180000 1357.12 1315.34 1309.08 3981.54
2181000 1362.49 1318.33 1311.81 3992.63
2182000 1364.21 1319.19 1312.09 3995.49
2183000 1359.11 1314.97 1304.89 3978.96
2184000 1364.61 1322.04 1309.11 3995.76
2185000 1363.95 1319.77 1306.74 3990.46
2186000 1365.79 1320.69 1308.08 3994.55
2187000 1366.35 1324.26 1311.89 4002.51
2188000 1369.46 1327.57 1314.53 4011.56
2189000 1365.78 1323.93 1310.08 3999.78
2190000 1373.32 1330.8 1314.34 4018.46
2191000 1367.25 1326.48 1311.25 4004.98
2192000 1366.4 1321.65 1309.11 3997.16
2193000 1379.8 1332.35 1319.2 4031.35
2194000 1372.45 1325.69 1314.31 4012.44
2195000 1375.71 1328.16 1316.86 4020.73
2196000 1371.96 1325.7 1313.78 4011.44
2197000 1376.86 1330.12 1318.44 4025.42
2198000 1380.01 1335.21 1321.27 4036.49
2199000 1381 1335.23 1319.53 4035.77
2200000 1383.24 1335.17 1320.07 4038.48
2201000 1382.05 1335.59 1321.37 4039.01
2202000 1384.11 1338.29 1325.65 4048.05
2203000 1380.47 1336.39 1320.69 4037.54
2204000 1392.41 1348.57 1331.6 4072.58
2205000 1387.53 1343.75 1326.34 4057.61
2206000 1393.33 1350.09 1326.91 4070.33
2207000 1400.51 1357.7 1331.58 4089.8
2208000 1403.27 1355.16 1332.95 4091.38
2209000 1402.86 1355.49 1332.41 4090.76
2210000 1407.35 1359.19 1337.68 4104.22
2211000 1406.16 1352.74 1334.24 4093.13
2212000 1416.65 1361.99 1344.54 4123.17
2213000 1410.57 1357.15 1336.73 4104.45
2214000 1406.13 1357.44 1333.07 4096.63
2215000 1410.77 1359.53 1334.7 4105
2216000 1406.36 1355.75 1332.6 4094.7
2217000 1407.18 1355.46 1332.39 4095.03
2218000 1417.05 1364.74 1338.55 4120.35
2219000 1407.74 1356.47 1330.91 4095.12
2220000 1417.46 1363.44 1336.94 4117.84
2221000 1421.05 1364.82 1338.5 4124.36
2222000 1425.38 1369.19 1342.38 4136.95
2223000 1417.94 1364.14 1335.91 4117.99
2224000 1415.1 1361.94 1335.52 4112.56
2225000 1419.17 1365.87 1339.97 4125.01
2226000 1428.28 1370.71 1343.58 4142.57
2227000 1424.14 1366.43 1339.96 4130.53
2228000 1425.23 1367.99 1339.64 4132.86
2229000 1434.69 1378.78 1348.41 4161.88
2230000 1431.48 1375.95 1346.8 4154.22
2231000 1431.95 1377.13 1348.87 4157.95
2232000 1428.33 1374.56 1346.76 4149.65
2233000 1427 1373.72 1346.18 4146.9
2234000 1421.43 1369.41 1343.75 4134.6
2235000 1426.16 1377.45 1350.62 4154.24
2236000 1429.78 1379.81 1351.88 4161.47
2237000 1428.86 1381.05 1350.83 4160.74
2238000 1427.32 1379.82 1351.11 4158.24
2239000 1431.75 1382.8 1355.36 4169.91
2240000 1436.83 1387.05 1361.82 4185.7
2241000 1435.68 1388.18 1358.54 4182.4
2242000 1433.83 1386.89 1358.55 4179.27
2243000 1439.92 1387.73 1362.3 4189.95
2244000 1439.38 1385.69 1358.94 4184.01
2245000 1437.49 1383.43 1360.05 4180.97
2246000 1429.34 1377.12 1351.86 4158.32
2247000 1429.44 1379.54 1351.72 4160.7
2248000 1434.94 1380.47 1354.55 4169.96
2249000 1439.25 1382.13 1358.8 4180.17
2250000 1437.04 1379.7 1357.38 4174.12
2251000 1440.33 1383.46 1358.8 4182.59
2252000 1438.23 1383.16 1358.48 4179.87
2253000 1438.6 1383.59 1358.42 4180.61
2254000 1434.86 1381.5 1357.32 4173.69
2255000 1440.23 1390.35 1364.9 4195.49
2256000 1437.58 1388.08 1362.68 4188.34
2257000 1439.41 1389.46 1363.53 4192.4
2258000 1437.71 1390.55 1362.81 4191.07
2259000 1440.82 1392.06 1363.98 4196.86
2260000 1441.86 1390.15 1363.81 4195.82
2261000 1451.94 1400.64 1370.69 4223.27
2262000 1451.55 1400.77 1370.31 4222.63
2263000 1454.66 1402.3 1376.18 4233.14
2264000 1444.84 1392.92 1370.47 4208.23
2265000 1444.76 1392.49 1369.84 4207.1
2266000 1451.5 1396.76 1371.51 4219.77
2267000 1455.28 1401.3 1375.82 4232.4
2268000 1453.21 1401.93 1374.16 4229.3
2269000 1451.63 1403.87 1373.21 4228.71
2270000 1444.58 1396.89 1364.6 4206.08
2271000 1447.06 1399.15 1367.89 4214.1
2272000 1462.54 1414.53 1383.58 4260.65
2273000 1456.13 1406.43 1376.17 4238.72
2274000 1454.03 1402.28 1372.67 4228.98
2275000 1462.38 1407.65 1373.64 4243.68
2276000 1462.44 1405.28 1373.22 4240.94
2277000 1453.6 1396.76 1364.9 4215.26
2278000 1464.01 1406.22 1374.69 4244.92
2279000 1465.16 1406.92 1376.6 4248.68
2280000 1467.65 1410.48 1379.93 4258.06
2281000 1464.44 1407.91 1378.9 4251.24
2282000 1469.38 1414.3 1384.29 4267.97
2283000 1468.69 1418.2 1382.95 4269.84
2284000 1474.53 1425.58 1389.08 4289.19
2285000 1477.93 1424.55 1391.96 4294.44
2286000 1470.17 1415.21 1385.7 4271.08
2287000 1463.45 1410.33 1380.48 4254.26
2288000 1473.11 1418.33 1387.15 4278.59
2289000 1470.85 1416.44 1383.54 4270.83
2290000 1473.78 1424.16 1387.3 4285.24
2291000 1477.68 1428.63 1391.17 4297.49
2292000 1473.39 1424.01 1388 4285.4
2293000 1478.94 1426.17 1390.85 4295.96
2294000 1475.42 1423.15 1389.29 4287.86
2295000 1476.05 1422.23 1388.25 4286.53
2296000 1478.9 1422.79 1390 4291.69
2297000 1477.56 1420.92 1388.98 4287.47
2298000 1487.66 1428.18 1396.36 4312.2
2299000 1478.62 1421.83 1391.87 4292.33
2300000 1480.87 1425.49 1396.27 4302.63
2301000 1483.29 1428.48 1399.12 4310.9
2302000 1481.1 1425.2 1396.9 4303.21
2303000 1487.92 1431.66 1403.11 4322.69
2304000 1482.27 1426.51 1396.99 4305.77
2305000 1482.09 1429.89 1398.32 4310.29
2306000 1483.93 1432.4 1400.37 4316.69
2307000 1491.65 1440.53 1412.35 4344.53
2308000 1484.91 1435.85 1408.82 4329.58
2309000 1482.02 1434.93 1409.5 4326.45
2310000 1484.42 1434.71 1413.68 4332.81
2311000 1489.58 1437.02 1420.28 4346.89
2312000 1498.17 1444.82 1430.94 4373.93
2313000 1492.09 1435.87 1426.92 4354.88
2314000 1484.43 1426.18 1419.34 4329.94
2315000 1494.49 1441.42 1429.51 4365.42
2316000 1498.34 1445.48 1432.41 4376.22
2317000 1501.18 1445.56 1431.63 4378.38
2318000 1508.22 1448.14 1434.37 4390.73
2319000 1497.29 1438.71 1422.6 4358.6
2320000 1499.29 1442.44 1422.38 4364.12
2321000 1504.37 1447.55 1425.42 4377.34
2322000 1510.09 1452.06 1428.33 4390.48
2323000 1513.64 1453.92 1430.49 4398.05
2324000 1512.94 1455.86 1428.71 4397.52
2325000 1510.89 1456.15 1430.55 4397.59
2326000 1516.2 1458.65 1434.47 4409.33
2327000 1518.92 1466.48 1440.46 4425.86
2328000 1521.55 1469.03 1443.41 4433.99
2329000 1523.18 1472.12 1445.37 4440.66
2330000 1516.16 1466.26 1439.14 4421.56
2331000 1503.56 1453.47 1426.23 4383.26
2332000 1511.7 1458.6 1433.31 4403.61
2333000 1509.79 1454.63 1432.77 4397.18
2334000 1509.76 1456.42 1438 4404.17
2335000 1514.97 1460.29 1445.97 4421.23
2336000 1508.12 1455.14 1441.66 4404.91
2337000 1512.19 1458.93 1443.85 4414.97
2338000 1507.21 1455.44 1439.15 4401.8
2339000 1513.58 1464.47 1447.88 4425.92
2340000 1516.87 1467.7 1451.55 4436.12
2341000 1520.57 1472.01 1454.66 4447.24
2342000 1519.39 1468.82 1453.72 4441.92
2343000 1524.02 1470.35 1454.86 4449.22
2344000 1529.31 1471.93 1457.25 4458.48
2345000 1533.67 1475.39 1460.85 4469.91
2346000 1532.83 1475.63 1459.97 4468.43
2347000 1536.98 1480.31 1462.96 4480.26
2348000 1531.9 1476.83 1459.12 4467.85
2349000 1531.56 1476.3 1458.52 4466.38
2350000 1529.09 1473.48 1454.72 4457.28
2351000 1534.26 1477.54 1458 4469.81
2352000 1540.1 1481.33 1461.08 4482.51
2353000 1540.25 1480.57 1459.75 4480.57
2354000 1539.59 1481.8 1459.1 4480.5
2355000 1538.35 1480.13 1458.75 4477.23
2356000 1537.84 1478.12 1460.59 4476.55
2357000 1537.14 1475.36 1460.53 4473.03
2358000 1545.03 1482.07 1466.69 4493.79
2359000 1544.72 1480.38 1460.94 4486.04
2360000 1545.52 1482.71 1462.75 4490.97
2361000 1546.84 1481.83 1461.74 4490.42
2362000 1548.76 1487.36 1465.77 4501.89
2363000 1550.74 1489.79 1470.84 4511.38
2364000 1546.04 1488.2 1469.1 4503.34
2365000 1556.17 1495.44 1478.25 4529.85
2366000 1545.73 1487.03 1471.07 4503.83
2367000 1542.5 1485.81 1466.2 4494.51
2368000 1545.21 1490.81 1468.54 4504.56
2369000 1549.36 1492.89 1472.35 4514.61
2370000 1549.99 1493.57 1472.79 4516.35
2371000 1547.86 1488.91 1469.28 4506.04
2372000 1550.2 1488.4 1467.35 4505.95
2373000 1557.35 1496.75 1472.21 4526.32
2374000 1556.51 1497.2 1467.02 4520.74
2375000 1558.69 1498.06 1466.7 4523.44
2376000 1559.81 1498.84 1467.62 4526.27
2377000 1565.26 1502.4 1473.5 4541.16
2378000 1560.66 1500.83 1472.07 4533.56
2379000 1558.64 1503.11 1472.49 4534.24
2380000 1565.56 1509.1 1479.67 4554.34
2381000 1565.61 1508.88 1481.79 4556.27
2382000 1568.28 1507.81 1486.76 4562.86
2383000 1571.5 1509.23 1493.22 4573.95
2384000 1570.89 1509.93 1491.23 4572.06
2385000 1572.91 1509.11 1488.12 4570.14
2386000 1576.96 1511.77 1493.48 4582.21
2387000 1579.8 1515.42 1497.48 4592.7
2388000 1581.22 1516.76 1499.39 4597.37
2389000 1571.22 1509.41 1493.63 4574.26
2390000 1579.49 1514.33 1502.13 4595.95
2391000 1572.08 1510.32 1498.07 4580.47
2392000 1574.92 1513.8 1503.66 4592.37
2393000 1571.81 1512.4 1502.66 4586.87
2394000 1577.44 1518.58 1508.01 4604.03
2395000 1573.2 1513.85 1505.64 4592.68
2396000 1576.8 1519.1 1508.85 4604.75
2397000 1581.06 1522.63 1511.04 4614.73
2398000 1584.44 1524.9 1515.7 4625.04
2399000 1585.71 1526.48 1517.66 4629.84
2400000 1582.25 1522.91 1515.75 4620.91
2401000 1580.26 1521.71 1513.04 4615.01
2402000 1585.47 1524.84 1515.84 4626.16
2403000 1580.89 1522.16 1511.53 4614.58
2404000 1584.32 1527.57 1514.21 4626.1
2405000 1581.04 1529.98 1516.39 4627.42
2406000 1581.24 1528.33 1514.93 4624.5
2407000 1583.79 1531.28 1516.45 4631.53
2408000 1591.16 1539.11 1523.62 4653.89
2409000 1590.03 1534.85 1520.69 4645.57
2410000 1592.74 1534.71 1526.83 4654.28
2411000 1592.65 1533.96 1527.78 4654.39
2412000 1596.86 1539.52 1531.66 4668.05
2413000 1592.48 1535.35 1523.27 4651.1
2414000 1591.22 1533.24 1521.91 4646.36
2415000 1592.56 1535.29 1524.56 4652.41
2416000 1603.83 1544.43 1534.59 4682.84
2417000 1607.33 1543.94 1534.59 4685.86
2418000 1603.27 1538.73 1526.94 4668.95
2419000 1600.21 1535.97 1524.84 4661.02
2420000 1600.51 1535.45 1523.91 4659.86
2421000 1606.51 1538.2 1529.66 4674.37
2422000 1613.84 1545.74 1538.85 4698.44
2423000 1615.73 1545.73 1541.86 4703.32
2424000 1619.15 1545.22 1544.31 4708.67
2425000 1620.4 1543.26 1546.06 4709.72
2426000 1613.73 1537.97 1543.79 4695.48
2427000 1619 1543.77 1548.34 4711.1
2428000 1623.58 1547.73 1552.1 4723.4
2429000 1625.15 1548.42 1554.53 4728.09
2430000 1627.5 1551.65 1558.3 4737.45
2431000 1624.77 1549.16 1554.89 4728.82
2432000 1619.77 1551.65 1554.81 4726.24
2433000 1615.25 1549.57 1553.75 4718.58
2434000 1622.11 1553.59 1559.68 4735.38
2435000 1630.17 1559.95 1565.54 4755.66
2436000 1621.47 1552.8 1557.42 4731.7
2437000 1631.11 1558.51 1565.34 4754.96
2438000 1630.54 1551.81 1559.89 4742.24
2439000 1636.59 1553.83 1563.37 4753.79
2440000 1637.17 1557.11 1565.86 4760.15
2441000 1637.23 1561.33 1566.22 4764.78
2442000 1636.93 1560.57 1565.3 4762.8
2443000 1642.7 1564.61 1571.33 4778.63
2444000 1640.34 1561.8 1567.01 4769.15
2445000 1635.08 1559 1561.85 4755.93
2446000 1640.08 1558.54 1560.67 4759.28
2447000 1647.91 1562.02 1569 4778.93
2448000 1645.75 1561.66 1565.76 4773.17
2449000 1650.56 1567.2 1570.29 4788.04
2450000 1651.48 1567.46 1570.83 4789.77
2451000 1656.72 1573.43 1575.16 4805.31
2452000 1654.24 1573.09 1572.83 4800.16
2453000 1654.18 1575.15 1573.09 4802.43
2454000 1652.96 1573.57 1572.6 4799.14
2455000 1654.77 1578.57 1577.14 4810.49
2456000 1657.84 1579.99 1578.26 4816.08
2457000 1655.7 1574.15 1574.45 4804.3
2458000 1658.67 1573.14 1577.39 4809.21
2459000 1660.15 1575.35 1580.61 4816.11
2460000 1660.14 1575.8 1582.04 4817.99
2461000 1665.82 1580.73 1585.15 4831.7
2462000 1664.68 1578.28 1586.92 4829.89
2463000 1659.59 1575.05 1585.96 4820.59
2464000 1662.26 1577.05 1590.84 4830.15
2465000 1656.3 1574.25 1587.37 4817.91
2466000 1651.42 1572.2 1586.29 4809.92
2467000 1656.91 1580.45 1597.05 4834.42
2468000 1658.47 1583.02 1600.53 4842.03
2469000 1655.73 1581.37 1600.74 4837.84
2470000 1651.77 1579.24 1600 4831
2471000 1657.58 1583.34 1608.43 4849.35
2472000 1651.27 1581.72 1608.51 4841.5
2473000 1653.04 1587.41 1612.82 4853.28
2474000 1656.43 1592.36 1621.95 4870.74
2475000 1652.29 1591.89 1620.75 4864.93
2476000 1649.95 1589.8 1618.57 4858.32
2477000 1651.15 1590.94 1618.51 4860.6
2478000 1649.46 1590.45 1616.81 4856.71
2479000 1648.26 1588.47 1618.09 4854.83
2480000 1655.87 1597.19 1627.47 4880.53
2481000 1655.37 1598.28 1630.48 4884.14
2482000 1656.64 1601.82 1629.42 4887.89
2483000 1663.91 1608.11 1636.14 4908.17
2484000 1663.57 1606.95 1635.75 4906.28
2485000 1655.78 1596.99 1625.19 4877.96
2486000 1657.9 1599.85 1627.23 4884.97
2487000 1649.37 1593.67 1619.51 4862.55
2488000 1643.32 1591.8 1615.22 4850.35
2489000 1650.89 1598.8 1625.24 4874.93
2490000 1655.65 1599.35 1627.49 4882.49
2491000 1666.29 1608.26 1639.43 4913.98
2492000 1666.65 1610.75 1640.02 4917.42
2493000 1658.43 1605.75 1632.86 4897.03
2494000 1664.87 1612.07 1641.87 4918.82
2495000 1660.1 1605.95 1637.74 4903.79
2496000 1656.11 1601.82 1631.61 4889.54
2497000 1659.81 1603.56 1631.49 4894.86
2498000 1664.66 1608.55 1637.17 4910.38
2499000 1667.88 1608.3 1641.35 4917.53
2500000 1668.42 1604.34 1640.47 4913.23
2501000 1668.79 1604.88 1640.22 4913.9
2502000 1674.98 1613.89 1647.02 4935.89
2503000 1675.67 1614.83 1648.09 4938.59
2504000 1675.27 1612.88 1644.51 4932.65
2505000 1676.48 1614.54 1646.34 4937.36
2506000 1677.23 1612.46 1643.56 4933.25
2507000 1686.15 1616.26 1649.19 4951.61
2508000 1683.5 1616.4 1644.39 4944.29
2509000 1692.05 1624.8 1649.83 4966.68
2510000 1695.57 1625.63 1648.29 4969.5
2511000 1689.3 1619.4 1639.23 4947.93
2512000 1699.39 1628.87 1646.35 4974.62
2513000 1692.81 1622.54 1638.85 4954.2
2514000 1690.04 1621.67 1637.1 4948.8
2515000 1695.15 1624.54 1639.41 4959.1
2516000 1701.29 1630.28 1645.47 4977.04
2517000 1698.94 1624.99 1644.37 4968.3
2518000 1709.12 1630.98 1653.39 4993.49
2519000 1712.46 1635.94 1657.65 5006.05
2520000 1715.37 1641.31 1659.21 5015.89
2521000 1709.21 1636.28 1656.04 5001.53
2522000 1712.23 1637.88 1662.56 5012.66
2523000 1714.72 1636.64 1664.31 5015.67
2524000 1704.68 1634.56 1658.52 4997.76
2525000 1695.99 1630.28 1654.95 4981.22
2526000 1700.36 1636.37 1658.48 4995.21
2527000 1696.9 1631.47 1656.14 4984.51
2528000 1695.96 1631.44 1656.66 4984.07
2529000 1700.4 1638.15 1664.8 5003.35
2530000 1700.87 1637.76 1666.4 5005.03
2531000 1706.88 1638.12 1669.96 5014.96
2532000 1719.77 1643.5 1682.61 5045.88
2533000 1715.34 1639.43 1681.1 5035.87
2534000 1706.52 1626.27 1670.3 5003.09
2535000 1725.52 1642.02 1686.28 5053.82
2536000 1721.17 1636.08 1678.46 5035.71
2537000 1724.48 1637.68 1683.09 5045.25
2538000 1713.69 1634.76 1680.46 5028.91
2539000 1714.66 1637.29 1686.52 5038.48
2540000 1712.05 1637.09 1688.21 5037.34
2541000 1711.27 1635.69 1687.69 5034.66
2542000 1715.06 1638.37 1689.19 5042.62
2543000 1711.6 1632.96 1683.27 5027.83
2544000 1711.59 1632.16 1683.34 5027.09
2545000 1714.32 1636.13 1685.42 5035.87
2546000 1717.12 1637.15 1686.32 5040.59
2547000 1723.54 1645.63 1691.9 5061.08
2548000 1719 1642.84 1685.98 5047.82
2549000 1720.95 1645.15 1685.13 5051.23
2550000 1729.89 1650.15 1692.36 5072.41
2551000 1733.79 1653.68 1698.64 5086.11
2552000 1736.08 1652.18 1700.03 5088.3
2553000 1734.59 1652.74 1697.42 5084.75
2554000 1732.25 1650.16 1692.51 5074.92
2555000 1725.48 1641.91 1686.7 5054.1
2556000 1729.56 1643.29 1689.85 5062.71
2557000 1726.59 1640.01 1690.13 5056.73
2558000 1733.24 1645.56 1696.22 5075.02
2559000 1735.8 1647.82 1696.93 5080.54
2560000 1735.31 1648.44 1696.09 5079.84
2561000 1725.18 1637.13 1687.74 5050.05
2562000 1734.94 1651.14 1701.17 5087.25
2563000 1723.47 1645.57 1690.36 5059.4
2564000 1728.66 1651.17 1696.76 5076.59
2565000 1730.19 1653.86 1701.15 5085.21
2566000 1731.76 1655.82 1705.23 5092.8
2567000 1733.23 1658.33 1705.53 5097.09
2568000 1738.51 1665.12 1710.06 5113.69
2569000 1733.52 1662.8 1706.9 5103.22
2570000 1737.04 1664.62 1711.82 5113.48
2571000 1737.48 1666.6 1716.46 5120.54
2572000 1739.29 1668.49 1718.22 5126.01
2573000 1740.54 1671.84 1722.84 5135.22
2574000 1739.86 1678.37 1726.38 5144.61
2575000 1730.42 1667.44 1716.66 5114.52
2576000 1728.34 1667.02 1716.22 5111.57
2577000 1730.4 1669.9 1716.68 5116.98
2578000 1730.93 1671.91 1718.2 5121.05
2579000 1737.01 1676.59 1721.07 5134.68
2580000 1741.78 1679.4 1722.41 5143.59
2581000 1752.59 1689.45 1729.62 5171.66
2582000 1748.83 1681.73 1727.7 5158.26
2583000 1748.86 1678.73 1726.49 5154.08
2584000 1751.78 1684.23 1729.82 5165.83
2585000 1753.59 1680.94 1730 5164.53
2586000 1755.08 1682.9 1731.85 5169.83
2587000 1747.22 1679.01 1725.61 5151.84
2588000 1738.18 1670.87 1717.52 5126.57
2589000 1749.94 1681.84 1727.58 5159.36
2590000 1746.16 1680.89 1727.8 5154.85
2591000 1747.51 1678.62 1725.94 5152.07
2592000 1748.65 1680.8 1727.07 5156.51
2593000 1743.65 1676.03 1720.04 5139.73
2594000 1745.29 1682.75 1725.45 5153.49
2595000 1742.34 1681.64 1722.82 5146.8
2596000 1754.89 1693.78 1734.08 5182.76
2597000 1754.77 1689.8 1733.97 5178.54
2598000 1751.93 1685.87 1729.91 5167.71
2599000 1751.45 1681.52 1726.17 5159.14
2600000 1756.88 1686.5 1733.4 5176.77
