# Time-averaged data for fix thermo_avg_npt
# TimeStep v_epsilon_co v_temp v_press v_pe v_ke v_etotal v_vol v_dens
101000 0.4 299.522 32.9994 -20825.6 3350.75 -17474.8 54619.3 1.04446
102000 0.4 300.383 -182.271 -20888.7 3360.38 -17528.3 54622.7 1.0444
103000 0.4 299.858 -176.162 -20854.6 3354.5 -17500.1 54765.2 1.04168
104000 0.4 300.132 126.775 -20934.2 3357.57 -17576.6 54242.7 1.05171
105000 0.4 299.547 -14.1012 -20823.4 3351.03 -17472.4 55006.8 1.03712
106000 0.4 300.588 70.0244 -20889.5 3362.67 -17526.8 55104.6 1.03526
107000 0.4 299.773 -71.1869 -20876.4 3353.55 -17522.9 54763.5 1.04172
108000 0.4 301.215 15.4654 -20792.8 3369.69 -17423.1 54412.8 1.04842
109000 0.4 301.279 70.0125 -20865.4 3370.4 -17495 54369 1.04927
110000 0.4 301.341 -119.156 -20816.3 3371.1 -17445.2 54368.1 1.04928
111000 0.4 298.552 -165.693 -20772.4 3339.9 -17432.5 54465.7 1.0474
112000 0.4 298.946 242.966 -20792.5 3344.31 -17448.2 54336.5 1.04989
113000 0.4 299.102 55.1295 -20806 3346.05 -17459.9 54648.7 1.0439
114000 0.4 300.321 -191.917 -20845.4 3359.69 -17485.7 54668.6 1.04352
115000 0.4 298.8 75.0613 -20861.9 3342.67 -17519.2 54551.6 1.04575
116000 0.4 301.671 189.045 -20827.8 3374.79 -17453 54638.8 1.04408
117000 0.4 300.173 142.189 -20822.1 3358.03 -17464.1 54938.6 1.03841
118000 0.4 300.677 -460.597 -20859.4 3363.67 -17495.7 55635.1 1.02539
119000 0.4 301.988 2.69995 -20861.4 3378.33 -17483.1 54876.6 1.03959
120000 0.4 300.147 -328.641 -20965.7 3357.74 -17607.9 54306.8 1.05047
121000 0.4 299.928 -251.536 -20902.1 3355.29 -17546.8 54583.5 1.04515
122000 0.4 300.003 178.963 -20864.2 3356.13 -17508.1 54601 1.04481
123000 0.4 300.749 -40.5702 -20815.3 3364.47 -17450.8 54347.9 1.04967
124000 0.4 301.486 159.801 -20826.8 3372.71 -17454.1 54509.9 1.04656
125000 0.4 300.692 -253.071 -20801.5 3363.83 -17437.6 54742 1.04212
126000 0.4 301.427 122.899 -20816.8 3372.06 -17444.7 54645.3 1.04396
127000 0.4 300.218 -75.7229 -20854.1 3358.54 -17495.6 54881 1.03948
128000 0.4 300.363 2.71192 -20818.7 3360.15 -17458.6 54860.9 1.03986
129000 0.4 300.309 -149.427 -20865.9 3359.56 -17506.3 54413.3 1.04842
130000 0.4 301.996 163.91 -20925.7 3378.42 -17547.3 54342.5 1.04978
131000 0.4 299.51 -140.911 -20869.6 3350.61 -17518.9 54985.2 1.03751
132000 0.4 302.425 -33.166 -20883.3 3383.23 -17500.1 54835.6 1.04035
133000 0.4 300.977 148.453 -20865.2 3367.03 -17498.2 54734.6 1.04226
134000 0.4 300.882 -140.784 -20790.6 3365.96 -17424.7 54906.9 1.03899
135000 0.4 298.592 54.6578 -20919.6 3340.34 -17579.3 54578 1.04525
136000 0.4 299.7 -79.9069 -20926.7 3352.74 -17573.9 54403.1 1.04861
137000 0.4 298.54 -226.472 -20877.2 3339.76 -17537.5 54561.8 1.04556
138000 0.4 302.419 -138.049 -20896.7 3383.16 -17513.6 54768.9 1.0416
139000 0.4 299.252 -77.2913 -20897.3 3347.73 -17549.5 54731 1.04232
140000 0.4 300.961 89.7514 -20901.4 3366.84 -17534.6 54657.9 1.04372
141000 0.4 299.504 -0.856024 -20834.1 3350.54 -17483.6 54998 1.03726
142000 0.4 299.77 71.112 -20882.1 3353.52 -17528.6 54929.7 1.03855
143000 0.4 299.857 17.7777 -20839.2 3354.49 -17484.8 54770.8 1.04157
144000 0.4 299.48 89.1951 -20851.5 3350.28 -17501.2 54356 1.04952
145000 0.4 299.497 -54.6298 -20816.3 3350.47 -17465.8 54699.1 1.04294
146000 0.4 300.344 -250.397 -20842.3 3359.94 -17482.4 54830.5 1.04044
147000 0.4 300.032 363.264 -20807.9 3356.45 -17451.5 54515.3 1.04645
148000 0.4 299.66 -202.95 -20812 3352.29 -17459.7 55031.9 1.03663
149000 0.4 300.032 -223.2 -20891.8 3356.46 -17535.4 54993.9 1.03735
150000 0.4 298.948 272.934 -20925.7 3344.32 -17581.4 54409.8 1.04848
151000 0.4 299.059 -221.249 -20897.4 3345.57 -17551.8 54947.1 1.03824
152000 0.4 299.055 -79.9584 -20853.6 3345.52 -17508.1 54942 1.03832
153000 0.4 301.045 64.142 -20839.3 3367.78 -17471.5 54709.6 1.04273
154000 0.4 300.268 34.7579 -20872.5 3359.09 -17513.4 54554.4 1.0457
155000 0.4 299.989 3.09513 -20831.4 3355.97 -17475.4 54643.4 1.044
156000 0.4 299.272 -222.924 -20798.4 3347.95 -17450.4 54907.1 1.03898
157000 0.4 300.404 47.3018 -20880.1 3360.61 -17519.5 54263.6 1.05132
158000 0.4 300.387 164.944 -20818.7 3360.43 -17458.3 54574.3 1.04533
159000 0.4 298.725 -226.462 -20796.3 3341.83 -17454.5 55100.2 1.03534
160000 0.4 300.809 -109.146 -20852.4 3365.14 -17487.2 54987.1 1.03747
161000 0.4 297.676 120.509 -20853.4 3330.1 -17523.3 54563.8 1.04553
162000 0.4 298.862 46.6815 -20888.7 3343.37 -17545.3 54238.1 1.0518
163000 0.4 300.994 -324.304 -20884.2 3367.22 -17516.9 54532.5 1.04612
164000 0.4 297.824 -169.277 -20835.2 3331.75 -17503.4 54780.6 1.04138
165000 0.4 299.985 -105.735 -20848.6 3355.92 -17492.7 54763.7 1.0417
166000 0.4 300.338 174.548 -20871.3 3359.87 -17511.4 54732 1.04231
167000 0.4 299.767 278.831 -20838.4 3353.49 -17484.9 54250.7 1.05157
168000 0.4 297.59 -64.1303 -20828.3 3329.13 -17499.1 53988.5 1.05666
169000 0.4 301.052 68.8594 -20839.8 3367.87 -17471.9 54569.2 1.04543
170000 0.4 300.772 -232.142 -20827.2 3364.73 -17462.4 54914.8 1.03884
171000 0.4 299.773 315.164 -20859.2 3353.55 -17505.6 54215.7 1.05224
172000 0.4 301.667 -49.9517 -20852.7 3374.74 -17477.9 54166.5 1.0532
173000 0.4 299.181 -270.159 -20867 3346.94 -17520 54897.6 1.03918
174000 0.4 302.139 -642.636 -20823.6 3380.02 -17443.6 55557.4 1.02682
175000 0.4 300.232 383.143 -20880.7 3358.69 -17522 54472.5 1.04734
176000 0.4 300.011 291.065 -20935.2 3356.22 -17579 54463.3 1.04748
177000 0.4 299.981 -408.556 -20860.1 3355.88 -17504.2 55013.1 1.03698
178000 0.4 299.979 79.1916 -20928.6 3355.86 -17572.7 54389.7 1.04888
179000 0.4 299.77 172.162 -20918.2 3353.52 -17564.7 54218.8 1.05217
180000 0.4 301.008 -36.1184 -20853 3367.37 -17485.6 54478.4 1.04716
181000 0.4 299.171 101.17 -20838.7 3346.82 -17491.9 54353.5 1.04956
182000 0.4 301.028 -154.45 -20826 3367.59 -17458.4 54431 1.04807
183000 0.4 300.315 -42.1426 -20892 3359.62 -17532.4 54602.5 1.04478
184000 0.4 297.568 90.9023 -20912.1 3328.89 -17583.2 54624.5 1.04436
185000 0.4 300.367 -25.3739 -20907.4 3360.2 -17547.2 54455.4 1.0476
186000 0.4 299.998 207.59 -20865.2 3356.07 -17509.2 54346.6 1.0497
187000 0.4 299.969 -148.803 -20908.5 3355.75 -17552.7 54657.1 1.04374
188000 0.4 301.616 -339.043 -20928.7 3374.17 -17554.6 54712.6 1.04267
189000 0.4 298.746 -90.1309 -20954.9 3342.07 -17612.9 54570.2 1.0454
190000 0.4 301.325 116.05 -20851.8 3370.92 -17480.9 54463.1 1.04745
191000 0.4 300.565 -193.22 -20878.3 3362.41 -17515.9 54816.9 1.04069
192000 0.4 299.253 -204.592 -20863.1 3347.74 -17515.4 55057.3 1.03615
193000 0.4 298.766 29.5725 -20901.9 3342.29 -17559.6 54655 1.04379
194000 0.4 301.782 352.992 -20862.4 3376.03 -17486.4 54121.2 1.05407
195000 0.4 298.978 -207.97 -20852 3344.66 -17507.4 54937.7 1.03843
196000 0.4 300.499 -148.267 -20851.3 3361.67 -17489.7 55082.1 1.03569
197000 0.4 298.87 191.965 -20883.5 3343.45 -17540.1 54794.3 1.04112
198000 0.4 299.332 30.5553 -20793 3348.62 -17444.4 54864.1 1.0398
199000 0.4 300.784 -30.5292 -20854 3364.86 -17489.1 54611.9 1.04461
200000 0.4 301.959 89.9888 -20840.9 3378.01 -17462.9 54412.2 1.04843
201000 0.4 300.922 -361.603 -20789.8 3366.41 -17423.4 54479.6 1.04713
202000 0.4 299.397 -358.148 -20842.5 3349.35 -17493.2 54578.3 1.04524
203000 0.4 300.197 325.249 -20917.4 3358.3 -17559.1 54244.4 1.05168
204000 0.4 303.202 -163.568 -20892.7 3391.92 -17500.8 54577.3 1.04527
205000 0.4 299.598 -317.933 -20797.9 3351.6 -17446.3 54724.2 1.04247
206000 0.4 300.284 372.322 -20867.9 3359.27 -17508.7 53982.7 1.05678
207000 0.4 299.726 -87.9593 -20845.7 3353.03 -17492.7 54633.5 1.04422
208000 0.4 301.32 -239.604 -20873.7 3370.87 -17502.8 54840.6 1.04025
209000 0.4 300.433 262.816 -20897.7 3360.94 -17536.8 54490.1 1.04693
210000 0.4 299.399 -71.1834 -20886.1 3349.37 -17536.7 54715.4 1.04262
211000 0.4 300.84 9.31242 -20922.6 3365.49 -17557.1 54586 1.0451
212000 0.4 300.577 72.0528 -20914.6 3362.55 -17552 54683.8 1.04323
213000 0.4 300.026 -178.601 -20888.2 3356.38 -17531.8 55014 1.03696
214000 0.4 300.018 -246.569 -20931.8 3356.29 -17575.5 55169.1 1.03405
215000 0.4 299.463 -420.437 -20879.5 3350.08 -17529.5 55075.5 1.03581
216000 0.4 301.054 432.709 -20894.2 3367.88 -17526.3 54429.7 1.04811
217000 0.4 301.394 44.7942 -20891.1 3371.69 -17519.4 54550.8 1.04577
218000 0.4 298.91 31.49 -20986.3 3343.9 -17642.4 54788.1 1.04125
219000 0.4 300.033 27.0108 -20844.8 3356.47 -17488.3 54640.4 1.04408
220000 0.4 298.978 317.833 -20870 3344.66 -17525.3 53905.2 1.0583
221000 0.4 299.634 134.966 -20869.8 3352 -17517.8 54173 1.05308
222000 0.4 302.124 -54.5635 -20855.1 3379.86 -17475.3 54651.1 1.04385
223000 0.4 298.676 -102.127 -20887.6 3341.29 -17546.4 54911.5 1.0389
224000 0.4 301.285 -158.415 -20863.7 3370.46 -17493.2 54519.2 1.0464
225000 0.4 299.07 39.4537 -20860.4 3345.69 -17514.7 54340.2 1.04983
226000 0.4 299.284 -224.516 -20844.2 3348.08 -17496.2 54843.9 1.04018
227000 0.4 297.632 118.516 -20829.4 3329.61 -17499.8 54804.1 1.04094
228000 0.4 300.409 35.2489 -20797.7 3360.66 -17437 54551.9 1.04575
229000 0.4 298.844 56.1834 -20924.6 3343.17 -17581.4 54448.2 1.04774
230000 0.4 299.964 -249.752 -20912.8 3355.69 -17557.1 54917.3 1.03879
231000 0.4 298.246 -81.687 -20889.4 3336.48 -17552.9 54954.4 1.03809
232000 0.4 301.252 -60.6392 -20940.6 3370.1 -17570.5 54765.3 1.04168
233000 0.4 298.78 383.221 -20877.3 3342.45 -17534.9 54624.7 1.04436
234000 0.4 299.669 -367.838 -20851.6 3352.39 -17499.2 55107.2 1.03521
235000 0.4 300.923 157.643 -20881.2 3366.41 -17514.8 54626.9 1.04432
236000 0.4 300.696 166.977 -20901.8 3363.88 -17538 54738.2 1.0422
237000 0.4 299.315 -131.774 -20879.2 3348.43 -17530.8 55197.2 1.03352
238000 0.4 298.732 59.4353 -20904.2 3341.91 -17562.2 54479.1 1.04718
239000 0.4 299.565 215.594 -20875.1 3351.23 -17523.9 54018 1.05608
240000 0.4 299.011 -127.024 -20821.3 3345.04 -17476.2 54601.9 1.0448
241000 0.4 300.104 128.837 -20837.4 3357.26 -17480.2 54587.3 1.04507
242000 0.4 300.498 -26.7494 -20829.7 3361.67 -17468 54906 1.03902
243000 0.4 298.566 -218.812 -20863.1 3340.05 -17523 55316.1 1.0313
244000 0.4 299.981 -251.114 -20830.2 3355.88 -17474.3 55146.2 1.03448
245000 0.4 299.515 157.499 -20867.5 3350.67 -17516.9 54570.1 1.0454
246000 0.4 298.182 -75.7387 -20874.9 3335.76 -17539.1 54313.6 1.05034
247000 0.4 299.933 275.26 -20860.3 3355.34 -17505 54249.3 1.05158
248000 0.4 298.112 37.6443 -20927.9 3334.97 -17593 54555.7 1.04567
249000 0.4 302.176 -26.3594 -20889.6 3380.43 -17509.2 54738.1 1.04219
250000 0.4 297.986 -36.9866 -20785.3 3333.56 -17451.7 54906.9 1.03899
251000 0.4 298.993 -181.98 -20803.6 3344.83 -17458.8 54510.2 1.04656
252000 0.4 300.889 98.1541 -20823.2 3366.04 -17457.1 53903.2 1.05834
253000 0.4 298.852 -227.786 -20847.8 3343.25 -17504.6 54082.3 1.05484
254000 0.4 301.88 -237.761 -20873.7 3377.13 -17496.5 54710.9 1.04272
255000 0.4 299.539 -63.4031 -20817.3 3350.94 -17466.3 54829.8 1.04045
256000 0.4 302.388 232.23 -20830.2 3382.81 -17447.4 54450.3 1.0477
257000 0.4 300.284 213.953 -20938.5 3359.27 -17579.2 54560.6 1.04559
258000 0.4 299.484 -44.7236 -20889.9 3350.32 -17539.6 55286.3 1.03186
259000 0.4 299.863 -7.83622 -20808.4 3354.56 -17453.9 55050.6 1.03629
260000 0.4 298.51 351.363 -20910.7 3339.43 -17571.2 54440.8 1.04788
261000 0.4 300.166 -6.95564 -20818.1 3357.95 -17460.1 54628.6 1.04428
262000 0.4 300.072 131.201 -20856.2 3356.9 -17499.3 54620.5 1.04444
263000 0.4 300.49 -246.758 -20864.4 3361.58 -17502.8 54761.1 1.04176
264000 0.4 300.969 95.7284 -20881.3 3366.93 -17514.4 54287.3 1.05085
265000 0.4 300.68 126.008 -20902.1 3363.7 -17538.4 54443 1.04784
266000 0.4 300.417 70.8397 -20939.4 3360.76 -17578.6 54431.6 1.04806
267000 0.4 299.889 55.6462 -20889.8 3354.85 -17534.9 54235.6 1.05185
268000 0.4 300.499 10.9849 -20817.7 3361.68 -17456 54502.8 1.04669
269000 0.4 299.939 -352.85 -20896.9 3355.41 -17541.5 54863.7 1.03981
270000 0.4 301.27 -162.966 -20890.2 3370.3 -17519.9 54854.4 1.03998
271000 0.4 300.357 -117.924 -20870.8 3360.09 -17510.7 54915 1.03883
272000 0.4 301.112 -16.3457 -20911.3 3368.54 -17542.8 54892.8 1.03926
273000 0.4 298.929 80.3068 -20934.3 3344.12 -17590.2 54574.1 1.04532
274000 0.4 302.171 77.1551 -20896.1 3380.38 -17515.7 54731.3 1.04233
275000 0.4 298.991 -289.975 -20830.6 3344.81 -17485.7 54812.9 1.04078
276000 0.4 299.391 357.681 -20901.4 3349.28 -17552.1 54085.2 1.05478
277000 0.4 299.789 9.5938 -20925.6 3353.74 -17571.9 54247.9 1.05161
278000 0.4 301.199 8.13267 -20930.7 3369.51 -17561.2 54836 1.04034
279000 0.4 300.188 -23.2498 -20939 3358.2 -17580.8 54871.1 1.03967
280000 0.4 299.947 145.775 -20981 3355.5 -17625.5 54248.8 1.0516
281000 0.4 298.428 -99.2359 -20862 3338.51 -17523.5 54443 1.04785
282000 0.4 301.814 -76.7302 -20888.3 3376.39 -17511.9 54862.4 1.03983
283000 0.4 299.074 84.5262 -20846.6 3345.73 -17500.9 54839.2 1.04027
284000 0.4 299.318 -202.265 -20917.7 3348.47 -17569.2 54672 1.04345
285000 0.4 301.088 344.486 -20824.3 3368.26 -17456.1 54350.3 1.04963
286000 0.4 299.98 -47.6581 -20882.8 3355.87 -17526.9 54669.1 1.04352
287000 0.4 301.142 -125.103 -20835.6 3368.87 -17466.7 55167.6 1.03408
288000 0.4 299.146 39.0937 -20905.7 3346.54 -17559.2 55100.4 1.03534
289000 0.4 300.352 248.784 -20870.7 3360.03 -17510.7 54671.2 1.04347
290000 0.4 300.105 -199.054 -20902 3357.26 -17544.7 54883.7 1.03943
291000 0.4 300.893 102.74 -20893.4 3366.08 -17527.3 54729 1.04238
292000 0.4 299.958 183.419 -20908.5 3355.63 -17552.9 54204.6 1.05245
293000 0.4 301.553 30.7449 -20890.5 3373.47 -17517.1 54779.1 1.04142
294000 0.4 299.972 37.0562 -20895.6 3355.78 -17539.8 54806.8 1.04089
295000 0.4 301.009 126.607 -20888 3367.38 -17520.6 54591.6 1.04499
296000 0.4 299.513 50.5487 -20780.3 3350.65 -17429.7 54590.2 1.04501
297000 0.4 300.288 -56.3633 -20801.1 3359.32 -17441.8 54632 1.04421
298000 0.4 299.723 93.3069 -20855.7 3353 -17502.7 54229.9 1.05197
299000 0.4 299.071 190.559 -20869.9 3345.71 -17524.2 54337.3 1.04989
300000 0.4 300.626 -88.7151 -20833.8 3363.09 -17470.7 54626.8 1.04431
301000 0.4 300.194 123.026 -20840.4 3358.26 -17482.1 54634.7 1.04416
302000 0.4 300.141 -99.0106 -20871.7 3357.67 -17514.1 54465.8 1.04742
303000 0.4 299.93 -277.632 -20910.2 3355.31 -17554.9 54676.6 1.04339
304000 0.4 299.815 49.7094 -20871.2 3354.02 -17517.2 54695.3 1.04303
305000 0.4 299.64 254.407 -20839 3352.06 -17486.9 54486.6 1.04701
306000 0.4 300.766 -137.919 -20881.3 3364.66 -17516.6 54464.8 1.04743
307000 0.4 299.622 118.919 -20893.2 3351.87 -17541.3 54180.1 1.05294
308000 0.4 300.653 105.286 -20895.3 3363.4 -17531.9 54717.9 1.04259
309000 0.4 299.677 -408.748 -20841.9 3352.48 -17489.4 54770.7 1.04158
310000 0.4 297.364 47.5437 -20865.2 3326.61 -17538.6 54696.8 1.04301
311000 0.4 299.741 -204.031 -20891.6 3353.19 -17538.4 54455 1.04762
312000 0.4 301.834 -51.9652 -20891.7 3376.61 -17515.1 54564.7 1.04554
313000 0.4 300.178 85.3528 -20904.5 3358.09 -17546.4 54656.1 1.04379
314000 0.4 299.131 222.341 -20875.6 3346.37 -17529.2 54653 1.04384
315000 0.4 301.555 19.6059 -20842.6 3373.49 -17469.1 54590.8 1.04501
316000 0.4 299.376 -59.0488 -20914 3349.12 -17564.9 54699.8 1.04294
317000 0.4 300.266 -111.257 -20874.3 3359.07 -17515.2 54699.5 1.04297
318000 0.4 299.632 -158.62 -20871.9 3351.98 -17519.9 54671.4 1.04348
319000 0.4 299.748 -43.0796 -20860.5 3353.28 -17507.2 54539 1.04602
320000 0.4 299.509 57.6716 -20840.3 3350.6 -17489.7 54415 1.0484
321000 0.4 299.667 114.917 -20918.8 3352.37 -17566.4 54562 1.04559
322000 0.4 301.477 -52.1263 -20832.5 3372.61 -17459.9 54701.6 1.04294
323000 0.4 300.173 21.9118 -20866.3 3358.03 -17508.2 54503.5 1.04669
324000 0.4 301.16 -25.2795 -20869.5 3369.07 -17500.4 54950.7 1.03816
325000 0.4 300.518 8.71747 -20779.4 3361.89 -17417.5 54573 1.04535
326000 0.4 301.253 -75.2859 -20759.4 3370.11 -17389.3 54502.6 1.04671
327000 0.4 300.886 -81.5032 -20754 3366.01 -17388 54938.1 1.03841
328000 0.4 298.163 137.52 -20846.6 3335.55 -17511.1 54792.7 1.04123
329000 0.4 300.302 -61.5675 -20843.4 3359.48 -17484 54386.6 1.04893
330000 0.4 299.876 -220.448 -20846.7 3354.7 -17492 54713.4 1.04269
331000 0.4 300.551 -174.418 -20885.3 3362.26 -17523 54518.1 1.0464
332000 0.4 299.294 -61.7101 -20856.9 3348.2 -17508.7 54676.7 1.04337
333000 0.4 298.215 48.1223 -20855.9 3336.13 -17519.7 54173.4 1.05306
334000 0.4 301.07 -8.64777 -20794.1 3368.07 -17426 54297 1.05066
335000 0.4 300.517 -46.1574 -20806.6 3361.88 -17444.7 54648.4 1.0439
336000 0.4 300.449 -143.917 -20729.7 3361.11 -17368.5 54459.7 1.04754
337000 0.4 299.878 -81.4174 -20848.1 3354.72 -17493.4 54881 1.03949
338000 0.4 299.637 20.0473 -20865.6 3352.04 -17513.5 54819.5 1.04066
339000 0.4 298.208 -175.33 -20836.9 3336.05 -17500.8 54383.9 1.04898
340000 0.4 300.36 144.139 -20845.1 3360.12 -17485 54493.6 1.04688
341000 0.4 300.108 -10.3564 -20841.3 3357.31 -17484 54430.3 1.0481
342000 0.4 299.705 296.683 -20861.3 3352.79 -17508.5 54356.3 1.04951
343000 0.4 300.687 36.8188 -20839.8 3363.78 -17476.1 54841.4 1.04025
344000 0.4 299.267 2.89831 -20819.8 3347.9 -17471.9 54511.3 1.04654
345000 0.4 299.553 44.8441 -20903.1 3351.09 -17552 54815.1 1.04073
346000 0.4 299.463 68.58 -20841.6 3350.08 -17491.5 54514.6 1.04648
347000 0.4 298.828 126.745 -20830.5 3342.98 -17487.5 54557.5 1.04566
348000 0.4 301.436 10.5606 -20830.9 3372.16 -17458.7 54615.6 1.04455
349000 0.4 299.623 12.0864 -20866.5 3351.87 -17514.6 54526.7 1.04624
350000 0.4 302.946 -226.45 -20816 3389.06 -17426.9 54828.4 1.04048
351000 0.4 298.669 -92.4163 -20791.6 3341.2 -17450.4 54902 1.0391
352000 0.4 301.009 80.0731 -20891.7 3367.38 -17524.3 54527.2 1.04623
353000 0.4 301.118 -291.616 -20865.6 3368.6 -17497 54627.4 1.04433
354000 0.4 299.478 136.602 -20857.6 3350.25 -17507.3 54830.5 1.04044
355000 0.4 300.71 173.054 -20819.1 3364.04 -17455.1 54751.2 1.04195
356000 0.4 298.282 -40.5054 -20878 3336.87 -17541.1 54820.9 1.04062
357000 0.4 301.593 184.659 -20851.2 3373.91 -17477.3 54654.3 1.0438
358000 0.4 299.347 70.188 -20849.9 3348.79 -17501.1 54526.1 1.04624
359000 0.4 301.205 256.927 -20852.3 3369.57 -17482.7 54371.7 1.04921
360000 0.4 300.236 -91.2652 -20838.2 3358.73 -17479.5 54503.4 1.04668
361000 0.4 300.217 -101.018 -20810.7 3358.52 -17452.1 54568.4 1.04543
362000 0.4 299.386 135.223 -20830.2 3349.23 -17480.9 54700.1 1.04292
363000 0.4 298.989 1.75879 -20858.3 3344.78 -17513.5 54315.8 1.05031
364000 0.4 302.163 -113.837 -20904.2 3380.29 -17523.9 54546.7 1.04586
365000 0.4 300.773 -88.2234 -20861 3364.74 -17496.3 54774.6 1.04151
366000 0.4 297.82 24.0607 -20827.1 3331.71 -17495.4 54392.3 1.04884
367000 0.4 299.867 229.589 -20803.5 3354.61 -17448.9 54819.3 1.04066
368000 0.4 300.502 -103.798 -20881.7 3361.71 -17520 54708.8 1.04275
369000 0.4 300.539 -43.0907 -20848.6 3362.13 -17486.5 54675.2 1.04342
370000 0.4 300.518 -78.6557 -20879.6 3361.89 -17517.7 54696.4 1.04301
371000 0.4 299.877 112.141 -20870.6 3354.71 -17515.9 54636.6 1.04413
372000 0.4 299.288 61.3642 -20789.3 3348.13 -17441.1 54372.4 1.04922
373000 0.4 298.788 -56.2973 -20856.9 3342.53 -17514.4 54169.1 1.05317
374000 0.4 299.506 -90.7918 -20802.9 3350.57 -17452.3 54405.8 1.04857
375000 0.4 299.435 226.718 -20793.1 3349.77 -17443.3 54524.1 1.04629
376000 0.4 299.396 10.013 -20807.8 3349.34 -17458.5 54563.7 1.04552
377000 0.4 297.104 -61.8675 -20820.1 3323.7 -17496.4 54890.6 1.0393
378000 0.4 299.448 125.098 -20829.2 3349.92 -17479.3 54585.1 1.04511
379000 0.4 299.741 -20.9914 -20916.3 3353.2 -17563.1 54908.1 1.03897
380000 0.4 299.306 -146.397 -20872.8 3348.33 -17524.5 54671.4 1.04355
381000 0.4 298.328 -35.952 -20795.7 3337.39 -17458.3 54480.8 1.04714
382000 0.4 302.229 -122.246 -20875.1 3381.03 -17494 54568.9 1.04544
383000 0.4 299.26 -201.201 -20911.1 3347.81 -17563.3 54531.2 1.04615
384000 0.4 300.121 14.7782 -20859.1 3357.44 -17501.7 54389 1.04889
385000 0.4 298.492 201.155 -20871.4 3339.22 -17532.2 54293.2 1.05074
386000 0.4 300.367 140.577 -20892.6 3360.2 -17532.3 54628.1 1.04429
387000 0.4 301.147 69.0211 -20887 3368.93 -17518.1 54828.7 1.04052
388000 0.4 299.725 -43.049 -20858.4 3353.02 -17505.3 55075.6 1.03583
389000 0.4 299.508 -58.5783 -20825.9 3350.59 -17475.3 54765.4 1.04169
390000 0.4 298.373 235.847 -20775.6 3337.89 -17437.7 54365.2 1.04936
391000 0.4 299.904 -9.43383 -20849.7 3355.02 -17494.6 54858.7 1.0399
392000 0.4 299.869 34.7304 -20896.6 3354.63 -17542 54449.4 1.04772
393000 0.4 299.671 91.8094 -20803.7 3352.42 -17451.3 54870.4 1.03969
394000 0.4 301.282 -243.091 -20801.3 3370.43 -17430.9 54845.9 1.04015
395000 0.4 299.266 -35.8781 -20905 3347.89 -17557.1 54581.2 1.04519
396000 0.4 298.656 114.062 -20880.8 3341.05 -17539.7 54565.4 1.04549
397000 0.4 298.335 194.02 -20816 3337.47 -17478.6 54774.3 1.04151
398000 0.4 300.83 -202.412 -20850 3365.38 -17484.7 54780.7 1.04139
399000 0.4 300.838 -51.8225 -20900.2 3365.47 -17534.7 54449.4 1.04773
400000 0.4 300.838 160.067 -20909.7 3365.46 -17544.3 54499.8 1.04683
401000 0.4 301.826 106.941 -20863.8 3376.52 -17487.3 54954.1 1.0381
402000 0.4 300.224 97.8483 -20810.8 3358.6 -17452.2 54942.5 1.03835
403000 0.4 298.726 -4.84582 -20898.2 3341.85 -17556.3 54585.4 1.04513
404000 0.4 299.198 -197.214 -20881.2 3347.12 -17534.1 54888.9 1.03938
405000 0.4 300.392 -45.3723 -20778 3360.48 -17417.5 54589.8 1.04502
406000 0.4 301.168 -179.122 -20832.5 3369.16 -17463.3 54758.5 1.04181
407000 0.4 300.706 61.6615 -20902.6 3364 -17538.6 54622.3 1.04445
408000 0.4 300.792 74.6124 -20889.4 3364.95 -17524.4 54678.4 1.04334
409000 0.4 299.918 215.33 -20852.8 3355.17 -17497.6 54908.5 1.03896
410000 0.4 300.129 169.37 -20920.9 3357.53 -17563.3 54736.5 1.04224
411000 0.4 298.242 45.7301 -20911 3336.43 -17574.6 54623.3 1.0444
412000 0.4 299.295 -82.8157 -20858.3 3348.21 -17510.1 54743.3 1.04214
413000 0.4 299.73 160.829 -20836.5 3353.08 -17483.5 54782.7 1.04137
414000 0.4 300.049 -128.632 -20817.1 3356.65 -17460.4 54300.3 1.05066
415000 0.4 300.777 -163.837 -20831.9 3364.79 -17467.1 54427.8 1.04813
416000 0.4 298.163 118.528 -20817.5 3335.54 -17481.9 54097.9 1.05453
417000 0.4 300.286 -143.128 -20866.3 3359.29 -17507 54621.5 1.04445
418000 0.4 301.85 -44.27 -20856.5 3376.79 -17479.7 54794.6 1.04113
419000 0.4 300.33 156.553 -20809.9 3359.78 -17450.1 54576.4 1.04529
420000 0.4 300.654 63.6809 -20866 3363.41 -17502.6 54921.8 1.03871
421000 0.4 301.581 40.1743 -20897.1 3373.78 -17523.3 54346.2 1.04972
422000 0.4 300.003 12.1725 -20892.9 3356.13 -17536.7 54587.3 1.04507
423000 0.4 299.412 -134.29 -20863.4 3349.52 -17513.9 54617.5 1.04451
424000 0.4 299.599 -47.674 -20769.9 3351.61 -17418.3 54588.7 1.04506
425000 0.4 299.154 -155.077 -20821.3 3346.63 -17474.7 54654.4 1.04379
426000 0.4 300.47 237.2 -20848.8 3361.36 -17487.4 54646.6 1.04394
427000 0.4 301.419 -137.216 -20810.1 3371.97 -17438.1 54807.4 1.04087
428000 0.4 300.844 5.10884 -20822.1 3365.54 -17456.5 54810.3 1.04088
429000 0.4 300.427 147.042 -20854.8 3360.87 -17494 54880.9 1.0395
430000 0.4 300.335 69.6656 -20822.7 3359.84 -17462.9 54471.3 1.04731
431000 0.4 301.637 -26.293 -20768.7 3374.41 -17394.3 54504.4 1.04666
432000 0.4 299.122 80.2608 -20795.5 3346.27 -17449.2 54636.6 1.04413
433000 0.4 300.01 87.9702 -20918.5 3356.21 -17562.3 54563.8 1.04552
434000 0.4 299.72 -256.746 -20874.8 3352.96 -17521.8 54805.5 1.04093
435000 0.4 300.957 -140.149 -20817.2 3366.8 -17450.4 54498.4 1.04679
436000 0.4 298.937 -7.46835 -20850.3 3344.2 -17506.1 54183.3 1.05287
437000 0.4 301.442 217.1 -20871.8 3372.22 -17499.5 54731.3 1.04234
438000 0.4 300.238 -126.889 -20862.4 3358.76 -17503.6 54783 1.04136
439000 0.4 299.683 49.0558 -20893.2 3352.55 -17540.6 54466.1 1.04741
440000 0.4 298.505 51.6181 -20881.3 3339.37 -17542 54662.6 1.04365
441000 0.4 301.31 105.69 -20843.3 3370.74 -17472.6 54857.9 1.03992
442000 0.4 300.19 217.06 -20847.8 3358.22 -17489.6 54971.1 1.03779
443000 0.4 298.632 89.25 -20842.7 3340.79 -17501.9 55097.7 1.03543
444000 0.4 302.215 -140.3 -20928.1 3380.88 -17547.3 54929.1 1.0386
445000 0.4 300.237 62.7406 -20900.4 3358.75 -17541.6 54829.9 1.04046
446000 0.4 298.611 -1.74994 -20927.7 3340.56 -17587.2 54830 1.04046
447000 0.4 299.331 10.641 -20904.9 3348.61 -17556.3 54957.7 1.03803
448000 0.4 301.143 37.798 -20863.8 3368.88 -17494.9 54881.2 1.03948
449000 0.4 299.371 53.4907 -20903.4 3349.06 -17554.3 54607.7 1.04468
450000 0.4 299.461 -154.424 -20887.1 3350.07 -17537.1 54328.7 1.05005
451000 0.4 303.342 -16.8852 -20860.5 3393.48 -17467 54462.6 1.04748
452000 0.4 301.986 -9.71752 -20877.5 3378.31 -17499.2 54504 1.04668
453000 0.4 300.014 242.097 -20832.8 3356.25 -17476.5 54676.4 1.04337
454000 0.4 298.924 171.586 -20756.9 3344.06 -17412.9 54735.6 1.04227
455000 0.4 298.965 122.551 -20821.3 3344.52 -17476.8 54494.5 1.04685
456000 0.4 299.629 22.7053 -20874.1 3351.94 -17522.2 54751.2 1.04196
457000 0.4 299.944 -52.5229 -20901.1 3355.47 -17545.7 54623 1.0444
458000 0.4 298.306 -97.2277 -20925.7 3337.14 -17588.6 54638.6 1.0441
459000 0.4 300.6 -8.68512 -20859.7 3362.8 -17496.9 54286.4 1.05089
460000 0.4 302.012 111.395 -20826.7 3378.6 -17448.1 54595.6 1.04492
461000 0.4 300.157 55.8051 -20869.8 3357.85 -17512 54908.9 1.039
462000 0.4 300.222 38.356 -20870.6 3358.58 -17512.1 54819.6 1.04065
463000 0.4 299.748 -116.27 -20895.9 3353.28 -17542.6 54899 1.03914
464000 0.4 299.788 92.4667 -20856.7 3353.72 -17502.9 54275.3 1.05109
465000 0.4 300.416 125.611 -20872.3 3360.75 -17511.5 54858.4 1.03991
466000 0.4 300.597 -248.113 -20888.1 3362.77 -17525.4 54598.5 1.04488
467000 0.4 300.766 -13.737 -20869.8 3364.67 -17505.1 54633.6 1.04421
468000 0.4 299.899 12.2996 -20838.3 3354.96 -17483.4 54499.8 1.04675
469000 0.4 300.262 47.6125 -20834.6 3359.03 -17475.6 54668.7 1.04352
470000 0.4 301.008 126.198 -20892.9 3367.37 -17525.6 54787.2 1.0413
471000 0.4 300.32 46.9024 -20852.1 3359.67 -17492.4 54339.5 1.04984
472000 0.4 299.656 163.266 -20913.5 3352.25 -17561.2 54744.6 1.04208
473000 0.4 299.207 3.91604 -20885.1 3347.22 -17537.9 54681.2 1.0433
474000 0.4 298.605 62.9482 -20862.8 3340.49 -17522.4 54767.2 1.04166
475000 0.4 302.905 21.6755 -20875.2 3388.59 -17486.6 54522.9 1.04632
476000 0.4 302.65 267.343 -20865.3 3385.74 -17479.5 54376.3 1.04913
477000 0.4 302.056 -24.6674 -20865 3379.1 -17485.9 54756.6 1.04185
478000 0.4 302.336 104.344 -20909 3382.22 -17526.8 54502.6 1.0467
479000 0.4 300.07 86.5389 -20859.6 3356.87 -17502.8 54544.9 1.04591
480000 0.4 302.025 80.6535 -20842.2 3378.75 -17463.5 54304.9 1.05051
481000 0.4 298.76 -204.603 -20849 3342.23 -17506.8 54610.2 1.04463
482000 0.4 300.871 -137.115 -20860.1 3365.83 -17494.3 54536.9 1.04605
483000 0.4 302.794 32.2652 -20893.8 3387.35 -17506.5 54482.4 1.0471
484000 0.4 300.017 -55.9219 -20838.4 3356.28 -17482.1 54725.9 1.04244
485000 0.4 299.316 74.458 -20860.8 3348.45 -17512.3 54975.3 1.03771
486000 0.4 301.19 -131.499 -20886.4 3369.41 -17517 54999.4 1.03725
487000 0.4 301.454 -6.77809 -20873.5 3372.36 -17501.1 54939.2 1.03839
488000 0.4 300.757 193.115 -20851.2 3364.56 -17486.6 54826.4 1.04052
489000 0.4 298.81 200.488 -20849.6 3342.78 -17506.8 54614.7 1.04455
490000 0.4 300.328 111.154 -20882.7 3359.77 -17522.9 54715.2 1.04264
491000 0.4 299.054 148.842 -20902 3345.51 -17556.5 54489.4 1.04697
492000 0.4 300.307 94.7747 -20848.2 3359.53 -17488.6 54629.3 1.04428
493000 0.4 299.94 10.6434 -20941.9 3355.43 -17586.4 54502.9 1.0467
494000 0.4 300.145 -226.907 -20915.4 3357.72 -17557.6 54605.3 1.04473
495000 0.4 300.853 -69.5612 -20911.6 3365.64 -17545.9 54614.2 1.04459
496000 0.4 299.768 -53.4496 -20922.3 3353.5 -17568.8 54864.4 1.03979
497000 0.4 296.992 26.6902 -20825.4 3322.44 -17503 54559.7 1.0456
498000 0.4 301.038 -152.301 -20892.8 3367.71 -17525 54253.7 1.0515
499000 0.4 298.795 135.713 -20863.1 3342.61 -17520.4 54331.6 1.05
500000 0.4 301.35 -115.447 -20817.1 3371.2 -17445.9 54457.2 1.04759
501000 0.4 300.979 -278.222 -20841.4 3367.05 -17474.3 54909.6 1.03895
502000 0.4 298.662 -8.79536 -20929.1 3341.12 -17588 54476.7 1.04721
503000 0.4 300.975 -15.3411 -20855.9 3367 -17488.9 54535.2 1.04614
504000 0.4 301.751 16.4665 -20817.9 3375.68 -17442.2 54311 1.0504
505000 0.4 299.819 -74.4707 -20880.1 3354.07 -17526 54427.6 1.04815
506000 0.4 300.644 -195.567 -20842.6 3363.3 -17479.3 54499.2 1.04678
507000 0.4 297.817 50.8585 -20917.5 3331.67 -17585.9 54449.6 1.04774
508000 0.4 300.206 159.327 -20879 3358.4 -17520.6 54708.2 1.04276
509000 0.4 300.279 -2.37688 -20847.8 3359.21 -17488.6 54628.4 1.04429
510000 0.4 299.801 -95.6547 -20895.4 3353.87 -17541.5 54835.4 1.04035
511000 0.4 298.594 174.165 -20824.2 3340.36 -17483.9 54587 1.04511
512000 0.4 301.349 -133.568 -20868.8 3371.18 -17497.7 54613.5 1.04457
513000 0.4 301.508 -115.403 -20768.2 3372.97 -17395.3 54576.1 1.04531
514000 0.4 300.296 -151.697 -20887.7 3359.41 -17528.3 54312.3 1.05036
515000 0.4 299.258 -283.11 -20913 3347.79 -17565.2 54471.9 1.04728
516000 0.4 299.209 -142.027 -20873.8 3347.25 -17526.6 54422.9 1.04823
517000 0.4 299.337 -237.064 -20934.7 3348.67 -17586 54423.6 1.04821
518000 0.4 298.506 204.285 -20908.1 3339.39 -17568.7 54427.2 1.04815
519000 0.4 298.941 79.1329 -20851.9 3344.25 -17507.7 54972.7 1.03775
520000 0.4 299.267 -97.6925 -20885.8 3347.9 -17537.9 55100.9 1.03534
521000 0.4 300.835 -55.3866 -20881 3365.43 -17515.6 54731 1.04233
522000 0.4 300.563 -92.9307 -20860.4 3362.4 -17498 54792.2 1.04116
523000 0.4 300.232 121.409 -20799.1 3358.69 -17440.4 54778.5 1.04144
524000 0.4 299.629 -101.583 -20821.4 3351.94 -17469.4 54716.5 1.04262
525000 0.4 301.071 163.2 -20828 3368.07 -17460 54524.4 1.04628
526000 0.4 300.382 7.85321 -20873.4 3360.37 -17513 54604.9 1.04475
527000 0.4 301.631 -118.486 -20902.9 3374.34 -17528.5 54496.6 1.04683
528000 0.4 300.041 -110.631 -20871 3356.56 -17514.4 54672.4 1.04345
529000 0.4 299.057 54.0013 -20883.8 3345.54 -17538.3 54706.8 1.04279
530000 0.4 299.881 122.176 -20882.9 3354.76 -17528.1 54752.9 1.04191
531000 0.4 300.778 -176.226 -20805.9 3364.8 -17441.1 54794.8 1.04112
532000 0.4 299.407 110.593 -20894.9 3349.46 -17545.5 54329.5 1.05003
533000 0.4 299.411 -92.8572 -20919.5 3349.5 -17570 54467.1 1.04738
534000 0.4 298.113 96.4069 -20919.1 3334.99 -17584.1 54626.8 1.04431
535000 0.4 298.863 123.482 -20924.5 3343.38 -17581.2 54527 1.04628
536000 0.4 300.065 -71.7173 -20921.3 3356.82 -17564.5 54908.9 1.03903
537000 0.4 302.365 -149.391 -20859.6 3382.55 -17477 54377.9 1.0491
538000 0.4 298.076 -11.5287 -20819.1 3334.57 -17484.6 54788.8 1.04124
539000 0.4 300.244 -11.6897 -20893.7 3358.83 -17534.9 54696 1.04301
540000 0.4 301.198 -165.031 -20898.9 3369.49 -17529.4 54598.4 1.04489
541000 0.4 303.024 17.9487 -20938.3 3389.92 -17548.4 54461.3 1.04749
542000 0.4 300.39 92.1209 -20870.9 3360.45 -17510.4 54506.3 1.04663
543000 0.4 299.9 -14.2928 -20864 3354.97 -17509 53907.9 1.05825
544000 0.4 298.572 -194.127 -20820.9 3340.11 -17480.8 54213 1.05233
545000 0.4 298.61 57.8839 -20864 3340.54 -17523.4 54272.5 1.05114
546000 0.4 302.184 -107.507 -20875.4 3380.53 -17494.9 54526.2 1.04625
547000 0.4 300.933 223.122 -20925.2 3366.53 -17558.6 54887.6 1.03936
548000 0.4 297.577 -49.2868 -20895.4 3328.99 -17566.4 54651 1.04386
549000 0.4 298.335 79.7203 -20882 3337.47 -17544.5 54598 1.04487
550000 0.4 299.409 -11.0732 -20903.4 3349.49 -17553.9 55120.8 1.035
551000 0.4 299.154 106.921 -20955.4 3346.63 -17608.8 54496.4 1.04682
552000 0.4 299.04 -154.638 -20913.9 3345.36 -17568.6 54710.4 1.04273
553000 0.4 300.276 190.661 -20890.4 3359.18 -17531.3 54050.1 1.05553
554000 0.4 300.496 26.9051 -20863.6 3361.65 -17502 54598.1 1.04487
555000 0.4 303.01 -127.706 -20919.1 3389.77 -17529.3 54684.7 1.04321
556000 0.4 300.196 -96.2662 -20913.7 3358.29 -17555.4 54804.9 1.04095
557000 0.4 299.529 124.378 -20944.4 3350.82 -17593.6 54854.5 1.04002
558000 0.4 298.842 -127.043 -20933.3 3343.14 -17590.2 54609.2 1.04466
559000 0.4 299.793 -82.462 -20888.8 3353.78 -17535 54690 1.04311
560000 0.4 299.285 -47.2502 -20826.2 3348.09 -17478.1 54852 1.04003
561000 0.4 299.653 -18.2874 -20834.2 3352.22 -17482 55153.4 1.03437
562000 0.4 300.232 -108.954 -20866.1 3358.69 -17507.4 54669.9 1.04354
563000 0.4 299.248 47.7218 -20839.1 3347.68 -17491.4 54811.7 1.04082
564000 0.4 300.202 -245.82 -20801.8 3358.36 -17443.5 54969 1.03782
565000 0.4 300.6 -104.568 -20893.3 3362.8 -17530.5 54750.3 1.04197
566000 0.4 299.474 113.894 -20815.9 3350.21 -17465.6 54430.4 1.04808
567000 0.4 301.007 -139.922 -20820.4 3367.36 -17453 54828.2 1.04048
568000 0.4 301.006 68.8015 -20878.8 3367.35 -17511.4 54772.4 1.04155
569000 0.4 299.31 -55.5262 -20873.6 3348.38 -17525.2 54751.2 1.04195
570000 0.4 298.866 -155.319 -20819.1 3343.41 -17475.7 54614.1 1.04459
571000 0.4 300.197 129.295 -20819.1 3358.3 -17460.8 54642.8 1.04402
572000 0.4 299.183 213.468 -20864.7 3346.95 -17517.8 54572.7 1.04535
573000 0.4 301.445 31.9653 -20847.5 3372.26 -17475.2 54582.2 1.04519
574000 0.4 301.652 32.7167 -20869 3374.57 -17494.4 54616.4 1.04452
575000 0.4 301.179 -172.997 -20861.7 3369.29 -17492.4 54811 1.04081
576000 0.4 298.861 -25.3013 -20905.4 3343.35 -17562 54808 1.04088
577000 0.4 300.216 150.384 -20898.3 3358.51 -17539.8 54710.7 1.04273
578000 0.4 299.949 61.0253 -20808.2 3355.52 -17452.7 54604.3 1.04475
579000 0.4 297.712 122.369 -20822.4 3330.5 -17491.9 54933.7 1.0385
580000 0.4 300.871 -2.74312 -20859.9 3365.84 -17494.1 54773.7 1.04152
581000 0.4 300.497 75.1977 -20897.2 3361.65 -17535.6 54762.4 1.04174
582000 0.4 299.349 -153.039 -20879.5 3348.81 -17530.7 54942.6 1.03835
583000 0.4 299.798 130.371 -20839.3 3353.83 -17485.5 54606.7 1.04471
584000 0.4 300.622 92.0991 -20851.5 3363.05 -17488.4 54427.4 1.04815
585000 0.4 299.348 -0.518684 -20880.8 3348.8 -17532 54605.3 1.04474
586000 0.4 300.846 -195.999 -20830.7 3365.56 -17465.1 54883.6 1.03947
587000 0.4 299.871 48.9436 -20859.8 3354.65 -17505.2 54505.6 1.04664
588000 0.4 302.003 15.2136 -20907.5 3378.5 -17529 54676.9 1.04336
589000 0.4 300.182 90.0294 -20808.8 3358.13 -17450.7 54756.4 1.04185
590000 0.4 299.66 265.232 -20875.2 3352.29 -17522.9 54264.5 1.0513
591000 0.4 300.212 58.3069 -20838.9 3358.47 -17480.4 54569.1 1.04543
592000 0.4 299.655 98.4769 -20911.6 3352.23 -17559.3 54271.9 1.05116
593000 0.4 299.486 -265.402 -20872.1 3350.34 -17521.7 54139 1.05373
594000 0.4 298.213 -113.873 -20763 3336.1 -17426.9 54307.3 1.05053
595000 0.4 302.65 -173.609 -20802.4 3385.74 -17416.7 54844.3 1.04019
596000 0.4 300.104 -63.5699 -20844.2 3357.26 -17487 54882.5 1.03946
597000 0.4 299.795 87.4911 -20820.1 3353.81 -17466.3 54624.5 1.04439
598000 0.4 298.957 -160.234 -20807.2 3344.43 -17462.7 54548.8 1.04582
599000 0.4 297.369 -26.0119 -20837.8 3326.67 -17511.2 54545.1 1.04588
600000 0.4 298.885 -73.9992 -20868.7 3343.62 -17525.1 54918.3 1.0388
