# Time-averaged data for fix msd_avg
# TimeStep c_msd_water[1] c_msd_water[2] c_msd_water[3] c_msd_water[4]
601000 0.722329 0.775145 0.719758 2.21723
602000 1.67516 1.77058 1.721 5.16674
603000 2.56586 2.6899 2.6239 7.87966
604000 3.63242 3.80438 3.43448 10.8713
605000 4.40167 5.00932 4.21765 13.6287
606000 5.38043 5.89924 4.96945 16.2491
607000 6.28573 6.70466 5.84663 18.837
608000 7.1607 7.3546 6.57346 21.0888
609000 8.22636 8.08257 7.53487 23.8438
610000 8.9197 8.76891 8.42018 26.1088
611000 9.87705 10.1412 9.41209 29.4303
612000 11.3763 11.1695 10.49 33.0358
613000 12.6485 11.9383 11.0986 35.6854
614000 13.6454 12.593 11.6565 37.8949
615000 14.1747 13.2678 12.311 39.7535
616000 15.011 14.01 13.2504 42.2714
617000 15.7486 15.6239 14.4518 45.8242
618000 16.2927 16.9089 15.2991 48.5006
619000 17.1991 17.37 16.2842 50.8534
620000 17.972 17.9621 17.1398 53.0739
621000 19.6231 18.9495 18.4011 56.9738
622000 20.4237 20.0853 19.399 59.9079
623000 21.8037 21.1914 20.4286 63.4238
624000 22.6822 22.2247 21.1285 66.0354
625000 23.235 23.0747 21.8318 68.1415
626000 24.3221 23.8555 23.1491 71.3268
627000 24.9469 25.074 23.9173 73.9382
628000 26.0745 26.1915 24.7273 76.9933
629000 27.4598 26.9446 25.6163 80.0207
630000 28.0993 28.116 26.4101 82.6254
631000 28.9961 29.4027 27.1667 85.5655
632000 30.1214 30.1612 27.6929 87.9754
633000 30.8703 31.2768 28.2035 90.3506
634000 32.355 31.7836 29.6216 93.7602
635000 33.024 32.6055 30.3998 96.0293
636000 33.563 33.4484 30.8079 97.8193
637000 34.6494 34.1497 31.8663 100.665
638000 35.4273 35.1651 34.0023 104.595
639000 36.1446 35.6063 35.0526 106.804
640000 36.8475 36.3218 36.2208 109.39
641000 37.8947 37.6526 37.0115 112.559
642000 38.932 38.3418 37.7624 115.036
643000 40.6782 39.1967 38.1273 118.002
644000 41.102 40.281 38.7939 120.177
645000 41.0276 41.341 40.0499 122.419
646000 41.8435 42.1033 41.2056 125.152
647000 42.1996 43.0285 42.1473 127.375
648000 42.9808 44.0991 42.8373 129.917
649000 43.8203 44.8526 43.7727 132.446
650000 44.2751 45.3732 44.8061 134.454
651000 45.0969 46.546 45.731 137.374
652000 46.0471 47.2474 46.9652 140.26
653000 47.1123 48.605 48.3052 144.022
654000 47.864 49.0335 49.5041 146.402
655000 49.1053 49.4757 50.346 148.927
656000 50.3357 50.6662 50.7848 151.787
657000 51.4816 52.167 51.918 155.567
658000 51.7378 53.4021 52.1214 157.261
659000 52.7927 54.5831 53.0787 160.454
660000 54.082 55.343 54.7243 164.149
661000 54.8941 56.25 55.5018 166.646
662000 55.9117 57.1085 56.3292 169.349
663000 56.9732 58.3003 58.4574 173.731
664000 57.5818 59.1619 59.3809 176.125
665000 58.3547 60.2905 60.3839 179.029
666000 59.7408 61.0313 61.1936 181.966
667000 61.2983 62.8794 62.3037 186.481
668000 62.1074 63.1282 63.7686 189.004
669000 62.6042 63.7689 64.1135 190.487
670000 64.2671 64.164 64.2132 192.644
671000 65.133 64.5295 65.1206 194.783
672000 66.2676 65.4865 66.1503 197.904
673000 66.8301 66.3639 67.3515 200.545
674000 67.4616 67.7569 68.2173 203.436
675000 67.3208 68.5798 68.8978 204.798
676000 67.5864 69.3579 69.8402 206.785
677000 67.9682 70.2395 71.7005 209.908
678000 68.6999 71.1202 72.8545 212.675
679000 70.2273 71.8091 74.0752 216.112
680000 70.9146 71.7867 75.0767 217.778
681000 71.8992 72.7938 76.5138 221.207
682000 72.5789 73.8837 77.8194 224.282
683000 73.6376 74.3546 79.4643 227.457
684000 74.6686 75.7711 80.908 231.348
685000 75.737 76.8679 81.2739 233.879
686000 76.4033 78.1797 82.3239 236.907
687000 77.488 78.5573 82.0185 238.064
688000 78.0865 79.3032 83.6555 241.045
689000 78.1464 79.5803 85.0528 242.78
690000 79.3185 80.6491 86.1066 246.074
691000 79.9599 80.0627 86.9156 246.938
692000 80.6685 80.6141 87.868 249.151
693000 81.3574 81.2666 88.6682 251.292
694000 82.2838 82.2442 89.8335 254.362
695000 83.3119 82.8926 90.6737 256.878
696000 84.5765 83.3515 91.9621 259.89
697000 84.8713 83.5986 92.6377 261.108
698000 85.3084 83.9954 92.8763 262.18
699000 86.3752 85.382 94.3233 266.08
700000 86.9396 86.3377 94.6771 267.954
701000 87.6183 87.3749 95.1528 270.146
702000 88.4064 88.4739 96.0745 272.955
703000 89.545 89.9009 98.3918 277.838
704000 90.8745 90.6757 99.2926 280.843
705000 92.5335 91.7104 100.405 284.648
706000 93.8569 92.7117 102.315 288.884
707000 94.5566 92.9119 102.608 290.077
708000 95.8545 94.2761 104.716 294.846
709000 96.8113 94.5945 105.87 297.275
710000 97.1347 96.4917 106.788 300.415
711000 96.9253 97.0466 107.626 301.598
712000 98.277 98.4765 107.654 304.407
713000 99.0952 99.3478 106.801 305.244
714000 100.366 99.7736 108.111 308.251
715000 100.566 100.424 109.041 310.031
716000 99.8871 100.415 109.137 309.439
717000 101.551 102.198 110.299 314.049
718000 102.567 103.393 111.246 317.206
719000 104.3 104.104 111.824 320.227
720000 105.898 104.885 112.869 323.652
721000 106.741 106.412 113.596 326.749
722000 107.015 106.867 114.952 328.835
723000 108.228 107.681 116.597 332.506
724000 108.23 108.099 117.12 333.449
725000 108.281 108.705 117.506 334.493
726000 109.628 109.556 118.471 337.655
727000 110.68 109.641 118.22 338.54
728000 111.7 111.05 118.744 341.493
729000 112.861 113.29 120.649 346.8
730000 113.983 113.534 120.773 348.291
731000 116.043 114.594 120.865 351.501
732000 115.603 116.176 122.151 353.93
733000 115.229 117.465 123.131 355.825
734000 117.379 119.017 124.599 360.995
735000 117.566 119.864 125.03 362.46
736000 118.478 121.54 125.67 365.688
737000 120.063 122.974 127.28 370.317
738000 120.718 122.509 129.122 372.349
739000 123.438 123.705 131.949 379.091
740000 125.104 123.295 133.461 381.859
741000 124.461 123.188 134.169 381.818
742000 124.613 124.057 135.323 383.993
743000 126.044 125.517 136.699 388.261
744000 128.557 127.572 138.512 394.641
745000 130.424 129.164 138.965 398.552
746000 130.791 128.815 140.76 400.366
747000 132.119 130.053 140.604 402.776
748000 132.855 129.815 140.11 402.781
749000 134.334 131.487 141.789 407.611
750000 135.493 131.615 142.767 409.876
751000 135.484 132.224 143.361 411.068
752000 137.19 132.947 145.48 415.617
753000 138.175 133.888 146.742 418.805
754000 140.209 135.931 148.914 425.055
755000 141.502 137.469 149.83 428.8
756000 140.441 137.115 149.049 426.605
757000 142.099 137.505 149.878 429.482
758000 142.563 139.05 151.679 433.291
759000 143.576 139.409 151.79 434.774
760000 145.344 139.945 152.616 437.905
761000 145.377 141.338 153.164 439.879
762000 145.592 142.484 155.842 443.919
763000 146.502 143.498 157.277 447.277
764000 147.801 144.281 158.456 450.538
765000 148.498 145.088 159.865 453.451
766000 148.702 146.107 161.224 456.034
767000 149.632 146.564 162.508 458.704
768000 148.902 147.827 162.253 458.982
769000 150.305 149.112 163.185 462.602
770000 151.348 149.313 163.153 463.814
771000 152.676 150.173 164.066 466.914
772000 155.96 150.744 165.71 472.414
773000 157.8 151.781 167.954 477.534
774000 158.318 152.179 169.074 479.571
775000 158.56 153.625 169.649 481.834
776000 159.067 155.14 170.932 485.14
777000 160.629 155.616 170.353 486.599
778000 164.192 158.327 172.809 495.328
779000 164.735 159.604 173.406 497.745
780000 165.349 160.431 173.046 498.825
781000 165.083 161.557 172.889 499.529
782000 166.48 162.378 174.236 503.094
783000 168.525 164.012 175.961 508.498
784000 170.317 164.203 176.357 510.876
785000 170.54 164.279 177.195 512.014
786000 172.496 166.668 179.112 518.276
787000 173.014 167.588 179.215 519.817
788000 173.454 168.364 180.789 522.607
789000 174.447 168.902 180.744 524.093
790000 176.781 170.941 182.17 529.892
791000 177.941 170.166 182.336 530.442
792000 179.235 170.418 182.056 531.709
793000 179.958 170.233 182.305 532.496
794000 181.322 172.086 183.036 536.445
795000 181.675 172.069 184.344 538.088
796000 183.208 173.025 184.637 540.87
797000 184.615 175.059 185.673 545.347
798000 185.835 175.771 187.804 549.411
799000 186.656 176.603 188.73 551.99
800000 187.448 177.367 189.519 554.333
801000 188.782 177.768 191.332 557.882
802000 189.088 179.825 193.596 562.509
803000 189.785 180.022 194.823 564.631
804000 191.053 181.595 195.322 567.97
805000 191.243 182.221 196.585 570.049
806000 192.41 185.135 198.589 576.134
807000 191.852 185.067 198.135 575.053
808000 191.464 185.174 200.01 576.648
809000 192.302 186.152 199.979 578.433
810000 194.321 188.513 200.981 583.815
811000 195.877 188.643 202.788 587.308
812000 197.425 189.425 202.491 589.341
813000 198.742 190.655 203.082 592.48
814000 198.862 192.171 204.109 595.142
815000 199.6 192.902 205.106 597.608
816000 198.507 192.504 205.463 596.475
817000 199.982 193.586 206.305 599.873
818000 199.667 194.219 206.888 600.774
819000 200.158 194.565 207.511 602.234
820000 201.591 195.763 206.623 603.977
821000 204.687 198.069 206.626 609.382
822000 203.219 198.073 207.01 608.302
823000 203.994 199.611 209.556 613.161
824000 204.839 201.232 210.488 616.559
825000 206.371 201.954 212.544 620.868
826000 207.158 200.811 215.047 623.016
827000 208.434 202.096 215.836 626.366
828000 208.127 203.08 214.984 626.191
829000 209.604 204.922 215.423 629.95
830000 211.21 205.985 215.747 632.942
831000 212.047 208.065 216.869 636.981
832000 213.503 209.081 217.819 640.403
833000 214.492 210.135 217.993 642.62
834000 215.696 212.197 219.323 647.216
835000 216.543 213.941 220.154 650.638
836000 218.439 214.674 222.787 655.9
837000 217.778 215.539 223.515 656.831
838000 217.985 217.781 223.462 659.229
839000 218.133 216.96 225.171 660.265
840000 218.508 218.543 227.043 664.094
841000 219.428 220.023 228.811 668.263
842000 221.909 220.572 229.224 671.705
843000 223.764 222.595 230.776 677.136
844000 225.318 223.631 232.739 681.689
845000 225.057 224.44 233.139 682.636
846000 225.382 225.285 233.011 683.678
847000 226.047 226.573 233.644 686.264
848000 227.331 227.554 234.449 689.334
849000 227.759 227.993 234.85 690.601
850000 229.572 228.419 235.596 693.587
851000 230.006 228.224 235.208 693.438
852000 230.054 228.717 234.556 693.326
853000 231.933 229.478 235.48 696.892
854000 232.473 230.591 236.57 699.634
855000 235.303 231.818 238.409 705.53
856000 235.46 231.696 238.297 705.453
857000 236.799 233.588 239.681 710.068
858000 237.031 233.83 240.372 711.232
859000 237.983 233.901 242.611 714.495
860000 238.655 233.101 243.097 714.853
861000 239.098 232.711 243.971 715.78
862000 240.924 234.585 246.612 722.122
863000 241.602 236.109 246.848 724.559
864000 241.585 235.962 246.69 724.237
865000 242.828 236.966 247.797 727.591
866000 243.698 235.929 247.55 727.177
867000 245.502 234.741 246.866 727.109
868000 247.398 236.123 248.411 731.933
869000 247.837 236.327 248.86 733.023
870000 248.198 238.435 249.615 736.248
871000 249.998 239.588 250.316 739.901
872000 251.707 241.218 250.041 742.966
873000 253.017 243.342 251.633 747.993
874000 252.832 243.302 250.979 747.113
875000 254.14 244.692 253.523 752.355
876000 254.673 244.87 254.549 754.092
877000 254.365 244.806 254.987 754.158
878000 256.612 246.816 257.337 760.765
879000 256.636 247.777 258.172 762.585
880000 256.562 249.065 260.071 765.698
881000 257.805 249.687 261.103 768.595
882000 259.171 250.914 261.058 771.144
883000 259.156 248.881 260.325 768.362
884000 261.774 250.006 262.113 773.892
885000 262.739 250.941 264.014 777.694
886000 263.147 253.064 264.722 780.932
887000 262.89 254.172 266.217 783.279
888000 263.985 255.544 265.668 785.197
889000 265.359 257.707 266.595 789.661
890000 266.511 259.938 267.567 794.016
891000 265.156 260.109 267.351 792.616
892000 265.05 261.278 267.938 794.266
893000 265.203 262.766 270.059 798.028
894000 265.77 264.824 270.274 800.868
895000 268.38 267.403 272.123 807.906
896000 270.442 270.869 274.489 815.8
897000 270.609 271.066 274.55 816.224
898000 271.317 272.842 275.734 819.893
899000 271.586 272.991 274.655 819.232
900000 272.478 273.25 275.001 820.728
901000 274.593 275.404 275.949 825.947
902000 275.615 276.778 277.032 829.425
903000 276.64 277.097 278.363 832.099
904000 278.01 276.521 279.108 833.64
905000 278.197 275.66 278.468 832.325
906000 279.472 277.175 280.7 837.347
907000 281.904 279.287 282.579 843.77
908000 282.266 279.928 283.225 845.419
909000 283.113 280.62 283.545 847.279
910000 285.961 282.021 285.781 853.762
911000 286.634 282.636 287.103 856.374
912000 289.154 283.434 288.671 861.258
913000 289.09 283.059 289.042 861.191
914000 289.998 284.829 290.005 864.832
915000 290.405 284.214 291.274 865.893
916000 290.83 285.841 293.664 870.335
917000 292.017 287.161 294.227 873.404
918000 293.54 290.9 296.205 880.645
919000 292.775 290.791 295.23 878.796
920000 294.757 291.645 295.756 882.158
921000 295.711 291.565 297.438 884.714
922000 297.129 292.673 299.113 888.915
923000 300.561 295.577 301.947 898.085
924000 301.481 297.77 303.573 902.824
925000 301.753 297.901 304.067 903.722
926000 301.657 296.829 304.531 903.018
927000 303.263 298.581 307.442 909.286
928000 303.514 299.232 308.904 911.651
929000 303.661 299.949 307.917 911.528
930000 304.786 300.759 308.73 914.275
931000 306.603 302.818 310.29 919.71
932000 307.561 303.977 311.164 922.703
933000 308.766 304.489 312.168 925.422
934000 309.288 305.681 312.779 927.748
935000 310.033 305.851 313.793 929.678
936000 309.857 307.238 313.249 930.344
937000 311.184 310.038 314.585 935.806
938000 312.124 311.607 314.251 937.982
939000 313.116 313.352 315.858 942.327
940000 314.196 316.062 315.922 946.18
941000 312.911 317.267 315.469 945.647
942000 313.598 318.853 315.72 948.171
943000 314.242 318.861 315.965 949.067
944000 317.627 322.008 318.772 958.407
945000 317.894 321.962 318.403 958.258
946000 320.771 324.101 321.331 966.204
947000 322.026 324.586 323.429 970.04
948000 320.947 326.46 323.052 970.459
949000 321.126 326.162 322.537 969.825
950000 322.78 328.961 324.268 976.009
951000 323.864 330.281 326.416 980.561
952000 323.617 330.934 327.001 981.552
953000 321.75 329.857 325.52 977.127
954000 322.47 331.153 326.893 980.516
955000 324.139 331.732 326.985 982.855
956000 325.703 333.947 327.128 986.778
957000 327.11 334.661 328.476 990.247
958000 328.491 336.366 330.568 995.426
959000 330.619 340.073 332.778 1003.47
960000 328.527 340.526 330.586 999.639
961000 332.54 343.287 331.247 1007.07
962000 332.879 343.457 330.725 1007.06
963000 334.4 345.964 332.308 1012.67
964000 335.048 344.738 332.913 1012.7
965000 335.931 345.353 333.389 1014.67
966000 337.375 346.244 335.184 1018.8
967000 338.221 346.333 336.474 1021.03
968000 337.811 345.208 337.17 1020.19
969000 338.94 346.192 337.05 1022.18
970000 339.512 348.407 337.645 1025.56
971000 339.783 347.939 338.162 1025.88
972000 341.5 348.55 338.547 1028.6
973000 344.854 351.718 342.259 1038.83
974000 344.683 351.799 340.769 1037.25
975000 346.286 354.356 342.124 1042.77
976000 348.624 355.302 342.967 1046.89
977000 349.068 354.52 342.242 1045.83
978000 348.832 355.848 342.676 1047.36
979000 350.362 358.341 344.666 1053.37
980000 351.121 359.113 347.163 1057.4
981000 353.01 361.16 349.016 1063.19
982000 352.211 359.68 347.268 1059.16
983000 355.217 362.012 348.634 1065.86
984000 356.586 363.776 349.295 1069.66
985000 358.946 364.13 351.35 1074.43
986000 360.071 363.841 350.438 1074.35
987000 358.736 362.091 348.533 1069.36
988000 357.791 361.618 348.564 1067.97
989000 358.884 364.057 352.519 1075.46
990000 360.403 366.114 352.795 1079.31
991000 361.189 369.204 354.718 1085.11
992000 360.769 368.738 354.828 1084.33
993000 362.139 370.943 357.877 1090.96
994000 362.105 369.356 358.83 1090.29
995000 362.078 370.025 360.004 1092.11
996000 364.258 369.945 361.405 1095.61
997000 364.227 372.03 361.646 1097.9
998000 364.722 373.763 361.278 1099.76
999000 365.608 376.02 361.406 1103.03
1000000 365.383 376.316 360.821 1102.52
1001000 367.808 376.581 362.647 1107.04
1002000 367.831 377.964 363.885 1109.68
1003000 368.693 378.371 364.554 1111.62
1004000 372.432 380.321 366.334 1119.09
1005000 372.042 380.969 366.353 1119.36
1006000 374.745 383.617 369.251 1127.61
1007000 376.63 382.573 368.078 1127.28
1008000 378.137 382.047 368.904 1129.09
1009000 379.506 381.873 369.399 1130.78
1010000 381.516 384.79 371.578 1137.88
1011000 382.406 388.58 373.199 1144.19
1012000 381.555 389.291 374.038 1144.88
1013000 383.809 391.101 375.806 1150.72
1014000 384.274 392.209 376.685 1153.17
1015000 383.043 390.843 374.578 1148.46
1016000 385.163 393.081 377.065 1155.31
1017000 383.638 391.924 375.185 1150.75
1018000 383.83 393.347 375.474 1152.65
1019000 386.685 392.437 375.624 1154.75
1020000 387.108 391.282 376.382 1154.77
1021000 386.801 391.003 376.908 1154.71
1022000 387.333 392.174 377.96 1157.47
1023000 388.216 391.811 377.908 1157.93
1024000 388.114 393.201 378.842 1160.16
1025000 390.021 393.498 380.497 1164.02
1026000 390.304 393.858 380.878 1165.04
1027000 391.525 394.364 381.77 1167.66
1028000 394.395 395.332 383.863 1173.59
1029000 395.123 396.961 384.084 1176.17
1030000 397.487 399.609 387.379 1184.48
1031000 398.192 399.852 389.19 1187.23
1032000 400.024 400.757 389.943 1190.72
1033000 400.826 401.125 389.405 1191.36
1034000 401.203 399.007 389.309 1189.52
1035000 402.051 400.154 389.563 1191.77
1036000 404.043 400.865 389.955 1194.86
1037000 404.127 401.381 392.425 1197.93
1038000 404.84 401.965 391.977 1198.78
1039000 405.001 400.166 391.056 1196.22
1040000 406.133 401.281 392.657 1200.07
1041000 408.887 403.191 394.773 1206.85
1042000 409.698 402.171 394.815 1206.68
1043000 412.396 404.17 396.142 1212.71
1044000 412.638 405.055 395.14 1212.83
1045000 414.568 406.898 398.217 1219.68
1046000 413.895 405.972 399.226 1219.09
1047000 416.395 407.839 401.038 1225.27
1048000 418.794 410.115 403.125 1232.03
1049000 417.106 407.371 402.094 1226.57
1050000 417.072 407.716 402.79 1227.58
1051000 417.254 408.078 401.569 1226.9
1052000 420.203 409.29 403.401 1232.89
1053000 421.514 408.253 404.83 1234.6
1054000 421.19 408.382 404.054 1233.63
1055000 421.957 409.928 404.64 1236.52
1056000 422.969 410.333 406.715 1240.02
1057000 424.118 409.25 406.302 1239.67
1058000 424.674 409.104 407.468 1241.25
1059000 423.296 409.083 408.739 1241.12
1060000 424.832 410.177 411.82 1246.83
1061000 426.875 410.641 413.067 1250.58
1062000 428.052 410.272 411.303 1249.63
1063000 426.815 408.591 409.923 1245.33
1064000 427.549 409.949 412.597 1250.1
1065000 429.362 410.603 412.391 1252.36
1066000 434.23 413.209 414.275 1261.71
1067000 436.115 413.105 414.705 1263.92
1068000 437.738 413.117 413.761 1264.62
1069000 439.775 414.642 414.545 1268.96
1070000 440.302 416.754 414.592 1271.65
1071000 439.952 417.076 414.338 1271.37
1072000 442.193 418.783 416.772 1277.75
1073000 441.596 418.516 416.2 1276.31
1074000 440.014 416.334 414.148 1270.5
1075000 440.159 416.238 415.336 1271.73
1076000 442.033 417.606 416.792 1276.43
1077000 442.781 416.741 417.716 1277.24
1078000 446.234 419.857 422.002 1288.09
1079000 444.445 418.402 421.136 1283.98
1080000 447.395 421.764 424.417 1293.58
1081000 447.98 424.424 426.05 1298.45
1082000 446.223 423.81 424.767 1294.8
1083000 445.972 424.174 426.035 1296.18
1084000 445.548 424.143 427.519 1297.21
1085000 446.124 424.356 427.798 1298.28
1086000 447.226 425.463 429.274 1301.96
1087000 446.967 424.958 429.946 1301.87
1088000 449.696 428.158 434.069 1311.92
1089000 450.485 428.369 434.221 1313.08
1090000 451.095 428.201 435.173 1314.47
1091000 452.602 429.549 436.746 1318.9
1092000 451.702 429.696 435.626 1317.02
1093000 454.916 433.411 438.143 1326.47
1094000 454.252 432.356 439.762 1326.37
1095000 455.085 433.211 441.322 1329.62
1096000 454.799 433.041 440.355 1328.19
1097000 457.528 437.147 442.768 1337.44
1098000 458.024 438.269 443.283 1339.58
1099000 460.353 439.942 445.62 1345.91
1100000 457.636 440.154 445.054 1342.84
1101000 456.535 442.594 445.8 1344.93
1102000 455.832 444.38 446.914 1347.13
1103000 457.598 447.077 449.414 1354.09
1104000 456.845 449.037 450.55 1356.43
1105000 457.182 449.172 450.122 1356.48
1106000 458.23 449.508 450.735 1358.47
1107000 460.443 451.082 453.796 1365.32
1108000 461.011 452.145 454.479 1367.64
1109000 458.122 449.767 451.04 1358.93
1110000 458.862 450.217 452.81 1361.89
1111000 460.744 451.766 453.364 1365.87
1112000 463.787 453.746 456.774 1374.31
1113000 461.835 453.64 456.72 1372.2
1114000 463.601 454.414 458.698 1376.71
1115000 465.537 456.174 460.397 1382.11
1116000 466.426 458.464 460.509 1385.4
1117000 468.105 461.136 460.87 1390.11
1118000 468.858 461.904 460.46 1391.22
1119000 471.107 462.735 462.984 1396.83
1120000 472.238 464.187 466.203 1402.63
1121000 471.14 460.541 463.364 1395.04
1122000 471.397 462.284 464.731 1398.41
1123000 474.313 462.183 466.657 1403.15
1124000 479.776 464.507 468.176 1412.46
1125000 479.785 465.056 468.83 1413.67
1126000 480.767 464.788 469.163 1414.72
1127000 480.571 465.473 468.28 1414.32
1128000 478.382 465.623 469.186 1413.19
1129000 479.405 466.571 471.171 1417.15
1130000 477.801 465.145 469.35 1412.3
1131000 479.992 467.745 470.844 1418.58
1132000 481.529 469.14 471.756 1422.43
1133000 481.972 471.629 471.542 1425.14
1134000 482.567 473.988 471.496 1428.05
1135000 483.798 476.075 474.064 1433.94
1136000 485.965 477.514 478.001 1441.48
1137000 485.57 476.586 478.068 1440.22
1138000 484.861 478.518 478.422 1441.8
1139000 486.623 480.537 480.257 1447.42
1140000 486.297 480.049 477.887 1444.23
1141000 488.966 480.042 479.334 1448.34
1142000 492.742 481.639 482.215 1456.6
1143000 493.902 484.309 483.963 1462.17
1144000 493.333 483.639 482.613 1459.58
1145000 495.066 484.886 484.914 1464.87
1146000 495.14 486.204 486.3 1467.64
1147000 497.472 489.832 489.666 1476.97
1148000 498.141 490.111 490.851 1479.1
1149000 496.1 489.027 489.554 1474.68
1150000 497.672 491.877 491.435 1480.98
1151000 497.908 492.739 492.903 1483.55
1152000 500.127 492.631 493.872 1486.63
1153000 500.623 492.659 491.713 1485
1154000 500.364 492.771 490.524 1483.66
1155000 501.945 493.845 491.826 1487.62
1156000 504.733 495.473 493.22 1493.43
1157000 505.415 498.501 495.101 1499.02
1158000 504.645 499.287 496.034 1499.97
1159000 504.921 498.31 495.139 1498.37
1160000 506.051 499.205 495.824 1501.08
1161000 507.338 502.426 496.747 1506.51
1162000 505.461 501.85 493.946 1501.26
1163000 505.719 502.155 494.045 1501.92
1164000 509.629 503.823 498.563 1512.02
1165000 512.086 505.915 501.339 1519.34
1166000 513.918 507.668 502.918 1524.5
1167000 512.864 505.949 501.869 1520.68
1168000 515.676 509.735 502.658 1528.07
1169000 517.877 510.142 503.018 1531.04
1170000 521.654 512.712 504.47 1538.84
1171000 522.596 512.065 505.823 1540.48
1172000 521.265 512.135 506.091 1539.49
1173000 522.676 514.42 507.729 1544.82
1174000 523.817 515.37 507.221 1546.41
1175000 522.527 513.26 505.747 1541.53
1176000 523.789 514.81 506.059 1544.66
1177000 524.255 517.35 506.567 1548.17
1178000 523.397 517.076 505.301 1545.77
1179000 527.027 518.099 507.732 1552.86
1180000 530.058 519.113 509.91 1559.08
1181000 529.566 517.976 509.878 1557.42
1182000 528.724 519.126 511.505 1559.36
1183000 527.612 519.843 513.815 1561.27
1184000 530.95 524.713 517.362 1573.02
1185000 525.425 520.936 511.405 1557.77
1186000 526.148 521.021 512.885 1560.05
1187000 530.436 524.342 518.16 1572.94
1188000 532.243 525.995 519.386 1577.62
1189000 532.759 525.604 517.984 1576.35
1190000 533.855 526.999 517.865 1578.72
1191000 529.952 524.792 514.689 1569.43
1192000 528.768 525.373 515.721 1569.86
1193000 533.416 531.134 519.888 1584.44
1194000 539.62 535.088 522.47 1597.18
1195000 542.279 538.308 523.215 1603.8
1196000 546.103 541.921 524.108 1612.13
1197000 544.051 540.056 522.627 1606.73
1198000 544.927 540.885 523.977 1609.79
1199000 545.022 542.067 525.318 1612.41
1200000 544.703 543.59 526.285 1614.58
1201000 547.108 544.333 528.114 1619.55
1202000 549.821 547.523 531.609 1628.95
1203000 549.694 547.206 532.337 1629.24
1204000 548.693 547.785 531.081 1627.56
1205000 549.976 549.972 535.236 1635.18
1206000 549.798 549.101 536.027 1634.93
1207000 552.002 548.267 537.049 1637.32
1208000 553.662 550.811 539.129 1643.6
1209000 554.647 551.082 539.347 1645.08
1210000 555.624 552.611 539.453 1647.69
1211000 557.121 555.016 541.796 1653.93
1212000 556.998 554.496 544.61 1656.1
1213000 563.197 558.35 549.73 1671.28
1214000 562.056 555.599 547.03 1664.69
1215000 560.895 554.328 544.742 1659.97
1216000 561.775 557.038 544.773 1663.59
1217000 563.481 562.591 546.353 1672.42
1218000 565.269 565.401 548.418 1679.09
1219000 563.034 565.07 547.254 1675.36
1220000 561.463 567.922 549.672 1679.06
1221000 565.303 570.925 552.284 1688.51
1222000 565.126 568.889 551.944 1685.96
1223000 566.865 568.447 554.667 1689.98
1224000 565.551 566.708 552.142 1684.4
1225000 571.158 571.767 555.108 1698.03
1226000 574.706 574.229 556.103 1705.04
1227000 574.631 573.436 555.571 1703.64
1228000 571.749 573.13 554.366 1699.25
1229000 573.167 575.176 556.069 1704.41
1230000 576.503 576.851 558.802 1712.16
1231000 577.152 577.905 560.363 1715.42
1232000 576.626 579.084 562.213 1717.92
1233000 578.277 582.624 562.93 1723.83
1234000 580.954 583.455 564.052 1728.46
1235000 580.357 581.592 563.707 1725.66
1236000 584.28 585.755 565.846 1735.88
1237000 583.465 584.128 565.821 1733.41
1238000 584.621 584.105 566.114 1734.84
1239000 585.277 585.155 567.68 1738.11
1240000 586.313 586.973 569.092 1742.38
1241000 583.846 585.1 567.948 1736.89
1242000 585.305 585.405 569.574 1740.28
1243000 584.523 583.684 568.588 1736.8
1244000 580.961 578.964 563.906 1723.83
1245000 580.464 579.799 563.629 1723.89
1246000 583.334 583.132 565.909 1732.37
1247000 584.228 583.85 566.604 1734.68
1248000 588.202 587.143 571.059 1746.4
1249000 589.545 589.966 572.954 1752.47
1250000 591.17 591.98 576.577 1759.73
1251000 590.366 591.019 575.695 1757.08
1252000 588.659 593.348 574.62 1756.63
1253000 589.952 596.421 577.579 1763.95
1254000 588.057 595.851 576.193 1760.1
1255000 590.784 599.85 578.53 1769.16
1256000 589.435 600.1 578.356 1767.89
1257000 586.904 601.145 579.87 1767.92
1258000 589.528 603.718 582.539 1775.78
1259000 590.05 605.258 583.278 1778.59
1260000 591.464 604.952 582.374 1778.79
1261000 594.587 607.535 584.927 1787.05
1262000 591.169 607.156 584.601 1782.93
1263000 590.277 607.056 583.691 1781.02
1264000 593.972 609.816 587.437 1791.22
1265000 596.898 610.488 589.013 1796.4
1266000 596.197 610.062 587.295 1793.55
1267000 596.158 613.496 591.595 1801.25
1268000 594.021 611.895 592.584 1798.5
1269000 596.045 613.688 594.884 1804.62
1270000 598.977 615.936 595.89 1810.8
1271000 595.677 615.805 594.338 1805.82
1272000 597.896 617.681 596.075 1811.65
1273000 599.981 617.682 598.003 1815.67
1274000 601.938 617.03 598.401 1817.37
1275000 602.824 617.541 599.309 1819.67
1276000 603.89 618.11 599.845 1821.84
1277000 602.058 617.285 598.537 1817.88
1278000 604.038 619.575 600.312 1823.93
1279000 608.393 622.628 603.723 1834.74
1280000 606.502 621.388 604.184 1832.07
1281000 609.778 623.297 606.952 1840.03
1282000 610.297 621.846 606.28 1838.42
1283000 611.958 623.47 608.967 1844.39
1284000 610.874 621.402 607.469 1839.74
1285000 612.309 623.299 608.012 1843.62
1286000 611.259 621.851 606.078 1839.19
1287000 612.622 623.245 606.448 1842.32
1288000 611.916 624.658 606.653 1843.23
1289000 610.688 624.983 606.304 1841.98
1290000 613.857 632.167 611.19 1857.21
1291000 612.106 632.489 610.12 1854.72
1292000 615.643 635.405 613.861 1864.91
1293000 618.572 637.75 615.079 1871.4
1294000 618.509 638.522 614.492 1871.52
1295000 617.426 636.244 615.641 1869.31
1296000 615.291 634.352 616.592 1866.24
1297000 617.725 633.731 619.29 1870.75
1298000 617.626 633.633 618.929 1870.19
1299000 620.14 637.321 621.683 1879.14
1300000 617.874 638.703 621.735 1878.31
1301000 622.567 643.444 626.126 1892.14
1302000 626 643.89 628.667 1898.56
1303000 626.398 647.246 629.102 1902.75
1304000 626.514 645.147 629.06 1900.72
1305000 627.965 644.112 628.712 1900.79
1306000 630.633 647.199 630.129 1907.96
1307000 629.1 647.781 628.271 1905.15
1308000 629.962 647.042 628.596 1905.6
1309000 633.757 652.583 632.384 1918.73
1310000 635.476 652.997 633.634 1922.11
1311000 632.301 649.528 630.997 1912.83
1312000 631.73 651.398 630.724 1913.85
1313000 629.545 651.074 629.19 1909.81
1314000 630.164 653.68 630.714 1914.56
1315000 633.368 655.908 634.472 1923.75
1316000 635.486 657.766 636.106 1929.36
1317000 636.26 656.863 635.009 1928.13
1318000 638.82 657.932 635.978 1932.73
1319000 636.227 655.107 634.029 1925.36
1320000 635.58 655.556 633.384 1924.52
1321000 639.472 658.602 637.241 1935.32
1322000 642.076 663.532 639.874 1945.48
1323000 643.632 667.654 643.389 1954.67
1324000 642.118 667.172 643.213 1952.5
1325000 644.381 670.563 645.126 1960.07
1326000 644.752 672.045 646.268 1963.07
1327000 647.833 675.223 650.829 1973.89
1328000 647.418 675.526 651.107 1974.05
1329000 646.585 677.072 651.106 1974.76
1330000 644.403 674.415 649.477 1968.3
1331000 649.056 677.884 652.517 1979.46
1332000 649.871 680.399 653.783 1984.05
1333000 653.52 684.081 656.639 1994.24
1334000 654.403 688.146 660.512 2003.06
1335000 653.628 688.128 659.02 2000.78
1336000 653.651 689.578 661.491 2004.72
1337000 655.413 691.957 661.402 2008.77
1338000 653.208 689.618 658.357 2001.18
1339000 652.807 687.48 659.863 2000.15
1340000 653.199 688.682 660.687 2002.57
1341000 655.082 692.945 665.025 2013.05
1342000 651.325 689.807 663.526 2004.66
1343000 651.283 689.765 666.426 2007.47
1344000 653.671 692.454 669.512 2015.64
1345000 650.767 694.575 669.696 2015.04
1346000 650.247 695.977 669.597 2015.82
1347000 651.99 696.139 671.163 2019.29
1348000 655.982 699.82 676.2 2032
1349000 657.319 700.847 676.864 2035.03
1350000 658.061 701.569 679.373 2039
1351000 657.225 700.567 677.712 2035.5
1352000 660.022 704.929 679.218 2044.17
1353000 662.57 708.415 678.013 2049
1354000 663.528 711.064 680.2 2054.79
1355000 664.005 710.362 680.366 2054.73
1356000 666.437 711.933 681.457 2059.83
1357000 669.372 716.383 683.152 2068.91
1358000 666.523 713.16 680.065 2059.75
1359000 673.695 719.902 685.92 2079.52
1360000 674.15 718.771 684.094 2077.02
1361000 673.212 714.996 682.042 2070.25
1362000 676.241 718.621 683.572 2078.43
1363000 679.915 721.808 687.559 2089.28
1364000 677.328 719.167 685.922 2082.42
1365000 675.806 717.113 686.231 2079.15
1366000 678.228 720.032 687.676 2085.94
1367000 680.754 722.847 687.531 2091.13
1368000 681.278 722.585 686.249 2090.11
1369000 682.25 722.572 686.025 2090.85
1370000 685.201 723.301 686.575 2095.08
1371000 684.747 724.855 688.102 2097.7
1372000 687.52 728.086 692.162 2107.77
1373000 686.928 725.216 691.722 2103.87
1374000 687.463 723.418 692.487 2103.37
1375000 690.684 723.67 695.511 2109.87
1376000 689.442 723.181 697.162 2109.78
1377000 693.659 726.537 702.479 2122.67
1378000 694.677 725.732 703.176 2123.58
1379000 694.003 724.602 701.911 2120.52
1380000 694.188 724.522 702.873 2121.58
1381000 696.683 726.365 705.932 2128.98
1382000 695.722 726.076 704.002 2125.8
1383000 695.397 724.672 704.945 2125.01
1384000 699.139 724.344 708.736 2132.22
1385000 703.026 726.205 712.493 2141.72
1386000 700.669 725.575 708.975 2135.22
1387000 702.019 726.387 709.416 2137.82
1388000 704.789 727.693 710.858 2143.34
1389000 706.525 730.35 710.972 2147.85
1390000 708.01 731.084 710.823 2149.92
1391000 710.066 731.172 711.203 2152.44
1392000 712.56 732.926 712.277 2157.76
1393000 710.707 729.429 710.794 2150.93
1394000 714.092 733.57 714.669 2162.33
1395000 716.444 735.077 718.883 2170.4
1396000 717.876 733.25 718.871 2170
1397000 718.101 731.812 718.272 2168.18
1398000 722.847 737.023 723.905 2183.78
1399000 720.333 735.744 724.52 2180.6
1400000 719.502 733.714 727.407 2180.62
1401000 722.962 734.794 731.47 2189.23
1402000 725.06 738.275 734.552 2197.89
1403000 723.745 736.115 733.82 2193.68
1404000 724.196 735.565 734.098 2193.86
1405000 724.273 732.932 734.636 2191.84
1406000 729.811 737.245 736.777 2203.83
1407000 730.118 736.241 735.342 2201.7
1408000 731.217 736.951 734.625 2202.79
1409000 735.019 740.708 737.104 2212.83
1410000 736.039 739.325 737.69 2213.05
1411000 736.589 738.795 739.657 2215.04
1412000 736.444 740.046 740.241 2216.73
1413000 736.227 738.937 740.023 2215.19
1414000 738.793 743.706 744.387 2226.89
1415000 736.988 742.991 743.48 2223.46
1416000 737.339 745.586 745.394 2228.32
1417000 737.951 749.037 746.822 2233.81
1418000 737.499 745.962 744.245 2227.71
1419000 737.646 744.64 743.417 2225.7
1420000 740.521 750.412 745.874 2236.81
1421000 737.451 749.36 744.2 2231.01
1422000 740.191 753.379 745.257 2238.83
1423000 741.882 756.266 746.272 2244.42
1424000 742.853 758.31 749.553 2250.72
1425000 741.21 759.212 750.454 2250.88
1426000 740.022 756.414 747.664 2244.1
1427000 740.504 755.071 746.801 2242.38
1428000 743.725 757.922 749.652 2251.3
1429000 743.165 756.274 748.276 2247.71
1430000 742.862 756.5 747.091 2246.45
1431000 744.295 756.59 748.331 2249.22
1432000 740.615 752.661 744.139 2237.41
1433000 740.847 754.564 743.661 2239.07
1434000 745.723 758.835 747.004 2251.56
1435000 748.305 764.737 750.639 2263.68
1436000 744.919 762.065 748.289 2255.27
1437000 747.103 766.123 752.288 2265.51
1438000 746.681 764.181 749.695 2260.56
1439000 748.331 766.086 749.543 2263.96
1440000 750.85 765.748 751.017 2267.61
1441000 751.395 765.173 749.065 2265.63
1442000 752.457 767.028 747.36 2266.84
1443000 751.805 767.251 746.834 2265.89
1444000 751.275 766.964 748.376 2266.62
1445000 756.124 774.837 757.215 2288.18
1446000 754.425 773.95 756.477 2284.85
1447000 754.766 776.57 757.399 2288.74
1448000 753.756 774.871 755.84 2284.47
1449000 755.194 775.517 756.066 2286.78
1450000 757.502 776.712 756.524 2290.74
1451000 754.117 771.828 751.073 2277.02
1452000 760.484 775.931 758.347 2294.76
1453000 761.616 776.667 760.003 2298.29
1454000 763.576 779.389 763.227 2306.19
1455000 761.466 777.318 761.324 2300.11
1456000 760.227 776.961 761.468 2298.66
1457000 764.14 780.801 764.642 2309.58
1458000 767.692 783.678 766.278 2317.65
1459000 764.533 781.844 763.815 2310.19
1460000 762.775 778.986 760.593 2302.35
1461000 766.323 782.953 762.75 2312.03
1462000 768.917 785.746 762.852 2317.52
1463000 770.608 788.451 764.647 2323.71
1464000 772.249 790.516 765.361 2328.13
1465000 767.835 786.047 760.631 2314.51
1466000 770.288 786.482 763.866 2320.64
1467000 768.676 785.312 761.707 2315.7
1468000 770.952 785.889 765.558 2322.4
1469000 774.936 788.155 768.785 2331.88
1470000 778.801 789.235 771.823 2339.86
1471000 774.988 787.653 770.228 2332.87
1472000 773.822 784.88 771.616 2330.32
1473000 781.019 790.597 778.506 2350.12
1474000 780.463 791.792 777.238 2349.49
1475000 780.555 791.674 775.928 2348.16
1476000 783.643 794.287 777.286 2355.22
1477000 785.235 796.089 779.394 2360.72
1478000 786.537 797.755 780.818 2365.11
1479000 783.673 798.713 780.839 2363.23
1480000 786.467 801.753 782.981 2371.2
1481000 778.643 794.843 777.277 2350.76
1482000 782.028 798.438 780.831 2361.3
1483000 785.032 800.844 785.009 2370.88
1484000 782.408 799.277 783.356 2365.04
1485000 780.644 798.116 782.338 2361.1
1486000 781.259 797.732 781.395 2360.39
1487000 783.779 798.629 783.979 2366.39
1488000 780.85 795.004 778.208 2354.06
1489000 784.432 801.149 782.246 2367.83
1490000 789.897 808.965 790.855 2389.72
1491000 785.677 804.709 788.489 2378.87
1492000 788.231 807.331 790.466 2386.03
1493000 785.564 805.117 788.941 2379.62
1494000 789.481 809.124 791.123 2389.73
1495000 787.141 809.116 788.213 2384.47
1496000 786.189 810.701 788.723 2385.61
1497000 786.463 811.358 788.14 2385.96
1498000 789.461 815.936 791.675 2397.07
1499000 788.786 816.157 792.744 2397.69
1500000 790.329 819.387 796.344 2406.06
1501000 789.242 818.188 794.299 2401.73
1502000 791.341 817.977 798.498 2407.82
1503000 789.411 818.046 798.828 2406.28
1504000 790.593 820.421 800.333 2411.35
1505000 790.386 820.781 800.432 2411.6
1506000 789.663 820.699 801.568 2411.93
1507000 790.12 821.832 803.072 2415.02
1508000 793.828 824.628 805.233 2423.69
1509000 792.771 825.021 805.259 2423.05
1510000 789.875 822.17 804.449 2416.49
1511000 793.334 827.613 806.737 2427.68
1512000 796.618 829.157 807.11 2432.89
1513000 798.512 828.148 806.719 2433.38
1514000 797.595 825.79 805.187 2428.57
1515000 796.922 828.021 806.536 2431.48
1516000 798.399 827.845 804.664 2430.91
1517000 796.802 826.135 803.6 2426.54
1518000 800.202 830.116 809.027 2439.35
1519000 803.67 831.428 810.553 2445.65
1520000 806.011 832.392 810.228 2448.63
1521000 812.131 836.782 813.229 2462.14
1522000 807.349 830.645 810.566 2448.56
1523000 807.086 833.282 812.168 2452.54
1524000 806.307 833.638 812.951 2452.9
1525000 808.076 833.297 811.811 2453.18
1526000 812.51 835.691 813.924 2462.13
1527000 817.16 839.586 818.593 2475.34
1528000 819.195 842.223 818.637 2480.06
1529000 820.986 842.63 817.457 2481.07
1530000 819.164 838.468 813.995 2471.63
1531000 820.425 839.964 813.925 2474.31
1532000 820.894 840.353 811.978 2473.22
1533000 820.689 842.106 812.491 2475.29
1534000 822.645 843.501 815.445 2481.59
1535000 821.37 842.589 815.95 2479.91
1536000 821.55 844.438 817.655 2483.64
1537000 826.732 852.687 824.483 2503.9
1538000 824.882 850.655 820.552 2496.09
1539000 820.523 845.565 817.292 2483.38
1540000 825.877 847.624 822.186 2495.69
1541000 826.926 848.616 826.174 2501.72
1542000 828.187 850.86 829.842 2508.89
1543000 826.131 848.907 826.579 2501.62
1544000 827.374 849.998 828.968 2506.34
1545000 831.491 855.541 835.729 2522.76
1546000 828.134 851.269 832.421 2511.83
1547000 833.697 855.385 837.314 2526.4
1548000 840.428 858.52 840.802 2539.75
1549000 838.834 855.542 841.048 2535.42
1550000 835.902 853.791 841.415 2531.11
1551000 837.08 857.916 845.052 2540.05
1552000 836.312 858.75 846.867 2541.93
1553000 832.537 857.046 843.658 2533.24
1554000 836.657 861.687 847.216 2545.56
1555000 834.797 862.671 845.428 2542.9
1556000 836.892 866.099 848.095 2551.09
1557000 836.398 864.357 845.004 2545.76
1558000 837.701 866.593 845.945 2550.24
1559000 838.995 868.244 845.91 2553.15
1560000 840.422 868.865 848.481 2557.77
1561000 838.359 867.557 846.606 2552.52
1562000 840.585 870.468 851.193 2562.25
1563000 844.169 874.452 853.865 2572.49
1564000 847.042 876.647 857.133 2580.82
1565000 845.002 875.71 856.428 2577.14
1566000 849.611 880.15 860.513 2590.27
1567000 851.311 881.316 863.316 2595.94
1568000 849.179 879.748 863.331 2592.26
1569000 848.611 878.402 865.138 2592.15
1570000 849.826 875.922 866.254 2592
1571000 854.362 880.119 873.086 2607.57
1572000 854.474 878.976 872.025 2605.47
1573000 850.926 874.972 867.481 2593.38
1574000 853.308 877.857 866.804 2597.97
1575000 857.026 882.008 868.107 2607.14
1576000 855.618 881.416 867.105 2604.14
1577000 855.276 881.352 866.49 2603.12
1578000 859.496 887.171 874.693 2621.36
1579000 857.138 884.999 873.418 2615.56
1580000 858.273 887.703 877.995 2623.97
1581000 862.345 894.658 883.613 2640.62
1582000 855.758 887.712 877.3 2620.77
1583000 856.973 887.778 878.805 2623.56
1584000 862.199 893.234 884.942 2640.38
1585000 862.547 892.659 885.337 2640.54
1586000 859.664 890.36 884.794 2634.82
1587000 856.468 889.468 885.525 2631.46
1588000 855.663 890.767 886.364 2632.79
1589000 858.097 891.509 887.396 2637
1590000 861.097 891.387 887.761 2640.25
1591000 864.665 899.123 892.81 2656.6
1592000 867.912 903.391 896.728 2668.03
1593000 871.591 904.841 897.608 2674.04
1594000 868.861 903.003 894.774 2666.64
1595000 862.809 897.969 890.642 2651.42
1596000 868.34 904.803 897.581 2670.72
1597000 867.17 905.643 898.911 2671.72
1598000 867.288 907.611 898.314 2673.21
1599000 873.702 914.245 903.341 2691.29
1600000 871.599 910.044 900.956 2682.6
1601000 875.023 909.784 904.413 2689.22
1602000 874.622 908.805 906.064 2689.49
1603000 876.928 909.253 908.742 2694.92
1604000 877.978 908.808 907.409 2694.2
1605000 876.504 905.024 903.086 2684.61
1606000 881.315 906.652 907.048 2695.01
1607000 883.222 906.444 908.028 2697.69
1608000 884.124 907.12 908.593 2699.84
1609000 885.061 908.422 909.577 2703.06
1610000 886.662 905.805 908.567 2701.03
1611000 882.672 903.009 906.54 2692.22
1612000 885.481 904.378 909.091 2698.95
1613000 890.345 911.787 916.204 2718.34
1614000 887.642 910.333 912.471 2710.45
1615000 891.811 915.263 916.837 2723.91
1616000 896.314 918.533 920.062 2734.91
1617000 900.748 922.369 922.936 2746.05
1618000 899.547 920.398 922.575 2742.52
1619000 898.024 919.448 923.61 2741.08
1620000 898.392 920.556 923.915 2742.86
1621000 901.748 924.719 926.899 2753.37
1622000 900.239 925.33 926.214 2751.78
1623000 899.365 924.849 925.59 2749.8
1624000 899.891 924.199 926.209 2750.3
1625000 903.556 927.235 928.869 2759.66
1626000 905.329 929.918 932.295 2767.54
1627000 905.35 930.125 934.333 2769.81
1628000 902.54 926.827 931.331 2760.7
1629000 903.879 926.283 932.531 2762.69
1630000 902.831 924.265 930.59 2757.69
1631000 902.524 921.283 930.075 2753.88
1632000 907.123 925.211 933.476 2765.81
1633000 909.703 925.325 934.006 2769.03
1634000 915.823 928.787 938.837 2783.45
1635000 916.551 930.253 937.651 2784.45
1636000 912.335 928.968 934.429 2775.73
1637000 917.25 935.631 939.859 2792.74
1638000 911.717 931.912 935.363 2778.99
1639000 915.954 934.406 939.638 2790
1640000 922.481 938.875 945.904 2807.26
1641000 923.647 940.494 948.558 2812.7
1642000 922.005 941.408 946.051 2809.46
1643000 918.992 943.558 944.267 2806.82
1644000 919.988 944.924 946.215 2811.13
1645000 918.844 946.552 945.284 2810.68
1646000 917.184 943.356 945.291 2805.83
1647000 913.523 938.84 944.845 2797.21
1648000 915.45 939.823 943.793 2799.07
1649000 922.266 947.275 950.897 2820.44
1650000 921.155 948.805 951.469 2821.43
1651000 917.031 946.969 948.023 2812.02
1652000 915.068 945.635 947.689 2808.39
1653000 916.195 946.805 949.632 2812.63
1654000 921.269 952.743 955.364 2829.38
1655000 921.622 951.602 954.785 2828.01
1656000 921.769 950.428 957.12 2829.32
1657000 921.114 950.612 958.141 2829.87
1658000 927.423 956.813 965.169 2849.41
1659000 926.367 958.586 967.856 2852.81
1660000 923.495 958.687 967.42 2849.6
1661000 921.016 954.393 966.333 2841.74
1662000 921.477 956.119 970.146 2847.74
1663000 920.373 951.523 967.569 2839.47
1664000 925.174 957.182 976.179 2858.54
1665000 926.789 959.089 978.717 2864.59
1666000 926.393 959.613 977.214 2863.22
1667000 926.869 962.798 977.023 2866.69
1668000 927.791 965.976 980.331 2874.1
1669000 930.782 965.65 981.282 2877.71
1670000 928.907 962.252 977.416 2868.57
1671000 934.498 970.186 985.098 2889.78
1672000 935.837 971.905 987.111 2894.85
1673000 935.734 968.28 985.425 2889.44
1674000 942.286 973.045 987.794 2903.12
1675000 942.914 971.087 985.185 2899.19
1676000 945.311 972.284 987.424 2905.02
1677000 944.721 972.55 988.363 2905.63
1678000 943.174 970.779 988.036 2901.99
1679000 950.949 975.217 995.581 2921.75
1680000 946.499 971.895 989.489 2907.88
1681000 948.115 974.563 990.754 2913.43
1682000 953.15 977.871 994.072 2925.09
1683000 959.498 981.672 998.636 2939.81
1684000 958.52 976.371 992.758 2927.65
1685000 961.262 977.62 993.62 2932.5
1686000 965.427 981.073 994.996 2941.5
1687000 971.302 983.091 997.899 2952.29
1688000 972.393 982.299 1000.73 2955.43
1689000 969.931 979.377 998.573 2947.88
1690000 970.33 977.278 999.634 2947.24
1691000 975.856 983.57 1005.46 2964.88
1692000 976.368 979.103 1006.32 2961.79
1693000 979.613 982.22 1010.54 2972.37
1694000 980.051 981.954 1010.49 2972.49
1695000 985.954 987.778 1016.69 2990.42
1696000 983.473 986.566 1017.7 2987.74
1697000 981.66 985.981 1016.95 2984.59
1698000 982.508 984.772 1015.42 2982.7
1699000 985.161 987.984 1018.29 2991.43
1700000 987.092 989.045 1019.45 2995.58
1701000 985.848 988.436 1019.89 2994.18
1702000 988.269 991.417 1023.68 3003.37
1703000 987.427 990.079 1024.07 3001.58
1704000 987.481 990.835 1024.44 3002.76
1705000 992.257 993.986 1028.17 3014.41
1706000 993.528 997.406 1030.07 3021
1707000 995.705 999.113 1032.44 3027.25
1708000 993.337 995.667 1031.67 3020.68
1709000 999.302 1000.88 1037.27 3037.45
1710000 1002.42 1001.35 1038.34 3042.12
1711000 1005.32 1001.64 1038.07 3045.04
1712000 1001.72 997.143 1032.91 3031.77
1713000 1004 999.888 1037.82 3041.71
1714000 1002.89 999.864 1038.71 3041.46
1715000 1009.14 1006.05 1044.51 3059.71
1716000 1010.16 1005.84 1044.34 3060.33
1717000 1009.49 1003.08 1044.91 3057.48
1718000 1006.73 1001.44 1046.18 3054.36
1719000 1007.52 1002.76 1048.34 3058.62
1720000 1010.79 1004.84 1049.81 3065.43
1721000 1010.75 1005.63 1049.72 3066.1
1722000 1015.49 1010.57 1055.33 3081.38
1723000 1019.42 1013.18 1061.54 3094.14
1724000 1020.61 1015.44 1062.94 3098.99
1725000 1021.83 1015.55 1063.95 3101.32
1726000 1019.73 1011.1 1061.85 3092.67
1727000 1021.63 1011.93 1062.28 3095.84
1728000 1023.6 1009.24 1062.95 3095.79
1729000 1025.96 1011.26 1066.2 3103.42
1730000 1024.77 1014.61 1065.46 3104.84
1731000 1026.35 1018.3 1066.57 3111.23
1732000 1027.95 1020.54 1068.17 3116.67
1733000 1029.88 1022.19 1069.4 3121.47
1734000 1026.18 1020.01 1068.14 3114.34
1735000 1030.57 1024.05 1070.37 3125
1736000 1027.94 1023.31 1068.04 3119.29
1737000 1032.01 1026.12 1072.54 3130.68
1738000 1039.52 1031.24 1078.65 3149.41
1739000 1039.32 1028.19 1080.06 3147.56
1740000 1041.25 1029.98 1083.01 3154.24
1741000 1044.45 1031.52 1084.47 3160.44
1742000 1042.33 1030.59 1083.29 3156.2
1743000 1045.45 1032.01 1086.08 3163.54
1744000 1046.91 1032.97 1086.38 3166.25
1745000 1049.54 1035.16 1088.29 3172.98
1746000 1051.6 1033.67 1086.61 3171.89
1747000 1051.35 1034.16 1084.83 3170.34
1748000 1046.9 1030.24 1081.25 3158.39
1749000 1054.54 1038.13 1092.79 3185.46
1750000 1057.33 1039.98 1093.48 3190.79
1751000 1065.67 1048.34 1096.68 3210.69
1752000 1063.36 1046.66 1094.35 3204.37
1753000 1057.73 1040.69 1090.66 3189.08
1754000 1060.69 1045.57 1094.74 3201
1755000 1059.43 1047.19 1092.88 3199.5
1756000 1062.02 1051.64 1092.71 3206.37
1757000 1060.7 1051.6 1093.77 3206.07
1758000 1068.4 1058.27 1099.81 3226.47
1759000 1063.41 1053.25 1094.29 3210.95
1760000 1062.88 1050.3 1091.84 3205.02
1761000 1070.1 1055.75 1098.87 3224.72
1762000 1071.25 1058.71 1100.18 3230.14
1763000 1077.84 1064.4 1106.04 3248.28
1764000 1074.23 1059.92 1103.04 3237.18
1765000 1069.55 1056.65 1098.55 3224.74
1766000 1072.74 1058.81 1102.17 3233.71
1767000 1069.52 1054.63 1101.44 3225.59
1768000 1071.76 1052.87 1101.83 3226.46
1769000 1071.03 1052.68 1101.53 3225.24
1770000 1072.66 1052.75 1101.95 3227.36
1771000 1080.19 1062.49 1112.2 3254.88
1772000 1076.47 1057.95 1111.38 3245.8
1773000 1071.85 1057.23 1109.35 3238.43
1774000 1077.19 1061.59 1116.97 3255.74
1775000 1077.34 1061.48 1117.68 3256.5
1776000 1075.19 1061.35 1113.68 3250.21
1777000 1074.47 1061.44 1113.68 3249.6
1778000 1075.36 1060.82 1115.35 3251.53
1779000 1074.49 1061.98 1116.7 3253.17
1780000 1080.24 1065.87 1120.54 3266.65
1781000 1078.95 1063.98 1116.91 3259.84
1782000 1076.08 1062.81 1111.32 3250.2
1783000 1076.68 1060.63 1110.93 3248.25
1784000 1077.63 1058.43 1110.4 3246.46
1785000 1082.59 1063.87 1112.75 3259.21
1786000 1082.63 1062.43 1112.19 3257.25
1787000 1078.3 1060.26 1110.14 3248.7
1788000 1084.11 1067.07 1115.29 3266.48
1789000 1083.91 1067.37 1112.74 3264.02
1790000 1079.52 1064.64 1107.6 3251.77
1791000 1073.95 1059.03 1100.59 3233.57
1792000 1081.46 1064.81 1107.31 3253.58
1793000 1078.68 1063.98 1104.15 3246.8
1794000 1084.89 1068.67 1110 3263.57
1795000 1085.19 1071.84 1109.99 3267.02
1796000 1085.26 1071.22 1109.68 3266.16
1797000 1088.81 1070.57 1110.17 3269.55
1798000 1090.61 1071.56 1112.66 3274.82
1799000 1087.89 1066.76 1108.07 3262.72
1800000 1092.65 1072.68 1113.19 3278.52
1801000 1095.45 1074.71 1118.25 3288.42
1802000 1093.15 1070.56 1118.97 3282.68
1803000 1096.8 1075.56 1123.72 3296.08
1804000 1094.61 1074.86 1122.54 3292.01
1805000 1094.91 1075.05 1120.94 3290.9
1806000 1102.37 1082.17 1125.75 3310.3
1807000 1104.19 1083.33 1125.57 3313.1
1808000 1105.21 1084.44 1123.22 3312.87
1809000 1108.67 1090.34 1126.18 3325.19
1810000 1106.22 1087.13 1123.52 3316.87
1811000 1104.85 1084.55 1122.31 3311.72
1812000 1109.12 1085.51 1124.58 3319.21
1813000 1108.56 1086.03 1123.47 3318.06
1814000 1115.44 1089.43 1127.75 3332.63
1815000 1117.6 1095.09 1129.85 3342.55
1816000 1114.61 1090.49 1126.28 3331.38
1817000 1110.92 1087.77 1120.63 3319.33
1818000 1117.84 1093.65 1124.54 3336.02
1819000 1121.28 1095.29 1126.2 3342.77
1820000 1125.92 1098.74 1129.91 3354.57
1821000 1126.16 1101.04 1127.28 3354.49
1822000 1126.48 1102.98 1127.58 3357.04
1823000 1129.77 1105.08 1131.82 3366.67
1824000 1127.85 1104.51 1130.17 3362.52
1825000 1122.9 1103.6 1126.76 3353.26
1826000 1119.32 1100.02 1123.17 3342.51
1827000 1123.37 1104.31 1127.12 3354.8
1828000 1122.42 1100.91 1129.47 3352.8
1829000 1121.49 1099.51 1128.28 3349.28
1830000 1125.03 1102.8 1132.98 3360.81
1831000 1130 1106.58 1136.84 3373.42
1832000 1125.33 1104.33 1132.4 3362.06
1833000 1126.03 1100.88 1130.45 3357.36
1834000 1125.38 1101.92 1127.11 3354.4
1835000 1122.6 1101.42 1129.23 3353.25
1836000 1123.57 1101.3 1130.72 3355.6
1837000 1126.96 1102.63 1132.26 3361.85
1838000 1123.67 1098.69 1132.49 3354.86
1839000 1119.28 1096.14 1132.79 3348.21
1840000 1120.5 1096.73 1136.61 3353.84
1841000 1119.76 1093.2 1135.3 3348.25
1842000 1118.74 1091.98 1134.47 3345.19
1843000 1117.72 1093.74 1136.36 3347.83
1844000 1119.49 1096.19 1139.68 3355.35
1845000 1121.23 1099.68 1145.63 3366.55
1846000 1116.62 1097.43 1145.25 3359.3
1847000 1122.33 1102.82 1152.35 3377.49
1848000 1121.76 1101.59 1152.75 3376.09
1849000 1120.98 1100.89 1152.78 3374.65
1850000 1119.09 1102.49 1154.29 3375.87
1851000 1118.15 1105.83 1156.55 3380.54
1852000 1122.65 1112.69 1157.11 3392.45
1853000 1123.53 1113.8 1154.33 3391.67
1854000 1118.37 1111.29 1149.31 3378.98
1855000 1122.01 1115.32 1151.39 3388.71
1856000 1125.11 1120.25 1157.11 3402.46
1857000 1126.63 1123.76 1161.34 3411.73
1858000 1125.5 1124 1161.87 3411.37
1859000 1129.99 1126.65 1161.18 3417.83
1860000 1133.47 1127.29 1164.09 3424.86
1861000 1135.89 1130.56 1165.25 3431.7
1862000 1135.59 1132.57 1163.95 3432.11
1863000 1135.55 1135.2 1164.08 3434.83
1864000 1134.41 1134.16 1162.18 3430.75
1865000 1135.63 1134.73 1160.41 3430.77
1866000 1135.94 1131.34 1156.63 3423.92
1867000 1142.78 1140.52 1163.6 3446.91
1868000 1139.23 1135.93 1161.25 3436.42
1869000 1143.68 1137.88 1162.37 3443.93
1870000 1149.72 1139.44 1165.36 3454.52
1871000 1148.61 1140.03 1164.26 3452.9
1872000 1144.53 1135.27 1161.03 3440.83
1873000 1146.81 1133.81 1161.21 3441.83
1874000 1147.3 1136.67 1161.64 3445.61
1875000 1147.39 1137.88 1156.45 3441.72
1876000 1154.13 1143.73 1164.03 3461.89
1877000 1152.79 1142.71 1163.35 3458.85
1878000 1158.54 1147.02 1167.11 3472.67
1879000 1166.5 1154.81 1173.77 3495.09
1880000 1165.42 1155.56 1173.99 3494.97
1881000 1161.17 1152.98 1170.48 3484.62
1882000 1164.82 1157.5 1176 3498.31
1883000 1161.9 1152.11 1170.74 3484.75
1884000 1165.69 1157.56 1176.97 3500.23
1885000 1161.88 1157.99 1175.13 3495
1886000 1166.74 1164.76 1178.82 3510.31
1887000 1161.89 1161.61 1172.51 3496.01
1888000 1168.53 1167.01 1178.33 3513.86
1889000 1175.69 1174.52 1182.86 3533.07
1890000 1175.32 1172.3 1180 3527.62
1891000 1177.24 1173.33 1181.05 3531.62
1892000 1179.31 1177.16 1183.42 3539.89
1893000 1176.36 1175.58 1180.05 3532
1894000 1180.13 1179.78 1183.32 3543.23
1895000 1178.12 1178.79 1179.33 3536.25
1896000 1183.89 1181.36 1184.74 3549.99
1897000 1184.23 1181.97 1186.99 3553.18
1898000 1179.8 1176.47 1184.58 3540.85
1899000 1182.63 1177.2 1189.41 3549.24
1900000 1188.03 1182 1194.66 3564.69
1901000 1187.82 1178.57 1190.75 3557.15
1902000 1182.31 1170.87 1183.53 3536.71
1903000 1187.72 1176.86 1187.02 3551.6
1904000 1192.15 1180.38 1192.85 3565.38
1905000 1193.55 1183.97 1195.14 3572.66
1906000 1191.91 1185.85 1193.75 3571.51
1907000 1193.96 1188.68 1194.79 3577.43
1908000 1188.5 1185.31 1190.24 3564.06
1909000 1191.32 1187.14 1192.13 3570.59
1910000 1196.02 1190.9 1195.2 3582.11
1911000 1194.61 1190.23 1195 3579.84
1912000 1197.98 1195.58 1201.02 3594.57
1913000 1195.75 1193.04 1198.33 3587.12
1914000 1196.05 1194.55 1200.16 3590.76
1915000 1195 1191.13 1198.46 3584.59
1916000 1198.41 1190.59 1196.94 3585.94
1917000 1195.9 1188.95 1195.9 3580.75
1918000 1198.42 1192.17 1201.11 3591.71
1919000 1198.59 1192.62 1201.41 3592.62
1920000 1205.01 1197.15 1204.53 3606.69
1921000 1207.95 1202.01 1209.79 3619.74
1922000 1206.35 1198.45 1208.17 3612.96
1923000 1205.32 1196.34 1205.2 3606.86
1924000 1208.36 1201.75 1207.67 3617.77
1925000 1206.71 1199.84 1204.32 3610.87
1926000 1208.14 1199.95 1204.82 3612.92
1927000 1206.22 1198.76 1203.7 3608.68
1928000 1206.88 1202.27 1207.43 3616.58
1929000 1206.82 1202.16 1209.96 3618.94
1930000 1211.54 1205.19 1213.21 3629.94
1931000 1214.38 1205.18 1213.85 3633.42
1932000 1211.98 1201.62 1209.49 3623.09
1933000 1213.41 1202.43 1211.58 3627.43
1934000 1214.53 1201.87 1211.36 3627.76
1935000 1209.21 1198.89 1206.27 3614.37
1936000 1207.85 1198.07 1204.52 3610.45
1937000 1207.04 1198.49 1205.67 3611.2
1938000 1204.21 1193.94 1204.43 3602.59
1939000 1204.93 1194.74 1206.84 3606.51
1940000 1211.83 1201.97 1214.58 3628.39
1941000 1216.07 1202.77 1218.41 3637.26
1942000 1214.88 1201.79 1217.23 3633.91
1943000 1217.08 1200.13 1218.15 3635.36
1944000 1218.76 1201.71 1220.06 3640.53
1945000 1218.16 1206.94 1223.32 3648.42
1946000 1216.69 1210.19 1224.61 3651.49
1947000 1221.32 1214.75 1229.55 3665.61
1948000 1228.48 1219.58 1233.18 3681.25
1949000 1227.39 1218.63 1230.63 3676.65
1950000 1226.75 1217.18 1228.87 3672.81
1951000 1226.24 1217.21 1228.25 3671.7
1952000 1225.91 1219.51 1232.62 3678.03
1953000 1222.42 1214.6 1226.38 3663.4
1954000 1224.51 1216.96 1229.41 3670.87
1955000 1223.46 1216.75 1231.21 3671.42
1956000 1221.62 1214.51 1227.85 3663.98
1957000 1223.3 1217.15 1229.13 3669.58
1958000 1230.12 1223.52 1235.27 3688.92
1959000 1230.45 1220.45 1234.02 3684.92
1960000 1231.85 1222.13 1236.83 3690.81
1961000 1230.76 1218.57 1234.62 3683.95
1962000 1229.51 1218.05 1233.05 3680.6
1963000 1238.21 1225.68 1238.35 3702.24
1964000 1239.22 1223.95 1236.5 3699.66
1965000 1244.99 1230.66 1240.38 3716.03
1966000 1243.36 1229.59 1236.92 3709.87
1967000 1248.56 1231.65 1241.05 3721.27
1968000 1246.43 1228.52 1238.34 3713.3
1969000 1251.48 1235.55 1242.85 3729.88
1970000 1253.32 1237.65 1242.96 3733.93
1971000 1244.17 1234.01 1240.16 3718.35
1972000 1250.53 1242.87 1245.87 3739.26
1973000 1245.29 1239.69 1239.71 3724.69
1974000 1247.69 1243.03 1241.78 3732.5
1975000 1253.55 1244.4 1246.23 3744.18
1976000 1258.02 1244.91 1247.28 3750.22
1977000 1257.11 1242.06 1246.12 3745.29
1978000 1258.56 1245.48 1252.18 3756.22
1979000 1262.91 1248.65 1254.59 3766.15
1980000 1261.7 1247.74 1254.08 3763.52
1981000 1264.35 1246.71 1253.42 3764.48
1982000 1268.61 1254.53 1259.05 3782.19
1983000 1269.75 1255.57 1258.51 3783.83
1984000 1269.03 1253.92 1257.86 3780.81
1985000 1267.98 1252.58 1255.47 3776.03
1986000 1267.82 1253.15 1254.7 3775.67
1987000 1265.63 1251.05 1251.48 3768.17
1988000 1270.38 1254.53 1256.18 3781.08
1989000 1274.16 1257.79 1260.81 3792.76
1990000 1278.34 1260.4 1267.01 3805.76
1991000 1270.55 1252.5 1261.12 3784.17
1992000 1273.63 1254.79 1262.83 3791.25
1993000 1271.17 1250.97 1262.79 3784.93
1994000 1271.95 1251.57 1262.65 3786.17
1995000 1275.88 1256.02 1266.08 3797.98
1996000 1277.55 1255.28 1266.3 3799.13
1997000 1276.06 1252.36 1262.88 3791.3
1998000 1286.88 1266.16 1274.49 3827.53
1999000 1282.35 1262.67 1269.88 3814.9
2000000 1281.45 1259.97 1269.05 3810.47
2001000 1278.57 1257.39 1265.25 3801.21
2002000 1285.2 1262.52 1270.7 3818.42
2003000 1283.29 1259.57 1268.79 3811.65
2004000 1289.92 1264.96 1273.81 3828.69
2005000 1288.04 1262.32 1272.52 3822.89
2006000 1286.77 1257.68 1270.55 3815
2007000 1287.63 1260.24 1272.02 3819.9
2008000 1287.69 1259.69 1269.62 3817
2009000 1293.2 1261.2 1271.74 3826.14
2010000 1294.35 1261.78 1273.43 3829.57
2011000 1291.26 1259.88 1270.88 3822.03
2012000 1298.7 1268.01 1275.6 3842.3
2013000 1303.07 1271.89 1279.29 3854.25
2014000 1295.61 1264.5 1274.65 3834.76
2015000 1290.32 1261.48 1273.76 3825.56
2016000 1291.06 1265.14 1277.02 3833.22
2017000 1293.38 1266.98 1276.03 3836.4
2018000 1295.26 1265.01 1275.64 3835.92
2019000 1296.78 1265.91 1274.3 3836.99
2020000 1302.19 1270.69 1278.17 3851.06
2021000 1308.86 1276.94 1285.72 3871.51
2022000 1309.34 1276.67 1287.91 3873.92
2023000 1310.03 1281.15 1292.61 3883.79
2024000 1309.14 1279.72 1290.41 3879.27
2025000 1312.5 1283.28 1294.32 3890.1
2026000 1312.86 1279.25 1292.02 3884.13
2027000 1316.24 1278.14 1290.9 3885.28
2028000 1315.92 1277.91 1287.93 3881.75
2029000 1320.25 1283.12 1291.95 3895.32
2030000 1320 1282.08 1289.55 3891.62
2031000 1324.5 1284.78 1292.83 3902.11
2032000 1318.2 1279.69 1284.43 3882.31
2033000 1317.19 1277.02 1280.66 3874.87
2034000 1318.98 1278.1 1286.29 3883.37
2035000 1326.28 1285.07 1293.98 3905.32
2036000 1330.75 1287.02 1299.84 3917.61
2037000 1327.89 1287 1297.69 3912.57
2038000 1326.05 1285.35 1292.55 3903.95
2039000 1329 1288.24 1294.51 3911.75
2040000 1326.98 1288.96 1294.09 3910.02
2041000 1325.52 1285.1 1290.23 3900.85
2042000 1331.98 1293.15 1296.03 3921.16
2043000 1332.43 1291.01 1295.6 3919.03
2044000 1333.25 1288.04 1295.82 3917.11
2045000 1341.72 1296.5 1303.54 3941.76
2046000 1340.36 1293.64 1302.82 3936.82
2047000 1348.14 1303.43 1310.29 3961.86
2048000 1342.64 1298.08 1304.83 3945.54
2049000 1341.34 1298.78 1304.92 3945.04
2050000 1332.9 1293.64 1299.29 3925.82
2051000 1336.03 1298.29 1303.49 3937.81
2052000 1336.86 1296.7 1301.84 3935.4
2053000 1343.33 1302.35 1307.39 3953.07
2054000 1344.33 1301.2 1304.04 3949.58
2055000 1348.8 1306.62 1307.36 3962.78
2056000 1347.57 1310.07 1307.65 3965.29
2057000 1349.05 1312.8 1310.6 3972.45
2058000 1348.79 1312.7 1310.54 3972.03
2059000 1350.73 1316.63 1316.51 3983.87
2060000 1345.12 1313.8 1310.51 3969.43
2061000 1345.27 1314.81 1310.05 3970.13
2062000 1348.2 1313.05 1309.18 3970.43
2063000 1350.49 1312.25 1312.6 3975.33
2064000 1353.36 1315.15 1316.25 3984.76
2065000 1362.63 1322.85 1325.61 4011.09
2066000 1363 1319.94 1324.35 4007.29
2067000 1359.64 1314.18 1322.15 3995.97
2068000 1359.29 1312.79 1318.14 3990.22
2069000 1365.73 1319.81 1323.36 4008.9
2070000 1370.05 1323.71 1329.74 4023.5
2071000 1366.73 1321.23 1326.11 4014.08
2072000 1363.41 1318.8 1323.73 4005.95
2073000 1365.85 1320.06 1326.62 4012.53
2074000 1365.52 1322.38 1329.47 4017.37
2075000 1371.13 1326.72 1337.88 4035.74
2076000 1369.56 1323.85 1340.39 4033.79
2077000 1368.63 1320.19 1339.73 4028.56
2078000 1363.85 1316.67 1336.83 4017.36
2079000 1365.36 1317.47 1335.31 4018.14
2080000 1366.52 1318.92 1339.97 4025.41
2081000 1362.4 1314.69 1335.03 4012.12
2082000 1364.58 1318.36 1335.25 4018.19
2083000 1366.71 1321.59 1337.55 4025.85
2084000 1365.56 1321.2 1336.45 4023.21
2085000 1365.17 1316.34 1331.94 4013.44
2086000 1365.84 1315.08 1333.01 4013.94
2087000 1374.76 1326.85 1341.07 4042.69
2088000 1370.73 1324.29 1337.42 4032.44
2089000 1372.3 1327.1 1339.43 4038.82
2090000 1371.36 1328.04 1339.99 4039.4
2091000 1375.06 1328.47 1341.87 4045.4
2092000 1366.82 1321.11 1334.66 4022.59
2093000 1369.52 1321.13 1336.22 4026.87
2094000 1374.91 1323.85 1340.86 4039.62
2095000 1382.43 1331.06 1343.71 4057.2
2096000 1379.73 1329.36 1342.06 4051.15
2097000 1389.71 1338.09 1350.19 4077.99
2098000 1390.4 1337.24 1348.64 4076.29
2099000 1389.35 1335.45 1348.59 4073.38
2100000 1388.65 1335.43 1349.01 4073.09
2101000 1380.91 1328.16 1342.89 4051.96
2102000 1381.96 1328.71 1341.71 4052.38
2103000 1385.07 1330.78 1344.94 4060.79
2104000 1392.23 1338.12 1351.83 4082.17
2105000 1399.89 1342.79 1357.82 4100.5
2106000 1395.7 1336.81 1353.52 4086.03
2107000 1394.97 1338.6 1355.88 4089.45
2108000 1396.35 1341.12 1356.51 4093.98
2109000 1398.68 1338.33 1355.53 4092.54
2110000 1397.78 1336.92 1353.51 4088.21
2111000 1405.18 1345.36 1359.93 4110.46
2112000 1403.72 1346.69 1361.48 4111.89
2113000 1407.67 1348.95 1362.08 4118.7
2114000 1397.73 1343.16 1352.79 4093.68
2115000 1403.56 1346.42 1355.27 4105.25
2116000 1403.25 1344.84 1356.9 4104.99
2117000 1406.04 1349.6 1360.67 4116.32
2118000 1398.23 1344.7 1355.02 4097.95
2119000 1407.45 1353.21 1362.96 4123.62
2120000 1411.22 1357.02 1368.16 4136.4
2121000 1412.58 1361.27 1367.9 4141.74
2122000 1413.61 1365.01 1366.57 4145.19
2123000 1418.15 1368.81 1369.76 4156.72
2124000 1415.68 1367.32 1362.96 4145.96
2125000 1425.48 1375.87 1371.24 4172.59
2126000 1422.06 1371.04 1367.87 4160.97
2127000 1418.1 1367.94 1366.04 4152.08
2128000 1423.2 1369.26 1369.62 4162.08
2129000 1422.78 1368.36 1369.6 4160.74
2130000 1422.04 1368.3 1368.15 4158.49
2131000 1424.66 1371.12 1368.6 4164.38
2132000 1432.39 1378.02 1371.84 4182.26
2133000 1429.47 1375.98 1370.97 4176.41
2134000 1430.36 1374.92 1372.65 4177.94
2135000 1439.6 1384.44 1378.42 4202.45
2136000 1431.66 1377.24 1370.63 4179.53
2137000 1428.24 1375.92 1370.04 4174.21
2138000 1435.33 1381.84 1373.4 4190.57
2139000 1436.76 1384.38 1376.17 4197.32
2140000 1441.49 1388.21 1381.78 4211.49
2141000 1437.46 1385.51 1380.86 4203.82
2142000 1435.58 1384.59 1378.45 4198.63
2143000 1436.39 1382.88 1377.87 4197.14
2144000 1441.75 1387.26 1381.28 4210.29
2145000 1445.86 1392.77 1382.16 4220.79
2146000 1452.68 1400.43 1388.78 4241.89
2147000 1439.35 1389.35 1378.19 4206.89
2148000 1440.66 1388.58 1378.65 4207.89
2149000 1442.95 1393.33 1381.38 4217.65
2150000 1447.95 1397.93 1387.37 4233.24
2151000 1448.72 1397.6 1389.09 4235.41
2152000 1447.45 1393.76 1387.48 4228.69
2153000 1447.34 1395.09 1387.44 4229.87
2154000 1448.38 1396.91 1389.34 4234.62
2155000 1449.94 1399.41 1391.51 4240.86
2156000 1454.54 1405.61 1393.76 4253.91
2157000 1458.02 1408.83 1394.96 4261.81
2158000 1454.16 1406.25 1392.44 4252.85
2159000 1453.18 1405.47 1390.57 4249.21
2160000 1457.18 1408.24 1393.24 4258.66
2161000 1454.81 1406.56 1388.02 4249.39
2162000 1463.54 1416.55 1393.85 4273.95
2163000 1464.9 1415.55 1393.5 4273.95
2164000 1457.8 1410.55 1387.84 4256.19
2165000 1469.66 1418.69 1396.63 4284.99
2166000 1482.2 1428.01 1407.46 4317.67
2167000 1473.32 1422.17 1399.64 4295.13
2168000 1477.93 1426.17 1403.99 4308.09
2169000 1475.92 1422.47 1399.49 4297.88
2170000 1476.52 1419.08 1397.73 4293.33
2171000 1479.71 1418.87 1396.37 4294.95
2172000 1483.21 1421.25 1398.21 4302.67
2173000 1490.51 1427.58 1404.29 4322.37
2174000 1488.33 1422.38 1400.58 4311.29
2175000 1487.77 1422.92 1397.32 4308.01
2176000 1498.2 1429.91 1403.81 4331.92
2177000 1493.83 1425.25 1401.46 4320.55
2178000 1495.81 1429.7 1402.13 4327.63
2179000 1491.29 1426.56 1397.46 4315.31
2180000 1489.86 1422.79 1398.6 4311.25
2181000 1497.79 1432.53 1405.39 4335.72
2182000 1497.89 1436.49 1406.21 4340.6
2183000 1493.38 1432.36 1401.03 4326.77
2184000 1495.81 1433.55 1401.7 4331.05
2185000 1498.62 1435.11 1401.89 4335.61
2186000 1505.44 1436.8 1405.8 4348.04
2187000 1507.18 1437.24 1406.73 4351.15
2188000 1512.77 1438.66 1411.06 4362.48
2189000 1510.63 1439.7 1410.89 4361.21
2190000 1514.04 1445 1417.2 4376.24
2191000 1513.54 1444.56 1414.6 4372.69
2192000 1510.68 1443.02 1413.1 4366.8
2193000 1509.45 1444.3 1410.84 4364.59
2194000 1508.3 1443.11 1408.85 4360.25
2195000 1514.32 1446.33 1416.11 4376.77
2196000 1523 1453.73 1419.97 4396.7
2197000 1524.55 1455.24 1420.1 4399.9
2198000 1529.43 1457.82 1424.59 4411.85
2199000 1531.51 1458.41 1428.1 4418.02
2200000 1527.17 1454.13 1425.41 4406.72
2201000 1524.09 1450.84 1422.68 4397.62
2202000 1525.61 1448.62 1422.14 4396.38
2203000 1527.86 1451.51 1427.29 4406.65
2204000 1535.87 1457.1 1432.28 4425.25
2205000 1529.48 1450.68 1423.69 4403.85
2206000 1524.58 1449.34 1421.8 4395.72
2207000 1532.92 1456.6 1427.95 4417.47
2208000 1530.15 1457.26 1427.3 4414.71
2209000 1525.28 1456.64 1426.85 4408.78
2210000 1526.63 1457.25 1430.82 4414.7
2211000 1520.54 1453.19 1426.35 4400.08
2212000 1522.73 1452.94 1426.93 4402.6
2213000 1522.72 1453.35 1427.83 4403.9
2214000 1529.69 1460.41 1436.33 4426.43
2215000 1528.48 1458.04 1435.99 4422.51
2216000 1534.62 1462.12 1439.72 4436.45
2217000 1539.3 1469.94 1446.58 4455.81
2218000 1538.77 1467.47 1446.32 4452.56
2219000 1534.6 1463.61 1443.51 4441.72
2220000 1533.22 1465.31 1442.72 4441.25
2221000 1538.97 1469.36 1445.3 4453.63
2222000 1537.63 1470.35 1444.53 4452.51
2223000 1539.14 1468.9 1443.94 4451.98
2224000 1539.42 1472.31 1445.23 4456.96
2225000 1537.04 1470.17 1445.87 4453.09
2226000 1536.79 1467.09 1447.75 4451.62
2227000 1540.56 1469.41 1450.24 4460.2
2228000 1548.87 1475.52 1455.45 4479.84
2229000 1547.93 1472.75 1453.06 4473.75
2230000 1544.28 1469.67 1451.02 4464.97
2231000 1547.92 1470.27 1453.23 4471.42
2232000 1550.36 1470.4 1452.75 4473.51
2233000 1554.82 1474.68 1453.98 4483.48
2234000 1553.81 1473.47 1450.04 4477.32
2235000 1554.61 1474.74 1453.4 4482.74
2236000 1556.61 1478.78 1455.81 4491.21
2237000 1556.2 1476.47 1455.28 4487.94
2238000 1552.93 1475.22 1454.2 4482.35
2239000 1558.79 1478.9 1457.77 4495.46
2240000 1565.04 1483.9 1462.12 4511.06
2241000 1564.87 1485.37 1463.5 4513.74
2242000 1556.09 1476.44 1457.78 4490.31
2243000 1560.67 1481.45 1461.18 4503.3
2244000 1568.58 1488.48 1466.5 4523.56
2245000 1572.45 1494.39 1473.94 4540.77
2246000 1568.4 1493.08 1469.93 4531.4
2247000 1571.48 1495.64 1476.75 4543.87
2248000 1562.27 1487.05 1470.4 4519.72
2249000 1557.09 1484.01 1465.25 4506.35
2250000 1563.15 1490.51 1468.74 4522.41
2251000 1569.5 1496.59 1473.33 4539.42
2252000 1564.79 1492.03 1471.25 4528.07
2253000 1571.73 1500.55 1479.66 4551.94
2254000 1565.72 1494.9 1475.99 4536.61
2255000 1570.57 1499.23 1480.06 4549.86
2256000 1571.15 1497.36 1480.88 4549.39
2257000 1565.21 1493.48 1475.1 4533.79
2258000 1566.83 1495.47 1478.02 4540.32
2259000 1575.35 1500.14 1485 4560.48
2260000 1580.23 1500.75 1487.14 4568.12
2261000 1582.24 1498.2 1483.28 4563.72
2262000 1580.4 1493.63 1480.68 4554.7
2263000 1585.22 1497.12 1482.21 4564.55
2264000 1585.8 1494.48 1483.42 4563.7
2265000 1583.14 1494.15 1484.07 4561.36
2266000 1581.83 1490.76 1484.52 4557.11
2267000 1586.02 1494.06 1485.46 4565.54
2268000 1590.76 1500.87 1489.74 4581.36
2269000 1586.53 1497.91 1485.94 4570.38
2270000 1590.28 1502.85 1491.57 4584.69
2271000 1592.06 1503.9 1494.15 4590.1
2272000 1593.08 1503.73 1491.69 4588.5
2273000 1591.11 1504.56 1493.7 4589.38
2274000 1593.1 1504.17 1493.48 4590.75
2275000 1591.96 1503.71 1491.5 4587.16
2276000 1593.78 1501.68 1493.4 4588.86
2277000 1599.17 1506.6 1496.71 4602.48
2278000 1604.05 1509.39 1499.74 4613.18
2279000 1607.09 1512.32 1502.3 4621.72
2280000 1617.18 1521.43 1510.21 4648.82
2281000 1604.01 1510.4 1499.98 4614.39
2282000 1602.33 1509.31 1498.65 4610.29
2283000 1611.13 1517.71 1506.1 4634.94
2284000 1610.15 1514.67 1505.41 4630.23
2285000 1606.85 1510.39 1502.79 4620.03
2286000 1605.57 1511.59 1505.25 4622.41
2287000 1610.73 1517.46 1509.1 4637.3
2288000 1605.66 1510.45 1501.62 4617.73
2289000 1611.69 1512 1507.39 4631.08
2290000 1615.75 1516.96 1509.64 4642.35
2291000 1615.77 1519.18 1511.33 4646.28
2292000 1620.68 1522.57 1514.49 4657.74
2293000 1618.45 1521.11 1512.51 4652.07
2294000 1615.69 1519.82 1508.7 4644.21
2295000 1624.95 1530.12 1515.41 4670.47
2296000 1624.98 1525.76 1514.3 4665.03
2297000 1624.56 1525.72 1515.04 4665.33
2298000 1623.32 1525.73 1513.83 4662.88
2299000 1628.65 1522.47 1509.47 4660.59
2300000 1633.51 1526.08 1510.47 4670.06
2301000 1638.3 1531.5 1512.07 4681.87
2302000 1639.9 1533.14 1510.72 4683.76
2303000 1636.84 1530.46 1504.8 4672.1
2304000 1636.39 1531.12 1504.02 4671.53
2305000 1639.36 1533.35 1505.42 4678.13
2306000 1640.36 1531.6 1504.07 4676.03
2307000 1638.36 1529.75 1502.25 4670.36
2308000 1645.02 1534.55 1506.91 4686.49
2309000 1648.61 1534.1 1505.9 4688.61
2310000 1647.77 1533.48 1507.01 4688.26
2311000 1646 1531 1503.79 4680.79
2312000 1646.3 1528.3 1504.51 4679.11
2313000 1643.47 1526.68 1502.51 4672.66
2314000 1647.99 1528.83 1504.89 4681.71
2315000 1655.7 1534.48 1505.82 4695.99
2316000 1666.57 1544.39 1512.35 4723.31
2317000 1668.01 1546.15 1512.69 4726.85
2318000 1662.92 1539.81 1510.39 4713.12
2319000 1656.16 1533.77 1506.62 4696.55
2320000 1657.59 1536.59 1509.54 4703.73
2321000 1659.32 1535.3 1509.18 4703.8
2322000 1664.96 1535.99 1509.63 4710.58
2323000 1669.07 1538.01 1511.7 4718.78
2324000 1666.91 1536.93 1508.17 4712
2325000 1668.84 1540.91 1511.61 4721.37
2326000 1667.83 1539.65 1509.1 4716.58
2327000 1669.46 1543.98 1511.78 4725.21
2328000 1674.6 1547.31 1514.11 4736.02
2329000 1668.17 1541.48 1510.94 4720.59
2330000 1670.02 1546.06 1514.54 4730.62
2331000 1672.65 1548.05 1515.82 4736.53
2332000 1675.18 1548.84 1516.5 4740.52
2333000 1672.38 1550.14 1516.63 4739.15
2334000 1665.31 1545.82 1513.69 4724.82
2335000 1668.65 1547.41 1517.15 4733.22
2336000 1672.11 1552.73 1520.8 4745.64
2337000 1672.97 1551.6 1522.33 4746.9
2338000 1673.07 1551.9 1525.92 4750.89
2339000 1667.26 1544.92 1517.13 4729.31
2340000 1671.5 1548.61 1517.1 4737.21
2341000 1677.08 1555.98 1527.89 4760.95
2342000 1677.41 1553.94 1526.31 4757.66
2343000 1670.38 1550.92 1519.95 4741.25
2344000 1675.18 1554.58 1523.98 4753.74
2345000 1674.6 1549.94 1522.76 4747.3
2346000 1681.2 1556.92 1531.2 4769.32
2347000 1674.18 1553.67 1525.48 4753.33
2348000 1679.16 1560.27 1532.05 4771.48
2349000 1687.23 1565.81 1542.03 4795.08
2350000 1679.3 1558.23 1535.67 4773.21
2351000 1684.99 1567.06 1541.43 4793.48
2352000 1682.81 1562.92 1534.93 4780.66
2353000 1684.81 1563.85 1539.47 4788.13
2354000 1685.05 1565.27 1542.3 4792.62
2355000 1693.93 1571.07 1548.41 4813.42
2356000 1692.31 1567.99 1548.9 4809.2
2357000 1692.18 1568.95 1550.34 4811.48
2358000 1692.7 1568.27 1548.69 4809.67
2359000 1701.39 1577.37 1557.11 4835.87
2360000 1694.15 1570.66 1548.84 4813.65
2361000 1700.85 1578.29 1559.25 4838.39
2362000 1705.37 1583.85 1564.65 4853.87
2363000 1696.99 1576.57 1556.79 4830.36
2364000 1696.56 1576.85 1559.5 4832.91
2365000 1700.27 1582.89 1561.75 4844.91
2366000 1706.17 1587.07 1561.07 4854.32
2367000 1702.5 1582.33 1555.63 4840.47
2368000 1706.01 1587.36 1559.15 4852.52
2369000 1706.48 1582.36 1556.01 4844.85
2370000 1709.32 1583.26 1557.26 4849.84
2371000 1701.16 1573.72 1552.24 4827.13
2372000 1708.77 1583.62 1559.49 4851.88
2373000 1699.31 1577.67 1552.02 4829
2374000 1704.18 1582.42 1556.79 4843.39
2375000 1708.53 1585.07 1560.09 4853.69
2376000 1707.96 1585.32 1558.63 4851.91
2377000 1715.43 1593.31 1566.99 4875.73
2378000 1713.29 1588.72 1563.94 4865.95
2379000 1714.14 1588.1 1565.68 4867.92
2380000 1711.95 1587.74 1567.46 4867.14
2381000 1717.44 1589.13 1572.26 4878.83
2382000 1721.28 1593.09 1575.53 4889.9
2383000 1726.55 1596.65 1577.46 4900.67
2384000 1718.46 1586.79 1568.91 4874.16
2385000 1720.48 1588.07 1569.66 4878.21
2386000 1724.48 1591.31 1572.59 4888.38
2387000 1719.9 1582.89 1565.56 4868.35
2388000 1724.42 1587.15 1568.08 4879.64
2389000 1726.75 1589.49 1572.56 4888.8
2390000 1731.31 1597.9 1578.01 4907.21
2391000 1734.36 1599.1 1582.29 4915.75
2392000 1726.56 1593.03 1579.63 4899.23
2393000 1726.91 1592.58 1580.69 4900.18
2394000 1726.78 1589.72 1578.03 4894.52
2395000 1735.98 1595.48 1582.62 4914.08
2396000 1735.14 1593.68 1580.33 4909.16
2397000 1731.33 1592.55 1579.33 4903.21
2398000 1736.68 1599.01 1584.73 4920.42
2399000 1731.59 1595.03 1577.73 4904.36
2400000 1739.51 1600.22 1580.08 4919.82
2401000 1741.31 1600.62 1579.77 4921.71
2402000 1737.61 1594.86 1575.68 4908.15
2403000 1739.68 1592.04 1576.38 4908.1
2404000 1741.27 1595.78 1580.18 4917.23
2405000 1740.86 1594.35 1581.35 4916.56
2406000 1747.69 1599.03 1584.37 4931.09
2407000 1753.12 1601.2 1585.25 4939.57
2408000 1754.48 1601.21 1585.56 4941.24
2409000 1764.32 1608.97 1594.53 4967.82
2410000 1763.68 1610.3 1593.41 4967.39
2411000 1755.83 1604.69 1585.63 4946.15
2412000 1757.42 1604.07 1586.42 4947.92
2413000 1754.59 1600.57 1584.15 4939.3
2414000 1762.89 1608.5 1589.72 4961.11
2415000 1762.77 1610.32 1590.06 4963.15
2416000 1756.79 1604.21 1584.16 4945.16
2417000 1758.18 1605.1 1582.48 4945.75
2418000 1764.67 1610.35 1585.5 4960.52
2419000 1762.71 1610.11 1585.95 4958.78
2420000 1766.27 1615.81 1593.56 4975.65
2421000 1760.36 1610.32 1587.57 4958.25
2422000 1763.33 1613.97 1587.65 4964.95
2423000 1764.32 1613.24 1588.79 4966.35
2424000 1773.4 1623.07 1598.39 4994.85
2425000 1762.87 1618.4 1593.22 4974.49
2426000 1768.69 1625.91 1599.93 4994.53
2427000 1763.07 1619.54 1595.39 4978
2428000 1769.07 1624.46 1600.44 4993.98
2429000 1769 1625.5 1598.82 4993.32
2430000 1769.32 1622.12 1597.82 4989.26
2431000 1768.11 1619.81 1597.05 4984.97
2432000 1770.06 1620.21 1597.12 4987.39
2433000 1771.77 1619.35 1597.85 4988.97
2434000 1781.59 1628.64 1605 5015.23
2435000 1776.86 1628.38 1604 5009.24
2436000 1777.01 1631.46 1604.35 5012.82
2437000 1773.07 1629.77 1600.69 5003.54
2438000 1767.85 1622.55 1594.98 4985.38
2439000 1774.39 1629.35 1602.72 5006.45
2440000 1775.71 1630.06 1604.13 5009.89
2441000 1781.06 1636.39 1609.36 5026.81
2442000 1777.17 1634.52 1602.94 5014.64
2443000 1771.37 1630.81 1596.98 4999.16
2444000 1771.82 1631.2 1596.52 4999.53
2445000 1784.58 1643.57 1606.75 5034.9
2446000 1791.94 1650.12 1613.76 5055.83
2447000 1783.37 1641.12 1603.02 5027.51
2448000 1783.71 1641.26 1604.34 5029.31
2449000 1782.16 1640.27 1603.69 5026.12
2450000 1784.74 1642.47 1611.83 5039.04
2451000 1791.4 1648.11 1617.2 5056.7
2452000 1790.14 1643 1611.17 5044.3
2453000 1793.68 1643.37 1618.18 5055.23
2454000 1785.08 1634.39 1612.64 5032.12
2455000 1794.34 1640.53 1619.76 5054.63
2456000 1800.32 1644.01 1620.99 5065.32
2457000 1793.92 1636.83 1615.86 5046.61
2458000 1795.47 1641.1 1619.32 5055.9
2459000 1798.27 1646.33 1620.71 5065.31
2460000 1797.49 1646.26 1618.55 5062.3
2461000 1796.32 1643.84 1615.7 5055.86
2462000 1797.22 1642.27 1614.95 5054.44
2463000 1808.87 1649.32 1622.86 5081.05
2464000 1807.62 1647.28 1621.03 5075.93
2465000 1802 1646.97 1620 5068.97
2466000 1804.1 1645.96 1619.3 5069.36
2467000 1797.8 1639.16 1612.97 5049.93
2468000 1799.19 1640.62 1616.48 5056.29
2469000 1794.13 1639.75 1616.78 5050.66
2470000 1799.58 1644.11 1621.93 5065.62
2471000 1796.86 1641.31 1623.26 5061.44
2472000 1802.14 1647.65 1631.11 5080.89
2473000 1800.64 1647.12 1631.06 5078.82
2474000 1798.02 1648.04 1631.69 5077.74
2475000 1807.35 1657.18 1638.6 5103.13
2476000 1812.01 1658.4 1643.23 5113.63
2477000 1801.81 1646.76 1630.02 5078.59
2478000 1806.73 1650.13 1637.26 5094.12
2479000 1799.6 1644.2 1633.12 5076.93
2480000 1808.82 1652.34 1639.71 5100.86
2481000 1807.61 1649.71 1639.32 5096.64
2482000 1808.75 1648.12 1638.56 5095.43
2483000 1809.14 1646.25 1636.63 5092.02
2484000 1813.92 1649.22 1637.53 5100.67
2485000 1819.86 1653.65 1638.44 5111.95
2486000 1811.92 1650.14 1633.48 5095.54
2487000 1820.14 1663.4 1645.09 5128.63
2488000 1818.18 1660.19 1641.57 5119.94
2489000 1818.83 1659.68 1646.35 5124.86
2490000 1814.72 1657.84 1644.42 5116.98
2491000 1812.15 1658.56 1639.52 5110.24
2492000 1821.42 1667.95 1645.17 5134.54
2493000 1810.37 1656.81 1635.94 5103.12
2494000 1810.24 1654.62 1633.16 5098.03
2495000 1812.73 1652.86 1634.89 5100.47
2496000 1826.63 1663.05 1644.35 5134.03
2497000 1817.34 1655.64 1640.11 5113.09
2498000 1817.82 1656.17 1640.67 5114.66
2499000 1823.53 1661.53 1644.71 5129.77
2500000 1825.54 1661.98 1648.74 5136.26
2501000 1831.73 1670.25 1654.41 5156.39
2502000 1835.41 1670.15 1652.71 5158.28
2503000 1833.45 1666.01 1650.62 5150.08
2504000 1836.27 1664.29 1650.66 5151.22
2505000 1829.19 1655.8 1642.42 5127.4
2506000 1828.13 1656.08 1642.82 5127.03
2507000 1834.14 1657.19 1649.11 5140.45
2508000 1837.54 1656.8 1650.58 5144.92
2509000 1838.8 1658.75 1652.64 5150.19
2510000 1840.12 1660.56 1653.5 5154.18
2511000 1843.8 1663.35 1654.21 5161.36
2512000 1849.47 1666.4 1657.4 5173.26
2513000 1845.37 1663.55 1653.34 5162.26
2514000 1846.13 1666.55 1654.27 5166.95
2515000 1837.74 1661.27 1646.59 5145.61
2516000 1839.7 1661.08 1646.36 5147.14
2517000 1850 1669.03 1656.33 5175.36
2518000 1850.24 1671.31 1659.43 5180.97
2519000 1842.09 1669.26 1653.09 5164.43
2520000 1839.17 1666.97 1648.36 5154.49
2521000 1842.66 1671.14 1649.9 5163.7
2522000 1840.74 1669.88 1646.26 5156.88
2523000 1851.31 1676.56 1653.23 5181.11
2524000 1849.42 1676.59 1651.73 5177.73
2525000 1846.51 1676.2 1650.61 5173.31
2526000 1850.19 1678.69 1649.29 5178.17
2527000 1854.15 1680.66 1652.55 5187.35
2528000 1851.85 1677.94 1650.31 5180.1
2529000 1847.03 1672.05 1645.88 5164.96
2530000 1851.87 1675.79 1651.04 5178.71
2531000 1851.05 1672.37 1651.01 5174.43
2532000 1857.16 1679.42 1655.14 5191.72
2533000 1852.44 1678.48 1651.48 5182.4
2534000 1850.3 1679.39 1652.15 5181.84
2535000 1842.97 1672.23 1645.03 5160.24
2536000 1855.28 1688.07 1656.63 5199.99
2537000 1856.26 1691.37 1659.63 5207.26
2538000 1851.53 1687.98 1657.87 5197.38
2539000 1846.17 1684.93 1655.64 5186.75
2540000 1855.23 1693.16 1662.17 5210.56
2541000 1861.84 1701.58 1668.54 5231.96
2542000 1857 1698.4 1663.76 5219.16
2543000 1855.13 1696.19 1659.86 5211.18
2544000 1854.36 1696.24 1657.81 5208.41
2545000 1857.88 1694.95 1659.14 5211.98
2546000 1868.51 1703.78 1666.77 5239.06
2547000 1866.93 1700.58 1664.48 5231.98
2548000 1873.89 1709.67 1672.57 5256.12
2549000 1864.68 1701.19 1664.33 5230.2
2550000 1862.54 1698.21 1660.29 5221.04
2551000 1868.52 1705.39 1669.07 5242.98
2552000 1862.57 1699.91 1665.87 5228.35
2553000 1867.44 1702.79 1670.35 5240.58
2554000 1864.62 1703.09 1671.24 5238.96
2555000 1865.74 1705.77 1676.9 5248.4
2556000 1866.88 1710.51 1681.6 5259
2557000 1873.48 1719.9 1685.58 5278.96
2558000 1879.92 1729.36 1694.09 5303.36
2559000 1872.35 1725.56 1689.92 5287.83
2560000 1879.54 1735.77 1699.55 5314.86
2561000 1873.13 1726.66 1691.05 5290.84
2562000 1882.11 1734.21 1695 5311.32
2563000 1871.63 1724.22 1684.3 5280.15
2564000 1868.88 1724.91 1684.5 5278.29
2565000 1871.33 1728.76 1685.47 5285.56
2566000 1871.61 1732.09 1680.89 5284.6
2567000 1873.36 1732.83 1681.14 5287.32
2568000 1870.44 1727.47 1676.44 5274.35
2569000 1875.92 1731.56 1679.27 5286.74
2570000 1880.12 1734.71 1680.9 5295.73
2571000 1883.8 1736.55 1682.73 5303.08
2572000 1890.36 1741.95 1691.61 5323.92
2573000 1885.63 1735.67 1686.68 5307.97
2574000 1886.47 1736.09 1688.24 5310.8
2575000 1893.76 1741.67 1695.49 5330.91
2576000 1894.46 1742.75 1694.57 5331.78
2577000 1900.1 1751.15 1697.91 5349.16
2578000 1894.77 1746.5 1691.96 5333.22
2579000 1895.56 1748.58 1691.9 5336.04
2580000 1892.53 1745.43 1691.45 5329.4
2581000 1890.36 1744.75 1691.57 5326.68
2582000 1893.25 1748.42 1699.43 5341.09
2583000 1893.93 1749.39 1701.34 5344.66
2584000 1898.04 1751.86 1702.78 5352.67
2585000 1911.68 1767.52 1714.55 5393.75
2586000 1906.23 1762.42 1708.98 5377.64
2587000 1903.91 1762.26 1706.03 5372.2
2588000 1901.78 1757.97 1704.97 5364.72
2589000 1903.58 1755.82 1705.35 5364.76
2590000 1898 1753.92 1699.6 5351.51
2591000 1906.3 1760.48 1707.4 5374.18
2592000 1911.9 1764.48 1712.26 5388.64
2593000 1900.66 1752.15 1702.76 5355.56
2594000 1898.54 1751.28 1702.68 5352.5
2595000 1896 1748.2 1704.48 5348.68
2596000 1899.49 1751.75 1710.78 5362.02
2597000 1904.24 1760.87 1716.97 5382.08
2598000 1903.32 1764.51 1716.94 5384.76
2599000 1898.76 1761.98 1715.52 5376.26
2600000 1895.3 1758.17 1712.54 5366
