# Time-averaged data for fix msd_avg
# TimeStep c_msd_water[1] c_msd_water[2] c_msd_water[3] c_msd_water[4]
601000 0.666795 0.636357 0.811367 2.11452
602000 1.58987 1.56787 1.85099 5.00873
603000 2.49509 2.47785 2.63871 7.61165
604000 3.34689 3.27123 3.73944 10.3576
605000 4.19043 3.99155 4.63627 12.8182
606000 5.17397 4.66446 5.32485 15.1633
607000 6.0303 5.48959 6.41325 17.9331
608000 6.74936 6.32078 7.10147 20.1716
609000 7.49024 7.04646 7.86274 22.3994
610000 7.92951 7.54039 8.58343 24.0533
611000 8.79295 8.32665 9.32086 26.4405
612000 9.61681 9.19081 10.3379 29.1456
613000 10.6152 9.74865 11.1918 31.5557
614000 12.0425 10.7363 11.9012 34.68
615000 12.8385 11.3131 12.8813 37.0329
616000 14.08 11.853 13.5257 39.4587
617000 14.835 12.4193 14.6644 41.9188
618000 15.7529 13.0224 15.617 44.3923
619000 16.7873 13.8464 16.3229 46.9567
620000 17.8567 14.8354 17.0056 49.6977
621000 18.8027 15.5319 17.942 52.2767
622000 19.932 16.4941 19.1106 55.5367
623000 21.0531 17.4239 20.0242 58.5012
624000 21.9447 18.1756 20.616 60.7363
625000 22.7226 19.0239 22.0877 63.8343
626000 23.1759 19.7307 22.9852 65.8918
627000 23.9334 20.4563 23.7441 68.1338
628000 25.1723 21.1096 24.9195 71.2014
629000 26.4482 22.0463 26.1761 74.6705
630000 27.3559 22.6986 26.214 76.2685
631000 28.1936 23.2001 27.4502 78.8439
632000 28.2956 23.979 28.3332 80.6078
633000 28.9008 24.84 28.817 82.5577
634000 29.5417 25.7296 29.8537 85.125
635000 30.2327 26.59 30.8089 87.6316
636000 30.5166 27.275 31.3856 89.1772
637000 31.3645 28.3584 32.2653 91.9882
638000 32.2896 29.9676 33.4515 95.7086
639000 32.3985 31.6852 33.8525 97.9361
640000 33.3486 33.2513 34.4947 101.095
641000 33.695 34.4789 35.3609 103.535
642000 33.8985 35.3804 35.8757 105.155
643000 35.0199 35.9279 36.2586 107.206
644000 36.3002 36.3853 36.7169 109.402
645000 37.3712 37.4727 38.4295 113.273
646000 37.8398 38.6092 39.3465 115.796
647000 38.5918 39.6546 40.7774 119.024
648000 39.7535 40.5099 41.4337 121.697
649000 40.5818 41.334 41.9019 123.818
650000 41.4522 41.4834 41.7827 124.718
651000 42.1652 41.8741 42.7506 126.79
652000 42.6624 42.4109 43.7584 128.832
653000 44.0375 43.6103 44.6522 132.3
654000 44.3496 44.1405 45.6872 134.177
655000 45.3721 45.1677 46.5317 137.071
656000 46.0682 46.1092 47.3535 139.531
657000 46.0652 46.9817 48.2582 141.305
658000 46.8218 48.2872 49.3917 144.501
659000 47.0831 49.2883 49.8801 146.252
660000 48.5174 49.9532 51.2313 149.702
661000 49.359 50.4807 52.4944 152.334
662000 49.5669 51.018 53.1121 153.697
663000 49.9593 51.8674 53.7813 155.608
664000 51.0374 53.4132 55.1801 159.631
665000 52.3963 55.1882 56.1432 163.728
666000 52.984 55.3313 57.0398 165.355
667000 53.5998 56.19 57.6043 167.394
668000 54.617 57.2197 58.1416 169.978
669000 55.59 57.9111 59.2561 172.757
670000 57.1024 59.0878 59.683 175.873
671000 58.51 59.4084 60.5212 178.44
672000 59.6383 60.3905 61.7122 181.741
673000 60.4436 60.4832 62.1822 183.109
674000 61.3949 62.1105 62.8947 186.4
675000 62.319 62.9559 63.5761 188.851
676000 62.5495 63.7319 64.97 191.251
677000 63.603 64.2946 66.0856 193.983
678000 64.348 64.6009 67.1408 196.09
679000 65.0906 65.6871 67.3103 198.088
680000 64.9207 66.7576 67.9991 199.677
681000 65.6997 67.8538 68.3571 201.911
682000 67.2233 69.4668 68.9175 205.608
683000 68.3639 71.0409 70.068 209.473
684000 68.9666 72.3906 70.6891 212.046
685000 70.117 73.2334 71.9973 215.348
686000 70.9451 74.24 72.9274 218.113
687000 71.8972 75.3298 73.4722 220.699
688000 72.8978 76.2336 74.9944 224.126
689000 74.688 77.3881 77.1728 229.249
690000 75.3051 78.0506 77.9613 231.317
691000 76.5308 79.1591 78.426 234.116
692000 77.6123 79.508 78.8557 235.976
693000 78.7123 80.4052 79.2443 238.362
694000 79.0693 81.3391 79.3458 239.754
695000 80.7996 83.1366 81.106 245.042
696000 80.5394 83.0271 80.4914 244.058
697000 81.4313 83.7304 81.3795 246.541
698000 82.6725 84.5955 82.2319 249.5
699000 82.7463 85.2658 83.5897 251.602
700000 83.5357 84.9734 84.9354 253.445
701000 84.3212 85.5522 84.6923 254.566
702000 85.2344 86.1612 84.8865 256.282
703000 85.5663 86.3708 85.3722 257.309
704000 87.1213 87.2251 86.4284 260.775
705000 87.7595 87.9453 87.2961 263.001
706000 87.9889 88.2058 87.804 263.999
707000 89.0942 89.3213 88.796 267.211
708000 90.1992 89.746 89.3639 269.309
709000 91.8849 90.8256 91.2184 273.929
710000 92.1146 91.9315 91.9164 275.962
711000 93.3442 92.588 92.8252 278.757
712000 95.1096 93.4084 93.647 282.165
713000 96.5317 93.7782 94.5719 284.882
714000 98.4535 94.2448 95.1819 287.88
715000 100.689 95.0436 95.8422 291.575
716000 101.298 95.5481 96.9 293.747
717000 102.408 97.1633 97.678 297.25
718000 102.635 97.1775 97.5642 297.376
719000 104.02 98.4499 99.1037 301.574
720000 104.943 99.0662 99.5125 303.522
721000 105.738 100.162 100.63 306.53
722000 106.701 101.003 101.324 309.028
723000 107.586 101.006 102.463 311.055
724000 108.356 101.039 103.311 312.707
725000 108.853 100.433 103.455 312.741
726000 109.642 101.423 103.22 314.286
727000 110.299 103.086 103.783 317.168
728000 109.581 102.974 104.853 317.408
729000 110.899 104.087 105.617 320.604
730000 111.277 104.631 105.806 321.714
731000 112.218 106.007 106.941 325.167
732000 114.584 107.185 108.4 330.169
733000 115.79 108.844 109.237 333.87
734000 116.338 109.644 110.138 336.119
735000 117.451 110.741 111.463 339.656
736000 118.145 111.962 113.245 343.352
737000 119.181 113.452 114.684 347.317
738000 119.301 115.03 115.302 349.633
739000 120.475 116.085 115.721 352.281
740000 120.514 116.229 115.728 352.472
741000 120.856 117.568 117.189 355.613
742000 121.234 118.822 117.821 357.877
743000 122.718 119.692 119.077 361.486
744000 123.1 119.957 119.078 362.134
745000 123.61 120.49 120.251 364.351
746000 125.59 121.452 122.019 369.061
747000 125.678 121.049 121.88 368.607
748000 126.909 121.305 122.344 370.558
749000 127.671 121.822 123.567 373.06
750000 127.835 122.058 123.031 372.924
751000 128.513 123.45 124.222 376.186
752000 129.141 125.094 125.453 379.689
753000 129.462 126.028 125.672 381.162
754000 129.36 126.171 126.162 381.693
755000 130.65 125.752 126.426 382.828
756000 132.921 126.393 127.741 387.055
757000 134.227 127.535 128.591 390.353
758000 136.363 128.653 129.517 394.532
759000 136.156 128.647 130.255 395.058
760000 136.381 129.311 131.526 397.218
761000 137.517 130.641 132.912 401.069
762000 136.879 132.411 132.551 401.841
763000 138.507 133.029 133.447 404.983
764000 139.938 134.439 134.485 408.862
765000 141.44 135.51 136.504 413.454
766000 141.55 136.348 137.532 415.43
767000 141.768 138.64 138.331 418.739
768000 141.724 139.483 138.287 419.494
769000 142.139 140.569 139.373 422.08
770000 143.194 142.113 139.721 425.028
771000 143.316 142.11 140.32 425.746
772000 143.601 143.056 141.29 427.947
773000 143.703 143.986 142.325 430.014
774000 145.468 144.111 142.43 432.01
775000 147.133 145.015 143.717 435.865
776000 149.137 147.175 144.609 440.92
777000 151.072 148.743 145.455 445.269
778000 152.465 150.719 147.117 450.302
779000 152.036 151.632 146.733 450.4
780000 152.143 152.2 147.373 451.715
781000 152.752 153.254 148.825 454.831
782000 154.379 153.885 149.576 457.84
783000 155.427 155.65 150.666 461.743
784000 155.911 157.195 151.383 464.49
785000 156.167 157.478 151.261 464.906
786000 156.875 158.996 152.388 468.259
787000 158.427 160.741 154.342 473.511
788000 158.779 161.19 154.758 474.727
789000 159.401 161.355 155.254 476.01
790000 159.06 160.739 155.591 475.39
791000 160.123 161.535 157.944 479.602
792000 161.709 163.349 159.761 484.818
793000 161.959 164.209 160.761 486.93
794000 163.18 165.411 161.332 489.923
795000 163.845 165.4 160.884 490.129
796000 164.264 166.884 162.369 493.517
797000 163.573 167.6 164.102 495.275
798000 164.34 168.945 165.283 498.568
799000 164.766 169.171 167.01 500.947
800000 166.223 170.888 168.1 505.211
801000 166.59 171.207 168.795 506.591
802000 166.668 171.06 170.164 507.892
803000 168.534 172.008 172.606 513.148
804000 169.664 172.899 172.841 515.404
805000 169.934 173.967 173.881 517.783
806000 169.523 173.33 174.807 517.661
807000 169.952 174.374 174.683 519.008
808000 170.011 174.205 174.872 519.089
809000 170.63 174.953 176.247 521.83
810000 170.571 175.572 176.988 523.131
811000 170.977 176.46 177.556 524.992
812000 171.898 177.644 178.809 528.351
813000 172.997 179.152 178.784 530.932
814000 173.588 180.291 178.563 532.442
815000 174.593 180.7 179.489 534.783
816000 175.3 180.837 180.571 536.708
817000 177.062 182.675 180.969 540.705
818000 177.219 182.082 180.151 539.452
819000 179.529 183.351 182.063 544.943
820000 181.094 184.623 183.353 549.07
821000 180.748 185.557 184.043 550.348
822000 179.823 185.876 184.089 549.788
823000 181.059 187.195 184.083 552.337
824000 181.667 188.286 185.031 554.984
825000 182.563 190.586 187.214 560.362
826000 183.383 191.069 189.638 564.09
827000 186.199 192.142 192.193 570.533
828000 187.519 192.7 193.209 573.428
829000 188.227 191.578 193.551 573.357
830000 189.447 191.797 194.314 575.558
831000 190.757 192.795 195.996 579.547
832000 192.024 193.527 195.74 581.29
833000 192.751 193.273 196.768 582.792
834000 193.28 194.086 197.065 584.431
835000 194.362 194.612 197.547 586.521
836000 194.32 194.654 197.954 586.927
837000 195.451 196.101 198.48 590.032
838000 196.323 197.368 199.552 593.243
839000 197.175 198.421 200.27 595.866
840000 198.93 199.835 201.763 600.529
841000 200.13 200.818 204.036 604.984
842000 200.42 201.586 205.096 607.102
843000 200.691 202.591 205.759 609.04
844000 200.861 203.979 207.168 612.008
845000 200.373 203.755 206.091 610.219
846000 201.306 205.453 206.952 613.71
847000 203.289 206.993 208.239 618.521
848000 204.297 207.515 209.538 621.351
849000 203.332 207.817 209.753 620.902
850000 205.896 209.171 211.302 626.368
851000 205.945 209.118 211.56 626.623
852000 207.314 210.987 212.534 630.835
853000 208.609 212.089 212.864 633.562
854000 210.472 212.787 214.201 637.46
855000 210.105 212.563 212.399 635.068
856000 211.989 215.408 214.525 641.922
857000 213.664 217.211 215.897 646.772
858000 215.618 217.834 216.509 649.962
859000 217.147 218.322 217.848 653.317
860000 218.206 219.112 219.151 656.469
861000 219.733 220.645 220.894 661.272
862000 221.013 222.163 220.704 663.88
863000 221.041 222.028 221.322 664.39
864000 221.629 222.778 222.827 667.234
865000 222.315 224.308 224.659 671.282
866000 222.941 225.211 227.081 675.234
867000 224.686 225.381 227.582 677.649
868000 227.215 227.37 228.257 682.842
869000 227.87 226.757 228.512 683.139
870000 230.335 229.317 230.737 690.39
871000 232.763 231.139 231.46 695.363
872000 232.303 230.431 230.738 693.472
873000 233.415 231.122 231.065 695.603
874000 236.036 231.034 232.947 700.017
875000 236.298 232.48 234.302 703.081
876000 236.078 232.012 235.944 704.034
877000 237.555 232.598 238.054 708.207
878000 238.601 234.034 239.727 712.361
879000 238.155 234.399 240.819 713.372
880000 237.179 234.4 240.94 712.519
881000 236.468 234.818 241.335 712.62
882000 237.48 236.707 242.276 716.462
883000 238.091 237.027 242.569 717.687
884000 239.834 237.372 245.513 722.72
885000 239.374 236.992 246.216 722.582
886000 239.754 235.597 246.164 721.515
887000 240.653 235.755 247.757 724.165
888000 242.101 236.92 249.346 728.367
889000 242.412 238.619 250.751 731.782
890000 242.342 239.858 252.431 734.631
891000 244.723 241.636 255.09 741.449
892000 243.825 243.834 256.979 744.638
893000 244.494 244.599 257.004 746.096
894000 244.876 244.456 256.149 745.481
895000 245.909 245.131 257.558 748.598
896000 247.155 246.909 258.997 753.061
897000 250.277 248.719 261.139 760.135
898000 250.35 248.707 260.884 759.941
899000 250.233 248.512 261.985 760.73
900000 249.945 248.532 262.396 760.873
901000 250.59 249.647 263.563 763.8
902000 251.229 251.199 266.394 768.823
903000 253.174 253.157 268.482 774.813
904000 255.869 253.89 270.431 780.191
905000 257.215 253.757 271.408 782.38
906000 258.806 254.227 272.703 785.736
907000 258.287 254.585 272.278 785.149
908000 259.597 255.25 272.913 787.76
909000 259.523 256.258 274.717 790.497
910000 258.322 256.178 274.076 788.576
911000 259.027 256.306 275.495 790.828
912000 259.816 258.093 277.268 795.176
913000 260.708 258.589 278.203 797.5
914000 260.456 259.491 277.806 797.753
915000 261.618 260.621 279.241 801.479
916000 262.359 260.616 279.685 802.659
917000 263.37 261.606 279.657 804.633
918000 265.34 263.088 280.742 809.17
919000 268.031 264.136 281.366 813.533
920000 268.605 264.769 280.026 813.4
921000 269.199 266.31 283.061 818.57
922000 271.239 267.811 284.323 823.373
923000 272.558 267.235 285.361 825.154
924000 272.679 267.201 285.619 825.499
925000 273.073 267.21 285.434 825.718
926000 275.047 268.621 287.371 831.038
927000 275.896 269.884 288.293 834.074
928000 275.087 270.915 289.634 835.637
929000 276.722 272.423 291.046 840.191
930000 278.068 273.876 293.639 845.584
931000 277.024 273.974 292.851 843.848
932000 278.553 276.506 294.166 849.226
933000 279.427 278.118 294.224 851.769
934000 281.222 279.478 295.055 855.754
935000 283.038 281.467 296.205 860.71
936000 283.266 281.375 296.56 861.202
937000 284.773 281.053 296.53 862.356
938000 283.634 282.04 297.463 863.138
939000 281.797 281.764 297.369 860.93
940000 283.331 282.898 298.308 864.536
941000 284.454 283.832 298.834 867.121
942000 286.318 283.547 299.046 868.911
943000 288.214 284.585 300.923 873.722
944000 288.286 284.918 300.842 874.046
945000 290.633 286.78 303.174 880.587
946000 289.867 285.512 301.842 877.221
947000 292.97 287.877 304.981 885.829
948000 295.227 288.459 307.185 890.87
949000 296.736 289.155 307.362 893.253
950000 296.759 287.991 306.255 891.006
951000 300.291 291.183 310.11 901.584
952000 303.326 292.452 311.592 907.37
953000 303.13 292.806 310.354 906.29
954000 305.111 294.161 312.04 911.311
955000 306.648 295.29 311.68 913.618
956000 307.293 293.825 310.277 911.395
957000 308.791 294.886 312.886 916.563
958000 308.823 295.624 313.049 917.496
959000 309.684 296.97 313.577 920.23
960000 311.476 299.085 316.483 927.044
961000 312.97 298.453 315.754 927.177
962000 314.919 299.788 316.863 931.57
963000 315.222 300.668 317.424 933.315
964000 315.498 301.698 317.794 934.99
965000 314.827 301.88 318.394 935.101
966000 314.845 302.928 319.851 937.623
967000 314.956 303.652 320.729 939.336
968000 316.962 305.053 322.214 944.229
969000 320.067 308.388 324.074 952.529
970000 321.621 310.386 324.839 956.845
971000 323.32 311.437 325.792 960.55
972000 323.495 312.011 325.263 960.77
973000 323.749 311.538 324.736 960.023
974000 324.107 312.595 324.891 961.593
975000 325.948 314.216 327.297 967.46
976000 329.296 316.773 329.382 975.451
977000 331.339 319.412 331.394 982.145
978000 330.693 320.306 331.76 982.759
979000 331.678 322.04 333.146 986.864
980000 332.351 321.076 334.025 987.451
981000 332.796 322.439 334.823 990.057
982000 334.294 324.719 336.391 995.403
983000 333.899 324.95 336.371 995.22
984000 334.157 326.804 337.041 998.002
985000 336.486 329.352 338.34 1004.18
986000 336.254 330.208 338.98 1005.44
987000 333.906 328.899 338.19 1000.99
988000 337.024 330.52 340.934 1008.48
989000 336.428 329.405 339.117 1004.95
990000 339.92 331.392 341.913 1013.23
991000 340.469 332.655 344.163 1017.29
992000 340.953 333.675 343.975 1018.6
993000 341.883 335.395 344.166 1021.44
994000 343.745 337.067 344.819 1025.63
995000 343.251 335.617 344.784 1023.65
996000 343.245 335.423 344.741 1023.41
997000 343.697 335.464 345.794 1024.95
998000 346.733 338.291 349.182 1034.21
999000 347.63 339.917 350.052 1037.6
1000000 348.117 340.417 350.933 1039.47
1001000 349.046 340.453 351.728 1041.23
1002000 348.515 339.539 350.388 1038.44
1003000 350.526 341.456 351.534 1043.52
1004000 351.204 341.371 351.949 1044.52
1005000 353.995 343.49 354.125 1051.61
1006000 355.5 345.424 355.78 1056.7
1007000 354.568 345.067 356.042 1055.68
1008000 356.058 345.536 357.288 1058.88
1009000 355.509 346.099 357.319 1058.93
1010000 357.734 349.314 359.016 1066.06
1011000 355.881 350.482 357.276 1063.64
1012000 357.294 353.204 358.953 1069.45
1013000 358.537 353.356 359.092 1070.98
1014000 359.893 354.181 360.369 1074.44
1015000 360.866 356.264 362.229 1079.36
1016000 360.489 354.965 361.108 1076.56
1017000 361.837 356.794 364.401 1083.03
1018000 362.984 359.901 368.44 1091.32
1019000 361.2 360.411 367.566 1089.18
1020000 362.093 363.04 368.252 1093.39
1021000 364.591 364.579 370.989 1100.16
1022000 365.016 364.704 370.611 1100.33
1023000 365.185 364.94 370.737 1100.86
1024000 365.755 366.079 370.972 1102.81
1025000 367.375 368.664 372 1108.04
1026000 366.771 368.713 372.852 1108.34
1027000 366.522 367.444 373.3 1107.27
1028000 367.598 367.436 374.191 1109.23
1029000 368.691 368.225 375.935 1112.85
1030000 369.981 367.43 377.268 1114.68
1031000 371.192 368.242 378.733 1118.17
1032000 372.301 368.591 379.483 1120.37
1033000 372.056 369.605 381.07 1122.73
1034000 371.339 369.72 381.163 1122.22
1035000 372.072 371.57 382.396 1126.04
1036000 372.374 372.19 382.7 1127.26
1037000 372.703 372.575 383.269 1128.55
1038000 373.627 373.011 384.765 1131.4
1039000 375.51 375.475 386.163 1137.15
1040000 374.888 375.795 386.359 1137.04
1041000 375.626 377.983 387.101 1140.71
1042000 376.409 376.676 386.608 1139.69
1043000 377.354 375.327 387.067 1139.75
1044000 380.186 377.319 389.612 1147.12
1045000 381.152 380.617 393.811 1155.58
1046000 379.841 380.105 394.781 1154.73
1047000 379.107 381.052 395.406 1155.57
1048000 382.058 383.092 398.677 1163.83
1049000 382.364 383.864 399.199 1165.43
1050000 386.392 387.13 403.124 1176.65
1051000 384.593 385.846 399.828 1170.27
1052000 385.5 385.966 400.476 1171.94
1053000 385.36 386.43 402.122 1173.91
1054000 385.92 387.039 402.021 1174.98
1055000 388.599 387.877 403.814 1180.29
1056000 388.913 387.895 402.641 1179.45
1057000 388.958 389.719 402.917 1181.59
1058000 388.344 390.493 404.778 1183.61
1059000 391.633 392.066 408.149 1191.85
1060000 390.961 390.181 408.692 1189.83
1061000 391.529 390.029 408.207 1189.76
1062000 391.435 389.753 409.025 1190.21
1063000 395.043 391.113 412.183 1198.34
1064000 396.556 392.869 414.405 1203.83
1065000 395.854 392.237 413.622 1201.71
1066000 397.598 393.747 415.165 1206.51
1067000 400.095 394.816 416.318 1211.23
1068000 399.179 395.197 416.572 1210.95
1069000 398.78 395.647 416.314 1210.74
1070000 401.902 399.753 419.925 1221.58
1071000 402.646 401.449 421.345 1225.44
1072000 402.428 402.364 422.284 1227.08
1073000 400.945 402.394 423.635 1226.97
1074000 402.412 403.271 425.156 1230.84
1075000 403.476 405.186 426.444 1235.11
1076000 401.422 403.373 425.091 1229.89
1077000 403.454 405.969 427.254 1236.68
1078000 403.303 404.89 425.129 1233.32
1079000 404.907 408.059 426.374 1239.34
1080000 405.215 410.05 426.51 1241.77
1081000 405.989 410.636 425.796 1242.42
1082000 407.742 413.635 428.317 1249.69
1083000 407.746 414.234 427.266 1249.25
1084000 410.897 416.506 430.101 1257.51
1085000 410.256 417.419 430.138 1257.81
1086000 412.036 419.405 430.388 1261.83
1087000 413.017 418.633 429.788 1261.44
1088000 415.098 420.543 431.526 1267.17
1089000 418.858 423.945 435.089 1277.89
1090000 416.101 422.247 432.534 1270.88
1091000 417.774 422.537 433.845 1274.16
1092000 418.04 424.609 434.943 1277.59
1093000 419.144 426.995 436.272 1282.41
1094000 420.283 427.107 436.628 1284.02
1095000 420.428 427.58 437.017 1285.02
1096000 420.364 429.312 439.931 1289.61
1097000 422.738 430.531 441.813 1295.08
1098000 425.738 435.022 444.246 1305.01
1099000 425.551 437.076 444.878 1307.5
1100000 425.993 437.747 445.102 1308.84
1101000 426.505 437.844 445.144 1309.49
1102000 428.671 438.051 445.075 1311.8
1103000 430.333 440.008 447.849 1318.19
1104000 431.187 441.718 450.699 1323.6
1105000 432.321 442.585 451.634 1326.54
1106000 433.641 442.507 451.731 1327.88
1107000 433.404 445.127 452.601 1331.13
1108000 434.028 445.324 453.496 1332.85
1109000 435.876 444.809 452.917 1333.6
1110000 438.756 445.501 455.65 1339.91
1111000 437.768 443.825 454.598 1336.19
1112000 439.862 444.817 456.926 1341.6
1113000 441.289 446.092 457.353 1344.73
1114000 443.544 447.931 456.667 1348.14
1115000 445.398 450.374 458.69 1354.46
1116000 447.665 453.246 460.459 1361.37
1117000 446.164 454.824 458.264 1359.25
1118000 446.913 455.603 455.476 1357.99
1119000 448.768 458.271 454.395 1361.43
1120000 450.34 459.961 454.457 1364.76
1121000 452.295 463.759 457.26 1373.31
1122000 452.133 465.073 456.72 1373.93
1123000 451.721 465.936 458.074 1375.73
1124000 452.141 466.154 458.097 1376.39
1125000 452.771 469.03 458.465 1380.27
1126000 453.727 472.422 459.767 1385.92
1127000 452.746 473.568 461.005 1387.32
1128000 453.93 476.994 461.423 1392.35
1129000 454.287 479.484 461.959 1395.73
1130000 454.091 479.548 463.154 1396.79
1131000 457.039 482.695 465.451 1405.19
1132000 456.223 483.756 464.892 1404.87
1133000 456.054 484.11 466.162 1406.33
1134000 456.375 485.302 466.264 1407.94
1135000 455.41 485.148 468.109 1408.67
1136000 456.166 487.063 469.652 1412.88
1137000 457.76 488.763 471.348 1417.87
1138000 458.733 489.23 472.138 1420.1
1139000 458.638 489.753 473.261 1421.65
1140000 458.965 489.667 474.397 1423.03
1141000 460.109 490.931 475.466 1426.51
1142000 463.203 493.686 477.275 1434.16
1143000 464.128 496.557 475.99 1436.67
1144000 465.802 498.141 477.588 1441.53
1145000 466.48 497.786 478.309 1442.58
1146000 465.92 498.775 481.658 1446.35
1147000 465.223 498.657 484.794 1448.67
1148000 465.176 499.235 487.105 1451.52
1149000 461.66 498.998 483.752 1444.41
1150000 462.945 500.535 485.435 1448.91
1151000 465.033 502.69 485.944 1453.67
1152000 467.804 504.661 489.206 1461.67
1153000 468.12 504.673 491.283 1464.07
1154000 472.469 508.683 495.881 1477.03
1155000 471.766 506.924 495.174 1473.86
1156000 472.681 508.926 494.599 1476.21
1157000 470.753 506.485 491.014 1468.25
1158000 472.488 508.361 493.728 1474.58
1159000 471.528 507.049 493.395 1471.97
1160000 471.896 508.547 493.897 1474.34
1161000 475.608 512.11 496.023 1483.74
1162000 475.872 511.919 495.23 1483.02
1163000 475.374 513.709 496.175 1485.26
1164000 476.932 516.334 498.159 1491.42
1165000 475.611 515.741 499.081 1490.43
1166000 476.797 516.931 499.632 1493.36
1167000 478.095 518.251 500.499 1496.84
1168000 479.267 519.234 502.013 1500.51
1169000 479.686 519.903 502.285 1501.87
1170000 479.932 522.307 504.001 1506.24
1171000 478.986 520.296 502.344 1501.63
1172000 479.313 520.169 502.897 1502.38
1173000 479.913 521.313 504.69 1505.92
1174000 480.373 523.604 505.265 1509.24
1175000 479.229 524.622 504.923 1508.77
1176000 481.416 526.204 507.23 1514.85
1177000 480.658 524.438 506.05 1511.15
1178000 480.314 523.639 506.752 1510.7
1179000 483.838 526.58 510.68 1521.1
1180000 484.558 528.826 511.087 1524.47
1181000 483.792 528.432 510.62 1522.84
1182000 485.93 529.01 509.755 1524.7
1183000 487.438 529.778 512.469 1529.69
1184000 486.983 529.33 510.921 1527.23
1185000 490.443 532.092 511.727 1534.26
1186000 493.182 535.414 515.186 1543.78
1187000 494.438 537.405 516.496 1548.34
1188000 496.791 540.091 518.713 1555.59
1189000 495.958 535.964 517.148 1549.07
1190000 497.712 537.911 519.762 1555.38
1191000 496.921 538.706 518.163 1553.79
1192000 499.028 539.716 519.45 1558.19
1193000 501.874 542.4 522.858 1567.13
1194000 499.516 540.874 520.888 1561.28
1195000 500.887 542.395 521.56 1564.84
1196000 500.06 540.517 520.049 1560.63
1197000 501.402 541.404 519.78 1562.59
1198000 499.19 539.02 515.636 1553.85
1199000 501.491 542.269 517.288 1561.05
1200000 504.985 544.291 520.712 1569.99
1201000 506.554 547.27 521.452 1575.28
1202000 508.413 549.191 524.227 1581.83
1203000 509.113 551.015 524.56 1584.69
1204000 505.683 547.291 520.039 1573.01
1205000 506.811 550.256 522.398 1579.47
1206000 509.298 551.268 524.161 1584.73
1207000 509.447 552.677 526.161 1588.28
1208000 513.299 556.234 527.652 1597.19
1209000 514.636 557.518 529.885 1602.04
1210000 515.454 557.299 530.772 1603.52
1211000 517.098 555.955 531.526 1604.58
1212000 522.675 563.374 537.571 1623.62
1213000 521.73 562.126 536.058 1619.91
1214000 521.347 563.24 535.794 1620.38
1215000 519.878 563.426 538.163 1621.47
1216000 522.144 564.499 540.62 1627.26
1217000 522.064 564.268 541.374 1627.71
1218000 521.732 563.27 541.427 1626.43
1219000 524.173 563.955 543.008 1631.14
1220000 525.475 564.37 544.619 1634.46
1221000 522.46 564.274 545.468 1632.2
1222000 523.845 568.243 547.798 1639.89
1223000 521.16 567.589 547.635 1636.38
1224000 524.688 570.709 549.767 1645.16
1225000 523.709 572.132 549.19 1645.03
1226000 523.112 571.608 550.768 1645.49
1227000 526.613 573.932 553.761 1654.31
1228000 526.374 572.935 552.654 1651.96
1229000 524.325 570.264 553.706 1648.3
1230000 527.323 573.669 556.534 1657.53
1231000 530.393 574.904 559.491 1664.79
1232000 530.245 573.235 558.867 1662.35
1233000 531.675 575.331 561.064 1668.07
1234000 531.673 575.926 562.169 1669.77
1235000 532.778 577.151 562.052 1671.98
1236000 532.712 577.341 562.371 1672.42
1237000 535.291 580.022 564.146 1679.46
1238000 535.228 580.247 562.157 1677.63
1239000 534.321 579.905 560.242 1674.47
1240000 538.796 582.393 563.611 1684.8
1241000 538.293 582.751 562.731 1683.78
1242000 536.793 581.006 561.699 1679.5
1243000 537.844 582.066 563.297 1683.21
1244000 536.945 581.908 563.541 1682.39
1245000 538.222 582.792 564.505 1685.52
1246000 543.048 586.224 569.229 1698.5
1247000 541.869 583.24 565.627 1690.74
1248000 541.797 585.016 564.232 1691.05
1249000 541.803 585.758 566.777 1694.34
1250000 541.394 586.701 568.324 1696.42
1251000 541.283 588.501 570.149 1699.93
1252000 541.993 587.183 569.622 1698.8
1253000 543.817 586.847 572.094 1702.76
1254000 542.684 584.604 572.762 1700.05
1255000 543.911 585.411 572.494 1701.82
1256000 543.091 586.327 572.81 1702.23
1257000 544.638 584.327 572.746 1701.71
1258000 547.162 586.227 573.986 1707.38
1259000 548.596 587.094 575.084 1710.77
1260000 548.966 586.668 575.372 1711.01
1261000 550.495 587.532 574.402 1712.43
1262000 551.214 589.212 576.377 1716.8
1263000 551.252 589.472 575.841 1716.56
1264000 552.121 589.092 574.291 1715.5
1265000 550.964 585.998 572.511 1709.47
1266000 552.915 588.266 575.558 1716.74
1267000 552.243 588.474 575.865 1716.58
1268000 556.795 593.589 579.422 1729.81
1269000 558.669 595.849 581.726 1736.24
1270000 561.228 596.818 585.496 1743.54
1271000 562.321 593.991 584.761 1741.07
1272000 562.692 595.3 586.836 1744.83
1273000 561.43 595.309 585.918 1742.66
1274000 563.504 598.828 588.552 1750.88
1275000 566.079 601.192 590.746 1758.02
1276000 567.136 600.169 590.549 1757.85
1277000 571.021 604.539 594.367 1769.93
1278000 566.246 601.144 589.728 1757.12
1279000 569.749 605.507 594.066 1769.32
1280000 569.173 604.726 593.762 1767.66
1281000 573.292 606.56 595.413 1775.26
1282000 571.568 606.092 595.455 1773.12
1283000 571.733 607.079 594.535 1773.35
1284000 570.924 606.038 592.622 1769.58
1285000 573.344 611.699 596.081 1781.12
1286000 570.675 611.756 597.597 1780.03
1287000 573.149 612.871 599.672 1785.69
1288000 572.637 613.155 599.478 1785.27
1289000 572.434 611.342 600.421 1784.2
1290000 575.369 613.162 604.329 1792.86
1291000 574.728 612.447 604.325 1791.5
1292000 571.165 608.49 601.58 1781.24
1293000 575.53 612.612 606.488 1794.63
1294000 577.347 615.629 609.776 1802.75
1295000 576.766 617.738 609.538 1804.04
1296000 579.404 620.033 611.223 1810.66
1297000 580.771 618.284 611.004 1810.06
1298000 581.269 620.031 609.164 1810.46
1299000 583.564 623.37 610.58 1817.51
1300000 584.205 623.527 610.108 1817.84
1301000 585.506 625.065 611.228 1821.8
1302000 586.791 625.94 609.573 1822.3
1303000 588.394 627.258 611.157 1826.81
1304000 587.872 626.505 606.913 1821.29
1305000 588.172 626.612 605.472 1820.26
1306000 588.22 627.255 607.047 1822.52
1307000 588.111 627.568 607.346 1823.02
1308000 589.143 630.007 609.669 1828.82
1309000 587.49 629.427 611.036 1827.95
1310000 588.474 632.014 612.826 1833.31
1311000 585.836 629.777 609.157 1824.77
1312000 583.27 628.389 607.82 1819.48
1313000 588.844 634.687 611.527 1835.06
1314000 590.01 634.067 610.985 1835.06
1315000 594.539 637.201 613.383 1845.12
1316000 588.701 630.81 607.774 1827.29
1317000 590.733 631.394 607.846 1829.97
1318000 593.013 634.645 610.978 1838.64
1319000 597.19 638.66 614.215 1850.07
1320000 595.837 637.984 614.899 1848.72
1321000 594.385 638.066 615.165 1847.62
1322000 594.846 641.748 617.644 1854.24
1323000 594.995 640.289 616.663 1851.95
1324000 596.754 642.096 616.472 1855.32
1325000 597.977 642.762 616.629 1857.37
1326000 598.311 643.861 616.23 1858.4
1327000 599.666 643.321 616.675 1859.66
1328000 602.54 646.005 620.307 1868.85
1329000 598.616 644.054 618.317 1860.99
1330000 599.867 646.125 621.267 1867.26
1331000 603.738 649.524 623.375 1876.64
1332000 604.705 649.214 624.813 1878.73
1333000 604.067 647.289 626.085 1877.44
1334000 604.084 645.933 625.849 1875.87
1335000 610.139 649.479 630.677 1890.29
1336000 611.493 651.339 629.829 1892.66
1337000 611.533 651.021 630.621 1893.17
1338000 612.113 651.837 632.369 1896.32
1339000 611.466 651.739 631.134 1894.34
1340000 614.952 654.558 633.602 1903.11
1341000 613.994 653.92 632.546 1900.46
1342000 615.231 655.524 632.192 1902.95
1343000 613.38 655.145 631.802 1900.33
1344000 613.328 657.836 635.678 1906.84
1345000 611.527 659.306 636.675 1907.51
1346000 613.489 661.726 638.894 1914.11
1347000 612.149 662.127 638.479 1912.76
1348000 611.202 659.886 638.87 1909.96
1349000 612.241 659.926 639.448 1911.61
1350000 611.716 659.752 640.411 1911.88
1351000 611.784 660.284 640.671 1912.74
1352000 614.027 660.832 643.087 1917.95
1353000 613.146 659.391 641.922 1914.46
1354000 614.959 660.411 643.04 1918.41
1355000 616.128 660.694 645.504 1922.33
1356000 615.175 660.226 645.615 1921.02
1357000 621.659 666.362 652.035 1940.06
1358000 618.588 662.346 647.496 1928.43
1359000 620.462 666.816 651.291 1938.57
1360000 621.782 669.28 652.879 1943.94
1361000 621.847 669.365 654.342 1945.55
1362000 623.057 672.109 656.413 1951.58
1363000 622.213 673.511 658.953 1954.68
1364000 624.931 672.851 658.757 1956.54
1365000 626.025 671.293 658.515 1955.83
1366000 623.676 669.741 658.333 1951.75
1367000 621.227 665.954 655.97 1943.15
1368000 622.184 666.641 658.474 1947.3
1369000 622.542 668.671 661.116 1952.33
1370000 622.198 666.134 660.334 1948.67
1371000 621.498 663.391 659.464 1944.35
1372000 626.169 664.589 663.708 1954.47
1373000 627.183 665.487 663.983 1956.65
1374000 628.964 667.875 665.825 1962.66
1375000 630.775 670.049 667.982 1968.81
1376000 629.314 668.033 665.485 1962.83
1377000 632.723 670.174 668.286 1971.18
1378000 633.731 672.916 671.432 1978.08
1379000 635.637 672.549 672.901 1981.09
1380000 634.295 671.015 673.635 1978.94
1381000 634.771 674.08 674.957 1983.81
1382000 638.372 676.533 677.907 1992.81
1383000 637.901 674.024 676.049 1987.97
1384000 637.825 674.138 676.17 1988.13
1385000 638.848 674.605 677.503 1990.96
1386000 638.946 676.669 681.655 1997.27
1387000 638.673 676.775 681.743 1997.19
1388000 640.034 678.022 682.731 2000.79
1389000 642.104 676.304 683.581 2001.99
1390000 644.314 678.159 688.755 2011.23
1391000 647.521 681.412 691.707 2020.64
1392000 647.443 681.109 690.294 2018.85
1393000 646.032 678.799 687.813 2012.64
1394000 645.783 680.298 685.592 2011.67
1395000 648.644 682.757 688.428 2019.83
1396000 650.141 683.804 687.752 2021.7
1397000 651.223 686.887 689.658 2027.77
1398000 650.376 688.36 688.301 2027.04
1399000 652.192 690.959 691.205 2034.36
1400000 652.813 689.555 693.629 2036
1401000 656.607 691.192 697.452 2045.25
1402000 653.802 686.534 694.783 2035.12
1403000 649.545 681.54 690.113 2021.2
1404000 657.291 691.348 701.222 2049.86
1405000 657.347 690.882 699.969 2048.2
1406000 660.115 693.957 702.752 2056.82
1407000 660.05 692.176 701.537 2053.76
1408000 662.296 693.626 704.321 2060.24
1409000 660.443 691.533 706.088 2058.06
1410000 662.354 694.265 708.649 2065.27
1411000 661.792 695.349 710.68 2067.82
1412000 657.926 692.655 709.756 2060.34
1413000 656.244 690.526 709.641 2056.41
1414000 662.839 696.775 713.978 2073.59
1415000 665.278 696.875 715.628 2077.78
1416000 663.499 694.619 712.792 2070.91
1417000 661.296 695.284 713.421 2070
1418000 663.347 696.37 712.648 2072.37
1419000 663.614 696.841 713.432 2073.89
1420000 661.658 695.385 711.541 2068.58
1421000 663.297 698.671 713.484 2075.45
1422000 664.68 700.736 716.186 2081.6
1423000 667.542 704.918 721.606 2094.07
1424000 668.939 702.974 723.26 2095.17
1425000 671.043 704.171 724.73 2099.94
1426000 673.132 707.273 727.849 2108.25
1427000 672.033 705.899 727.98 2105.91
1428000 675.578 711.004 730.257 2116.84
1429000 674.098 710.479 728.644 2113.22
1430000 673.047 709.902 728.735 2111.68
1431000 675.981 713.419 733.064 2122.46
1432000 677.053 714.328 733.063 2124.44
1433000 681.155 717.551 736.336 2135.04
1434000 683.725 719.801 737.49 2141.02
1435000 681.182 716.77 734.454 2132.41
1436000 682.219 714.467 734.773 2131.46
1437000 679.864 713.932 733.152 2126.95
1438000 682.388 716.519 734.857 2133.76
1439000 682.826 716.646 734.951 2134.42
1440000 679.847 714.224 732.621 2126.69
1441000 685.406 720.248 739.401 2145.06
1442000 684.333 721.522 740.372 2146.23
1443000 682.158 717.728 738.89 2138.78
1444000 686.649 724.862 744.572 2156.08
1445000 686.642 724.59 743.029 2154.26
1446000 688.195 726.067 744.019 2158.28
1447000 689.275 724.713 746.274 2160.26
1448000 688.352 724.819 746.136 2159.31
1449000 686.124 724.235 746.672 2157.03
1450000 690.16 727.696 749.149 2167.01
1451000 691.91 727.57 749.691 2169.17
1452000 700.848 733.043 757.022 2190.91
1453000 700.245 731.164 756.13 2187.54
1454000 699.304 729.552 754.128 2182.98
1455000 698.685 728.393 754.227 2181.31
1456000 702.255 732.469 756.78 2191.5
1457000 701.217 732.213 754.455 2187.89
1458000 703.509 734.6 756.992 2195.1
1459000 704.551 735.166 758.009 2197.73
1460000 705.349 735.239 758.611 2199.2
1461000 710.116 736.828 761.561 2208.5
1462000 712.673 737.713 764.839 2215.22
1463000 710.6 735.376 765.534 2211.51
1464000 709.775 733.456 764.427 2207.66
1465000 716.791 736.776 769.286 2222.85
1466000 718.259 740.445 771.916 2230.62
1467000 718.077 739.047 772.524 2229.65
1468000 716.967 737.307 772.127 2226.4
1469000 719.286 740.624 777.55 2237.46
1470000 720.372 739.578 777.742 2237.69
1471000 719.42 737.566 776.29 2233.28
1472000 718.504 738.429 779.193 2236.13
1473000 717.064 738.643 778.632 2234.34
1474000 717.577 739.866 780.057 2237.5
1475000 718.881 742.634 781.042 2242.56
1476000 718.418 744.987 778.789 2242.19
1477000 722.398 748.889 781.737 2253.02
1478000 723.287 751.182 783.994 2258.46
1479000 719.109 749.458 784.009 2252.58
1480000 721.266 752.433 786.365 2260.06
1481000 719.159 749.408 784.623 2253.19
1482000 722.666 751.674 788.138 2262.48
1483000 726.661 754.496 793.487 2274.64
1484000 726.337 756.089 794.033 2276.46
1485000 730.479 759.74 796.863 2287.08
1486000 732.457 761.114 799.045 2292.62
1487000 727.849 756.614 794.137 2278.6
1488000 731.219 757.685 795.547 2284.45
1489000 734.096 763.329 800.721 2298.15
1490000 733.864 766.01 800.666 2300.54
1491000 733.425 767.349 800.703 2301.48
1492000 731.565 765.9 801.28 2298.74
1493000 733.217 765.911 802.724 2301.85
1494000 734.545 765.272 802.466 2302.28
1495000 737.093 766.213 803.42 2306.73
1496000 740.471 770.172 805.89 2316.53
1497000 740.765 773.207 805.465 2319.44
1498000 742.042 775.284 806.27 2323.6
1499000 740.784 774.275 803.582 2318.64
1500000 741.68 776.409 804.249 2322.34
1501000 742.042 778.099 803.955 2324.1
1502000 743.466 776.343 803.622 2323.43
1503000 747.049 777.652 807.721 2332.42
1504000 748.507 777.649 808.814 2334.97
1505000 749.342 779.941 809.976 2339.26
1506000 748.835 781.731 809.627 2340.19
1507000 748.612 784.227 809.837 2342.68
1508000 745.472 782.156 809.612 2337.24
1509000 743.226 780.342 809.02 2332.59
1510000 742.891 781.336 813.435 2337.66
1511000 743.372 783.115 817.193 2343.68
1512000 747.628 788.158 822.441 2358.23
1513000 746.044 788.022 819.504 2353.57
1514000 746.159 788.964 819.375 2354.5
1515000 749.74 792.057 822.587 2364.38
1516000 750.606 791.64 821.989 2364.24
1517000 749.72 792.789 820.889 2363.4
1518000 750.969 793.748 820.756 2365.47
1519000 752.219 794.898 822.121 2369.24
1520000 750.878 794.529 824.406 2369.81
1521000 750.367 794.328 824.803 2369.5
1522000 747.024 791.772 823.351 2362.15
1523000 750.329 791.394 825.094 2366.82
1524000 752.539 793.874 827.147 2373.56
1525000 752.461 794.739 827.997 2375.2
1526000 753.667 794.499 827.472 2375.64
1527000 755.118 796.228 828.961 2380.31
1528000 753.881 795.205 826.825 2375.91
1529000 757.972 797.748 826.713 2382.43
1530000 760.421 798.423 828.973 2387.82
1531000 758.243 795.566 827.299 2381.11
1532000 757.644 793.407 825.146 2376.2
1533000 761.352 798.214 830.016 2389.58
1534000 762.108 800.75 832.201 2395.06
1535000 762.641 799.722 833.652 2396.01
1536000 764.767 798.68 834.07 2397.52
1537000 767.823 802.245 835.888 2405.96
1538000 770.161 806.214 838.203 2414.58
1539000 768.245 804.724 836.2 2409.17
1540000 770.209 810.185 836.748 2417.14
1541000 766.625 806.971 832.879 2406.48
1542000 766.142 809.684 834.373 2410.2
1543000 766.827 809.822 833.682 2410.33
1544000 767.874 809.907 835.236 2413.02
1545000 765.529 808.173 832.445 2406.15
1546000 764.396 806.571 829.307 2400.27
1547000 769.543 811.147 836.822 2417.51
1548000 767.153 807.71 833.649 2408.51
1549000 770.745 807.142 833.724 2411.61
1550000 772.788 806.938 831.592 2411.32
1551000 775.503 809.887 835.091 2420.48
1552000 774.503 810.881 835.832 2421.21
1553000 780.301 816.759 841.659 2438.72
1554000 786.372 820.611 847.11 2454.09
1555000 781.494 815.871 843.743 2441.11
1556000 783.2 820.694 847.754 2451.65
1557000 779.599 815.363 843.38 2438.34
1558000 782.197 816.8 849.839 2448.84
1559000 781.726 816.011 850.642 2448.38
1560000 783.048 819.269 852.558 2454.88
1561000 786.335 823.05 856.364 2465.75
1562000 786.241 822.83 857.448 2466.52
1563000 786.871 823.182 856.111 2466.16
1564000 788.536 823.547 856.957 2469.04
1565000 790.144 826.797 858.199 2475.14
1566000 788.772 825.674 854.961 2469.41
1567000 791.143 826.815 854.494 2472.45
1568000 790.768 824.992 853.218 2468.98
1569000 788.443 821.432 850.898 2460.77
1570000 792.696 825.345 855.494 2473.54
1571000 792.436 826.469 854.78 2473.69
1572000 796.085 831.852 859.054 2486.99
1573000 796.298 831.034 855.758 2483.09
1574000 794.138 828.47 852.515 2475.12
1575000 794.715 830.176 855.281 2480.17
1576000 795.959 829.653 853.684 2479.3
1577000 800.311 833.352 858.042 2491.7
1578000 803.449 837.519 861.019 2501.99
1579000 803.121 839.883 861.897 2504.9
1580000 804.586 841.295 862.651 2508.53
1581000 804.922 840.277 861.672 2506.87
1582000 804.321 841.396 859.971 2505.69
1583000 808.522 844.335 860.577 2513.43
1584000 810.857 842.679 860.769 2514.31
1585000 810.785 842.82 860.629 2514.23
1586000 810.454 842.89 859.878 2513.22
1587000 806.696 839.887 855.873 2502.46
1588000 810.676 844.855 861.269 2516.8
1589000 812.039 844.33 862.057 2518.43
1590000 816.051 847.908 866.287 2530.24
1591000 813.528 845.852 862.776 2522.16
1592000 813.204 845.174 860.331 2518.71
1593000 815.246 847.923 860.554 2523.72
1594000 817.9 851.528 861.764 2531.19
1595000 817.595 852.875 861.798 2532.27
1596000 815.904 851.742 862.266 2529.91
1597000 813.927 849.86 860.858 2524.64
1598000 817.994 851.661 863.1 2532.76
1599000 819.852 849.864 861.605 2531.32
1600000 824.471 852.437 862.833 2539.74
