# Time-averaged data for fix thermo_avg_npt
# TimeStep v_epsilon_co v_temp v_press v_pe v_ke v_etotal v_vol v_dens
101000 0.85 299.461 -147.636 -21724.5 3350.07 -18374.4 53841.1 1.05955
102000 0.85 300.134 -18.7107 -21805.4 3357.59 -18447.8 53410.4 1.06811
103000 0.85 299.083 199.069 -21793.9 3345.83 -18448.1 53487.7 1.06658
104000 0.85 300.818 -429.948 -21794.7 3365.25 -18429.5 54099.2 1.0545
105000 0.85 300.242 40.6518 -21826.6 3358.8 -18467.8 53625.4 1.06382
106000 0.85 300.963 -55.1984 -21808.4 3366.87 -18441.5 53474.1 1.06682
107000 0.85 299.188 -107.332 -21765.1 3347.01 -18418 53721.6 1.06191
108000 0.85 301.307 -126.245 -21800.5 3370.71 -18429.8 54064.9 1.05517
109000 0.85 301.804 43.5247 -21792.7 3376.27 -18416.4 54018.4 1.05607
110000 0.85 297.878 -177.713 -21787.4 3332.35 -18455.1 53670.5 1.06294
111000 0.85 300.386 244.572 -21814.8 3360.41 -18454.4 53187.9 1.07257
112000 0.85 300.888 128.108 -21813.4 3366.03 -18447.4 53348.9 1.06934
113000 0.85 301.4 -328.298 -21762.9 3371.75 -18391.2 53830.1 1.05977
114000 0.85 300.699 138.046 -21845.6 3363.91 -18481.7 53335.5 1.06961
115000 0.85 301.548 151.255 -21747.3 3373.41 -18373.9 53314.5 1.07003
116000 0.85 298.584 -180.064 -21780.8 3340.25 -18440.6 53702.8 1.06228
117000 0.85 301.647 11.6596 -21788.5 3374.52 -18414 53447.7 1.06736
118000 0.85 300.141 -1.93426 -21746.5 3357.67 -18388.8 53383.2 1.06864
119000 0.85 300.592 -202.799 -21738.8 3362.72 -18376.1 53940.4 1.05761
120000 0.85 299.633 131.259 -21756.8 3351.99 -18404.8 53927.5 1.05786
121000 0.85 301.426 82.827 -21784.6 3372.05 -18412.6 53714.5 1.06205
122000 0.85 300.262 77.2757 -21718.4 3359.03 -18359.4 53908.2 1.05824
123000 0.85 300.573 -315.763 -21783 3362.51 -18420.5 53984.2 1.05674
124000 0.85 299.703 195.429 -21811.8 3352.77 -18459 53888.7 1.05862
125000 0.85 300.531 -30.9629 -21764 3362.04 -18402 54145.4 1.0536
126000 0.85 300.303 46.4484 -21836.9 3359.49 -18477.5 53925.9 1.0579
127000 0.85 298.535 250.398 -21851.5 3339.7 -18511.8 53698.8 1.06236
128000 0.85 298.889 -263.538 -21732.7 3343.66 -18389.1 54002 1.0564
129000 0.85 301.793 136.466 -21779.3 3376.16 -18403.1 53367 1.06899
130000 0.85 298.83 240.391 -21837.8 3343.01 -18494.8 53141.1 1.07352
131000 0.85 299.456 -230.073 -21748.5 3350.01 -18398.5 53815.9 1.06006
132000 0.85 301.067 -98.2365 -21805.7 3368.03 -18437.6 53806.6 1.06024
133000 0.85 298.132 74.8783 -21801.2 3335.2 -18466 53568.4 1.06495
134000 0.85 300.429 -99.3283 -21850.5 3360.9 -18489.6 53566 1.065
135000 0.85 300.4 268.558 -21803.5 3360.56 -18443 53397.9 1.06835
136000 0.85 298.421 105.214 -21773.3 3338.43 -18434.9 53616.5 1.06401
137000 0.85 299.647 -446.15 -21754.1 3352.15 -18401.9 54297.6 1.05065
138000 0.85 300.661 204.931 -21779.3 3363.49 -18415.8 53857.3 1.05924
139000 0.85 300.503 -49.4118 -21748.3 3361.72 -18386.6 53941.8 1.05757
140000 0.85 300.121 -246.516 -21800.6 3357.45 -18443.2 53914.2 1.05812
141000 0.85 299.571 -255.453 -21822.9 3351.3 -18471.6 53866.8 1.05905
142000 0.85 301.252 189.781 -21876 3370.11 -18505.9 54037.2 1.05571
143000 0.85 299.943 89.5641 -21833.9 3355.45 -18478.5 54147.7 1.05356
144000 0.85 300.337 46.9485 -21873.5 3359.86 -18513.6 53920.4 1.05799
145000 0.85 301.066 117.65 -21834.3 3368.02 -18466.2 53865.6 1.05907
146000 0.85 300.333 142.653 -21794.6 3359.82 -18434.8 54061.5 1.05523
147000 0.85 301.113 209.456 -21823.5 3368.55 -18455 53538.3 1.06555
148000 0.85 301.25 -202.333 -21746.4 3370.08 -18376.4 53519.5 1.06592
149000 0.85 300.594 -104.966 -21746.5 3362.74 -18383.7 53980.7 1.05682
150000 0.85 300.983 -132.724 -21738.9 3367.09 -18371.8 53796.7 1.06043
151000 0.85 301.092 4.5346 -21775.6 3368.31 -18407.3 53401.2 1.06828
152000 0.85 299.388 -177.902 -21733.5 3349.24 -18384.2 53318.2 1.06994
153000 0.85 299.344 113.948 -21723.8 3348.75 -18375.1 53558.9 1.06514
154000 0.85 301.087 -22.1654 -21690.4 3368.25 -18322.1 54283.9 1.05092
155000 0.85 299.977 -74.2808 -21774.7 3355.83 -18418.9 54044.1 1.05558
156000 0.85 299.788 61.2746 -21851.4 3353.72 -18497.6 53853 1.05932
157000 0.85 299.301 -44.3675 -21845.7 3348.28 -18497.4 54128.9 1.05392
158000 0.85 302.043 177.818 -21745.3 3378.95 -18366.4 54097.2 1.05454
159000 0.85 300.129 -265.24 -21696.9 3357.53 -18339.4 54186.1 1.05281
160000 0.85 301.81 51.5185 -21805 3376.35 -18428.6 53774.8 1.06086
161000 0.85 298.502 -190.445 -21754.2 3339.34 -18414.9 54084.7 1.05478
162000 0.85 300.68 102.577 -21761 3363.7 -18397.3 54068.8 1.05509
163000 0.85 298.548 24.7856 -21787.7 3339.85 -18447.8 53486.7 1.0666
164000 0.85 300.16 164.192 -21826.8 3357.89 -18468.9 53205.8 1.07222
165000 0.85 301.007 -132.314 -21794.9 3367.36 -18427.6 53895.7 1.05849
166000 0.85 300.854 287.856 -21835.8 3365.65 -18470.2 53874.2 1.05891
167000 0.85 300.112 52.1711 -21834 3357.34 -18476.7 53875.7 1.05888
168000 0.85 300.075 -81.6723 -21808.2 3356.93 -18451.2 53886.6 1.05866
169000 0.85 298.85 158.683 -21801.8 3343.23 -18458.5 53754.9 1.06125
170000 0.85 298.796 -21.7293 -21840.8 3342.62 -18498.1 53855.2 1.05928
171000 0.85 300.404 60.4225 -21840 3360.62 -18479.3 53959.5 1.05723
172000 0.85 300.801 19.6979 -21837.7 3365.05 -18472.7 53969.8 1.05703
173000 0.85 299.916 -101.166 -21767.9 3355.15 -18412.8 53769.7 1.06096
174000 0.85 297.974 77.7117 -21810.1 3333.43 -18476.7 53598.3 1.06435
175000 0.85 300.546 51.4566 -21780 3362.2 -18417.8 53890.7 1.05858
176000 0.85 300.744 -90.1261 -21858.1 3364.41 -18493.7 54045.4 1.05555
177000 0.85 299.263 -9.92086 -21770.8 3347.85 -18422.9 53932.8 1.05775
178000 0.85 300.264 -61.1041 -21821.9 3359.05 -18462.9 53746.3 1.06142
179000 0.85 298.981 -38.9781 -21809.7 3344.69 -18465 53677.7 1.06278
180000 0.85 300.35 193.832 -21837 3360.01 -18477 53352 1.06927
181000 0.85 301.663 246.592 -21831.8 3374.7 -18457.1 53200.5 1.07231
182000 0.85 299.933 -94.3927 -21851 3355.35 -18495.6 53410.1 1.0681
183000 0.85 299.3 -135.711 -21776.2 3348.26 -18427.9 53937.9 1.05766
184000 0.85 301.157 -10.9853 -21810.5 3369.03 -18441.4 54056.4 1.05534
185000 0.85 300.763 76.2761 -21787.9 3364.63 -18423.3 53726.4 1.06182
186000 0.85 302.369 13.0107 -21783.7 3382.59 -18401.2 53727 1.0618
187000 0.85 299.987 -181.164 -21758.1 3355.95 -18402.2 54116.2 1.05417
188000 0.85 299.718 82.142 -21846.6 3352.94 -18493.6 53857 1.05925
189000 0.85 300.103 88.9214 -21830.2 3357.24 -18472.9 53368 1.06895
190000 0.85 302.118 -5.87689 -21833.1 3379.79 -18453.3 53547.9 1.06536
191000 0.85 299.862 110.931 -21765.8 3354.55 -18411.2 53787.6 1.06061
192000 0.85 300.725 -112.819 -21804.1 3364.2 -18439.9 53646.2 1.06341
193000 0.85 301.037 99.5873 -21819.7 3367.69 -18452 53617.7 1.06397
194000 0.85 300.334 56.068 -21819.8 3359.83 -18459.9 53795.6 1.06045
195000 0.85 300.886 -266.632 -21756.8 3366.01 -18390.7 54130.7 1.05389
196000 0.85 298.789 100.792 -21780.6 3342.54 -18438 53697.7 1.06238
197000 0.85 302.874 85.9133 -21799.7 3388.25 -18411.4 53593.3 1.06445
198000 0.85 300.917 -55.5916 -21736.4 3366.36 -18370 53780.9 1.06074
199000 0.85 298.428 -146.649 -21733.9 3338.51 -18395.4 54032.2 1.05581
200000 0.85 301.143 -175.753 -21739.4 3368.88 -18370.5 53950.2 1.05741
201000 0.85 299.352 61.754 -21778.7 3348.85 -18429.8 53764.6 1.06106
202000 0.85 299.588 -107.557 -21753 3351.48 -18401.6 53925.8 1.05789
203000 0.85 301.279 275.189 -21769.3 3370.41 -18398.9 53334.6 1.06962
204000 0.85 299.991 27.3356 -21760.3 3355.99 -18404.4 53479.3 1.06673
205000 0.85 298.938 -43.6527 -21798 3344.22 -18453.7 53750.5 1.06134
206000 0.85 300.419 -120.499 -21789.7 3360.78 -18429 53760.3 1.06115
207000 0.85 298.853 231.241 -21759.4 3343.27 -18416.2 53352.7 1.06926
208000 0.85 296.754 101.038 -21830 3319.78 -18510.2 53248.9 1.07134
209000 0.85 299.34 -250.157 -21787.1 3348.71 -18438.4 53652.4 1.06329
210000 0.85 300.913 52.211 -21815.8 3366.31 -18449.5 53653.3 1.06327
211000 0.85 299.345 -96.7352 -21861.4 3348.77 -18512.7 53575.7 1.06481
212000 0.85 300.04 -70.8581 -21860.5 3356.54 -18503.9 53828 1.05981
213000 0.85 299.436 153.184 -21864.7 3349.79 -18515 53573.7 1.06484
214000 0.85 299.877 -29.7471 -21861.2 3354.72 -18506.5 53959.9 1.05723
215000 0.85 299.444 -151.428 -21845.3 3349.87 -18495.4 54112.1 1.05425
216000 0.85 302.195 23.1684 -21819.4 3380.65 -18438.7 53859.7 1.05919
217000 0.85 299.015 -220.831 -21799.8 3345.08 -18454.7 53939.8 1.05762
218000 0.85 300.304 67.5692 -21859.4 3359.5 -18499.9 53373.7 1.06884
219000 0.85 297.61 -12.0289 -21825.9 3329.36 -18496.5 53675.7 1.06284
220000 0.85 300.522 -122.399 -21771.9 3361.93 -18410 53779.5 1.06077
221000 0.85 300.161 278.178 -21851 3357.9 -18493.1 53268.9 1.07094
222000 0.85 299.013 -71.1293 -21749.8 3345.06 -18404.8 53540.8 1.06552
223000 0.85 301.064 -242.562 -21753.5 3368 -18385.5 53921.6 1.05797
224000 0.85 298.676 212.123 -21880.8 3341.28 -18539.6 53497.9 1.06635
225000 0.85 298.46 -107.718 -21765.8 3338.86 -18426.9 53857.8 1.05924
226000 0.85 300.098 -159.624 -21795.9 3357.19 -18438.7 53888.4 1.05863
227000 0.85 302.391 243.083 -21775.3 3382.84 -18392.5 53340.5 1.0695
228000 0.85 301.242 -53.5656 -21794.6 3369.98 -18424.6 53612.1 1.06409
229000 0.85 299.779 -215.548 -21812 3353.62 -18458.4 53884.9 1.05869
230000 0.85 301.85 -101.464 -21827.9 3376.79 -18451.1 53834.5 1.05968
231000 0.85 298.711 -4.85975 -21867.3 3341.67 -18525.6 53520.1 1.06592
232000 0.85 299.933 168.882 -21845 3355.35 -18489.6 53338.3 1.06955
233000 0.85 300.618 17.0986 -21772.2 3363.01 -18409.2 53929.4 1.05782
234000 0.85 299.309 118.235 -21789.7 3348.36 -18441.3 53824.8 1.05988
235000 0.85 301.266 195.151 -21805.2 3370.26 -18435 53512 1.06607
236000 0.85 299.935 -187.513 -21793 3355.37 -18437.7 53885.8 1.05868
237000 0.85 299.94 -39.3742 -21869.8 3355.42 -18514.3 53811.9 1.06013
238000 0.85 301.256 -164.517 -21863.7 3370.15 -18493.6 53839 1.05959
239000 0.85 299.856 -223.574 -21839.4 3354.49 -18484.9 53880.4 1.05878
240000 0.85 301.863 -179.615 -21825.2 3376.94 -18448.3 53617.7 1.06397
241000 0.85 299.465 0.454838 -21848 3350.11 -18497.9 53665.9 1.06302
242000 0.85 299.554 -169.417 -21801.8 3351.11 -18450.7 54161.2 1.0533
243000 0.85 301.03 -293.538 -21808.4 3367.62 -18440.8 54021.6 1.05604
244000 0.85 300.023 144.443 -21789.7 3356.35 -18433.3 53346.5 1.06938
245000 0.85 299.049 120.825 -21763.2 3345.46 -18417.7 53741 1.06154
246000 0.85 301.472 -398.164 -21664.4 3372.56 -18291.9 54160.4 1.05331
247000 0.85 298.942 77.7824 -21707.8 3344.25 -18363.5 53758.9 1.06117
248000 0.85 300.135 74.6056 -21804.1 3357.61 -18446.5 53758 1.06119
249000 0.85 297.637 419.466 -21834.6 3329.65 -18504.9 53458.6 1.06714
250000 0.85 300.056 79.2507 -21791.5 3356.72 -18434.8 53581.6 1.06469
251000 0.85 301.711 285.175 -21831.8 3375.23 -18456.6 53875.2 1.05889
252000 0.85 299.423 -434.73 -21754.9 3349.63 -18405.2 54135.1 1.0538
253000 0.85 298.032 232.385 -21827.7 3334.08 -18493.6 53653 1.06327
254000 0.85 298.667 -84.5522 -21809 3341.18 -18467.8 54168.6 1.05316
255000 0.85 300.434 -51.1248 -21822.2 3360.95 -18461.3 54041.7 1.05564
256000 0.85 299.132 164.077 -21824.1 3346.38 -18477.7 53545.3 1.06541
257000 0.85 299.759 -243.039 -21752.8 3353.4 -18399.4 53893.2 1.05853
258000 0.85 301.423 -18.5484 -21841.7 3372.01 -18469.7 53811.6 1.06013
259000 0.85 297.945 235.276 -21788.4 3333.1 -18455.3 53838.8 1.0596
260000 0.85 301.084 -53.0923 -21797.1 3368.22 -18428.9 54216 1.05223
261000 0.85 300.357 190.462 -21807.7 3360.09 -18447.6 54007.5 1.0563
262000 0.85 299.045 -33.3061 -21805.2 3345.41 -18459.8 53575 1.06482
263000 0.85 297.835 156.73 -21817.6 3331.87 -18485.7 53439.9 1.06751
264000 0.85 299.306 103.856 -21819.7 3348.33 -18471.4 53877.5 1.05884
265000 0.85 300.66 -102.125 -21818.3 3363.48 -18454.9 54264.1 1.05129
266000 0.85 300.989 18.6507 -21809.7 3367.16 -18442.5 54181.9 1.05289
267000 0.85 300.287 125.022 -21829.1 3359.3 -18469.8 53676.3 1.06282
268000 0.85 299.374 238.993 -21896.3 3349.09 -18547.2 53316.4 1.06998
269000 0.85 299.387 290.687 -21825 3349.24 -18475.8 53837.7 1.05967
270000 0.85 300.862 -521.909 -21786.6 3365.73 -18420.9 54557.5 1.04564
271000 0.85 299.505 -74.5591 -21798.6 3350.55 -18448 53893.2 1.05854
272000 0.85 298.875 -3.38157 -21754.7 3343.51 -18411.1 53583.5 1.06465
273000 0.85 300.631 -229.784 -21721.2 3363.15 -18358 53694.7 1.06244
274000 0.85 300.799 0.43988 -21844.3 3365.04 -18479.2 53327.6 1.06976
275000 0.85 300.658 218.672 -21788.7 3363.46 -18425.3 53434.2 1.06764
276000 0.85 301.007 -33.7015 -21825.6 3367.36 -18458.2 53930.6 1.05779
277000 0.85 300.247 -93.1323 -21821.4 3358.86 -18462.6 53861 1.05916
278000 0.85 300.183 111.223 -21846.9 3358.14 -18488.8 53531.9 1.06567
279000 0.85 300.202 80.0581 -21800.3 3358.36 -18442 53669.8 1.06293
280000 0.85 300.517 143.357 -21845.9 3361.88 -18484 53442.6 1.06746
281000 0.85 299.695 201.525 -21832.1 3352.69 -18479.4 53484.1 1.06663
282000 0.85 301.192 -95.4373 -21793.2 3369.43 -18423.7 54066.6 1.05514
283000 0.85 300.111 -293.812 -21768.2 3357.33 -18410.8 54360.6 1.04943
284000 0.85 300.465 182.105 -21895.2 3361.29 -18533.9 53741.2 1.06153
285000 0.85 300.093 -126.379 -21850.8 3357.14 -18493.7 53838.4 1.05961
286000 0.85 301.158 -109.747 -21818.3 3369.05 -18449.2 53727 1.0618
287000 0.85 298.947 136.623 -21734.1 3344.31 -18389.8 53863.2 1.05912
288000 0.85 300.685 -38.6834 -21795.4 3363.76 -18431.7 53887.7 1.05865
289000 0.85 299.706 73.5806 -21893.2 3352.81 -18540.4 53242.1 1.07148
290000 0.85 300.171 -230.734 -21851.8 3358.01 -18493.8 53392.5 1.06846
291000 0.85 299.941 65.1253 -21865.1 3355.44 -18509.7 53544.1 1.06543
292000 0.85 299.48 -134.533 -21792.6 3350.28 -18442.3 54057.1 1.05533
293000 0.85 300.776 -136.426 -21817.7 3364.77 -18452.9 54126.6 1.05396
294000 0.85 298.535 119.424 -21841.9 3339.71 -18502.2 53748.4 1.06139
295000 0.85 300.633 26.8308 -21790.3 3363.17 -18427.1 53567.7 1.06496
296000 0.85 299.779 -176.918 -21748.1 3353.62 -18394.5 53772.5 1.06091
297000 0.85 301.204 -27.9012 -21795.7 3369.56 -18426.2 53993.5 1.05656
298000 0.85 299.043 -17.0732 -21856.3 3345.39 -18510.9 53445.1 1.06744
299000 0.85 300.358 202.427 -21727.2 3360.1 -18367.1 53176.9 1.07279
300000 0.85 299.184 8.65966 -21795.9 3346.96 -18449 53531.3 1.06568
301000 0.85 300.708 -198.793 -21768.7 3364.01 -18404.7 53628.7 1.06375
302000 0.85 298.675 115.507 -21734.1 3341.27 -18392.9 53824.3 1.0599
303000 0.85 301.799 -63.763 -21788 3376.22 -18411.8 53727.1 1.0618
304000 0.85 301.748 -75.3843 -21831.8 3375.65 -18456.1 53775.9 1.06086
305000 0.85 300.199 -54.4739 -21825.6 3358.32 -18467.3 53861.4 1.05918
306000 0.85 301.294 -9.62713 -21820.2 3370.57 -18449.7 53754.3 1.06127
307000 0.85 299.381 -138.712 -21801.8 3349.17 -18452.7 54037.3 1.05571
308000 0.85 299.098 -47.1609 -21823.1 3346 -18477.1 53810.1 1.06018
309000 0.85 298.472 -63.7884 -21825 3339 -18486 53894.7 1.05851
310000 0.85 299.3 -31.8004 -21900 3348.27 -18551.7 53918.7 1.05803
311000 0.85 301.326 -57.6611 -21813.3 3370.92 -18442.4 53904.3 1.05833
312000 0.85 298.325 27.9167 -21852.7 3337.35 -18515.3 54053.5 1.05539
313000 0.85 299.122 59.9778 -21840.8 3346.27 -18494.5 54292.4 1.05078
314000 0.85 300.719 -65.2032 -21837.3 3364.14 -18473.2 53769.2 1.061
315000 0.85 298.817 -11.9606 -21838.4 3342.86 -18495.6 53922.6 1.05795
316000 0.85 302.423 2.93447 -21857.7 3383.21 -18474.5 53598.7 1.06435
317000 0.85 299.733 10.6223 -21852.8 3353.11 -18499.7 53919.1 1.05802
318000 0.85 301.654 -167.604 -21853 3374.59 -18478.4 53762.7 1.0611
319000 0.85 299.437 210.325 -21788.4 3349.79 -18438.6 53715.5 1.06203
320000 0.85 299.507 108.88 -21818.1 3350.58 -18467.5 53588.2 1.06456
321000 0.85 297.889 50.5385 -21819.2 3332.48 -18486.8 53643.1 1.06347
322000 0.85 299.768 -2.83546 -21827 3353.5 -18473.5 53632.9 1.06368
323000 0.85 299.343 -51.8583 -21895.2 3348.75 -18546.5 53268 1.07101
324000 0.85 298.988 54.5932 -21813.7 3344.78 -18468.9 53866.6 1.05907
325000 0.85 301.056 53.4462 -21821 3367.91 -18453.1 53536.7 1.06558
326000 0.85 301.106 29.3716 -21789 3368.46 -18420.5 53577.3 1.06478
327000 0.85 299.827 -139.73 -21765.6 3354.16 -18411.5 53816.9 1.06004
328000 0.85 300.786 -95.9369 -21772.6 3364.89 -18407.7 53692.7 1.0625
329000 0.85 300.515 46.8602 -21771.7 3361.85 -18409.8 53705.1 1.06224
330000 0.85 298.042 111.952 -21809.2 3334.19 -18475 53389.9 1.06851
331000 0.85 300.411 -187.033 -21851.2 3360.69 -18490.5 53705.8 1.06223
332000 0.85 299.209 123.437 -21846.1 3347.25 -18498.8 53630.5 1.06372
333000 0.85 301.054 122.059 -21781.7 3367.88 -18413.8 53986.9 1.05676
334000 0.85 299.236 -25.2215 -21836.9 3347.55 -18489.4 54151.5 1.05349
335000 0.85 300.762 -201.919 -21725.2 3364.62 -18360.6 53603.3 1.06427
336000 0.85 302.514 -10.5385 -21733.7 3384.22 -18349.4 53648.3 1.06337
337000 0.85 299.905 108.158 -21782.8 3355.03 -18427.7 53705.5 1.06223
338000 0.85 300.443 -11.801 -21834.6 3361.05 -18473.6 53863.7 1.05911
339000 0.85 298.799 49.3318 -21864.8 3342.66 -18522.2 53816.2 1.06005
340000 0.85 299.99 71.3756 -21825.2 3355.98 -18469.2 53561.9 1.06508
341000 0.85 298.462 77.5741 -21795.1 3338.89 -18456.2 53706.3 1.06221
342000 0.85 298.121 16.7941 -21819.5 3335.07 -18484.5 53616.5 1.064
343000 0.85 299.484 48.7521 -21860.6 3350.32 -18510.3 53574.9 1.06483
344000 0.85 300.933 -107.927 -21818.9 3366.53 -18452.4 53905.2 1.0583
345000 0.85 300.306 -66.1588 -21817.3 3359.52 -18457.8 53845.3 1.05948
346000 0.85 300.317 204.712 -21806 3359.64 -18446.4 53510.9 1.06611
347000 0.85 301.019 -163.869 -21792.8 3367.49 -18425.3 53797.8 1.06041
348000 0.85 301.667 -226.718 -21813.8 3374.74 -18439.1 53701.3 1.06232
349000 0.85 299.175 -130.068 -21786.5 3346.86 -18439.7 53673.1 1.06289
350000 0.85 298.185 205.701 -21762.8 3335.79 -18427 53734.6 1.06168
351000 0.85 299.205 -139.701 -21758.3 3347.2 -18411.1 53503.2 1.06625
352000 0.85 299.81 -104.816 -21778.3 3353.97 -18424.4 53498.1 1.06635
353000 0.85 299.956 -40.5929 -21808.8 3355.6 -18453.2 53628.7 1.06375
354000 0.85 299.746 -4.49542 -21785.7 3353.25 -18432.5 54025.3 1.05597
355000 0.85 299.277 240.985 -21748.3 3348 -18400.3 53481.3 1.06672
356000 0.85 299.356 38.4633 -21723.6 3348.89 -18374.7 53818.5 1.06002
357000 0.85 301.518 -1.34805 -21758.3 3373.07 -18385.2 53825.7 1.05987
358000 0.85 300.706 76.966 -21815.1 3364 -18451.1 53607.7 1.06417
359000 0.85 299.103 -198.805 -21804.9 3346.06 -18458.9 53564.5 1.06508
360000 0.85 299.975 78.2336 -21784.3 3355.81 -18428.5 53321.8 1.06989
361000 0.85 299.079 -75.1173 -21770.4 3345.79 -18424.6 53637.9 1.06361
362000 0.85 299.968 -89.7996 -21803.6 3355.74 -18447.8 53803 1.06031
363000 0.85 299.991 -61.7073 -21800.3 3355.99 -18444.3 53710.7 1.06214
364000 0.85 300.949 -29.9315 -21781.1 3366.72 -18414.4 53867.7 1.05904
365000 0.85 299.543 -119.908 -21814.8 3350.99 -18463.8 53739.7 1.06158
366000 0.85 299.346 98.533 -21808.8 3348.78 -18460 53883.2 1.05874
367000 0.85 299.565 111.974 -21889 3351.23 -18537.8 53618.8 1.06395
368000 0.85 298.273 140.126 -21841.9 3336.78 -18505.1 53464.7 1.06702
369000 0.85 299.299 -153.368 -21794.1 3348.25 -18445.9 53380.3 1.06873
370000 0.85 299.129 109.504 -21845.9 3346.35 -18499.5 53633.1 1.06368
371000 0.85 299.532 3.77138 -21857.2 3350.86 -18506.3 53800.3 1.06041
372000 0.85 300.974 215.153 -21835.1 3366.99 -18468.1 53945.9 1.05751
373000 0.85 299.737 181.223 -21792.5 3353.15 -18439.4 53518.2 1.06596
374000 0.85 299.531 241.899 -21782.2 3350.85 -18431.4 53691.6 1.06251
375000 0.85 300.794 -69.567 -21725 3364.98 -18360 54157.6 1.05336
376000 0.85 300.014 -85.0292 -21754.5 3356.25 -18398.3 53500.1 1.06631
377000 0.85 300.623 -50.6585 -21758.9 3363.06 -18395.8 53887.8 1.05867
378000 0.85 299.455 -35.7346 -21822.9 3349.99 -18472.9 53698.9 1.06237
379000 0.85 299.956 74.7592 -21827.6 3355.6 -18472 53809.4 1.06018
380000 0.85 300.984 181.163 -21840.5 3367.11 -18473.4 53620.6 1.06391
381000 0.85 300.827 30.638 -21853.5 3365.34 -18488.1 53854.2 1.05931
382000 0.85 301.068 -115.227 -21824 3368.05 -18456 53974.5 1.05695
383000 0.85 299.327 184.01 -21767.9 3348.57 -18419.3 53929.6 1.05782
384000 0.85 298.428 -160.945 -21762.4 3338.51 -18423.9 53801.3 1.06036
385000 0.85 300.282 22.3688 -21818 3359.25 -18458.8 53956.3 1.05733
386000 0.85 298.773 152.777 -21845 3342.36 -18502.7 54007 1.05632
387000 0.85 300.058 117.286 -21822 3356.74 -18465.3 53744.9 1.06148
388000 0.85 299.292 -41.0943 -21882.2 3348.17 -18534 53785.6 1.06065
389000 0.85 301.479 69.8033 -21856.3 3372.64 -18483.7 53694.9 1.06244
390000 0.85 301.565 -148.759 -21814.4 3373.6 -18440.8 53731.4 1.06172
391000 0.85 300.549 2.6178 -21804 3362.23 -18441.8 53428.7 1.06777
392000 0.85 299.432 -29.8971 -21806 3349.74 -18456.3 53582.5 1.06469
393000 0.85 301.239 298.323 -21859.1 3369.95 -18489.2 53405.9 1.06822
394000 0.85 299.422 22.1789 -21788.5 3349.63 -18438.9 54040.6 1.05569
395000 0.85 297.692 -8.76465 -21814.1 3330.28 -18483.8 53786.4 1.06066
396000 0.85 300.918 43.5839 -21762.8 3366.36 -18396.4 53623.7 1.06386
397000 0.85 300.297 -124.142 -21787.8 3359.41 -18428.4 53801.6 1.06034
398000 0.85 299.62 -37.9284 -21871.2 3351.84 -18519.4 53507.3 1.06617
399000 0.85 299.543 78.7527 -21814.4 3350.98 -18463.5 53717.2 1.062
400000 0.85 299.224 -194.483 -21812.8 3347.41 -18465.4 53796.1 1.06044
401000 0.85 298.332 -56.417 -21797.6 3337.43 -18460.1 53872.3 1.05894
402000 0.85 301.156 -0.650532 -21863 3369.03 -18494 53671.4 1.06292
403000 0.85 298.801 -100.841 -21826.9 3342.68 -18484.2 53632.4 1.06368
404000 0.85 297.875 27.2113 -21849.7 3332.32 -18517.4 53576.4 1.06481
405000 0.85 300.092 111.544 -21839 3357.13 -18481.8 53537.7 1.06556
406000 0.85 298.575 -5.46938 -21823.1 3340.15 -18482.9 53562.4 1.06508
407000 0.85 298.977 249.054 -21802.6 3344.65 -18458 53241.2 1.07149
408000 0.85 300.073 81.9003 -21812.8 3356.92 -18455.9 53831.5 1.05975
409000 0.85 299.892 -44.1811 -21795.2 3354.88 -18440.3 53828.5 1.05981
410000 0.85 298.538 -3.08392 -21795.9 3339.74 -18456.2 53944.8 1.05754
411000 0.85 299.036 52.6012 -21762.5 3345.31 -18417.2 53762.2 1.06116
412000 0.85 302.225 -200.791 -21789.2 3380.99 -18408.2 53490.2 1.06652
413000 0.85 299.362 166.433 -21814.6 3348.96 -18465.6 53701.6 1.06233
414000 0.85 300.798 -29.3957 -21836.8 3365.02 -18471.8 53837.8 1.05965
415000 0.85 299.868 -348.188 -21766.8 3354.62 -18412.2 54369.7 1.04929
416000 0.85 300.652 44.9541 -21815 3363.39 -18451.6 53542.8 1.06551
417000 0.85 300.363 233.503 -21837.3 3360.16 -18477.1 53454.3 1.06723
418000 0.85 300.235 127.613 -21792 3358.73 -18433.3 53757.3 1.06121
419000 0.85 301.053 -79.1515 -21797.8 3367.87 -18429.9 53830 1.05978
420000 0.85 300.018 84.1053 -21766.9 3356.29 -18410.6 53182.2 1.07269
421000 0.85 301.425 23.4619 -21821 3372.04 -18449 53390.8 1.06849
422000 0.85 300.69 -24.2801 -21760.5 3363.82 -18396.7 53528.1 1.06576
423000 0.85 301.21 -141.605 -21761.1 3369.63 -18391.4 53662.9 1.06308
424000 0.85 300.369 71.3054 -21793.3 3360.22 -18433.1 53623.1 1.0639
425000 0.85 297.062 170.319 -21804.9 3323.23 -18481.7 53634.7 1.06364
426000 0.85 301.017 88.2702 -21787.2 3367.47 -18419.8 53729.1 1.06178
427000 0.85 299.135 16.1553 -21796 3346.42 -18449.6 53677.3 1.0628
428000 0.85 297.986 36.1889 -21806.9 3333.56 -18473.3 53988.3 1.05668
429000 0.85 298.602 47.822 -21814.2 3340.46 -18473.7 54167.3 1.05319
430000 0.85 299.704 1.5481 -21783.8 3352.79 -18431.1 53804.9 1.06031
431000 0.85 299.224 190.545 -21881 3347.41 -18533.6 53561.8 1.06509
432000 0.85 300.538 -79.0528 -21789.8 3362.12 -18427.7 54149.6 1.05355
433000 0.85 300.285 90.6953 -21797 3359.28 -18437.7 54057 1.05534
434000 0.85 301.56 211.036 -21777.5 3373.55 -18404 53905.1 1.05834
435000 0.85 301.224 -85.3197 -21796.8 3369.79 -18427 54014 1.05617
436000 0.85 299.637 57.7468 -21783.9 3352.03 -18431.9 53529.9 1.06573
437000 0.85 298.771 -4.68299 -21760.2 3342.35 -18417.8 53783.3 1.06069
438000 0.85 299.646 109.43 -21820.4 3352.13 -18468.3 53557.7 1.06517
439000 0.85 299.705 -111.554 -21815.7 3352.8 -18462.9 53534.1 1.06563
440000 0.85 298.6 -61.8508 -21755.3 3340.43 -18414.8 53796.4 1.06046
441000 0.85 300.909 21.7425 -21771.7 3366.26 -18405.4 54070.8 1.05508
442000 0.85 299.515 -13.6634 -21796.5 3350.67 -18445.8 53984.4 1.05674
443000 0.85 299.964 7.80775 -21817.1 3355.69 -18461.4 53926 1.05788
444000 0.85 300.111 -112.29 -21804.7 3357.34 -18447.3 53900.5 1.05839
445000 0.85 300.975 170.921 -21809.5 3367 -18442.5 53359.8 1.06912
446000 0.85 298.774 -133.002 -21820.6 3342.38 -18478.2 53717.5 1.06202
447000 0.85 299.311 77.3199 -21777.7 3348.39 -18429.3 53748.7 1.06138
448000 0.85 299.005 -264.907 -21801.3 3344.96 -18456.3 53773.8 1.06088
449000 0.85 299.143 -81.3849 -21793.3 3346.51 -18446.8 53590 1.06453
450000 0.85 300.525 -41.984 -21747.1 3361.97 -18385.1 53238.5 1.07156
451000 0.85 299.889 -142.948 -21786.3 3354.85 -18431.4 53799.5 1.06042
452000 0.85 298.625 202.959 -21779.9 3340.71 -18439.2 53883.5 1.05875
453000 0.85 301.351 172.709 -21772.1 3371.21 -18400.9 54045 1.05556
454000 0.85 298.044 178.673 -21753.1 3334.21 -18418.9 53483.8 1.06667
455000 0.85 299.052 -140.596 -21800.5 3345.49 -18455 53728.4 1.06179
456000 0.85 301.245 -312.773 -21813.2 3370.02 -18443.2 53637.7 1.06357
457000 0.85 298.814 -118.567 -21817.6 3342.83 -18474.7 53756.4 1.06122
458000 0.85 299.474 -253.764 -21826.8 3350.21 -18476.6 53724.4 1.06186
459000 0.85 299.888 -72.6594 -21783.6 3354.84 -18428.7 53672.1 1.06289
460000 0.85 297.804 140.385 -21823.6 3331.52 -18492.1 53635.5 1.06363
461000 0.85 300.746 197.857 -21790.3 3364.44 -18425.9 53433.3 1.06768
462000 0.85 299.88 325.008 -21768 3354.76 -18413.2 53449.3 1.06734
463000 0.85 297.374 235.003 -21768.5 3326.72 -18441.7 53664 1.06306
464000 0.85 299.242 23.9516 -21817.7 3347.61 -18470.1 53474.7 1.06682
465000 0.85 298.353 20.0357 -21825.8 3337.67 -18488.1 53145.3 1.07344
466000 0.85 299.596 -8.46349 -21824.5 3351.58 -18472.9 53377.6 1.06876
467000 0.85 298.853 -14.9041 -21840.8 3343.26 -18497.5 53376.6 1.06886
468000 0.85 300.995 -68.5713 -21801.5 3367.22 -18434.3 53617.2 1.064
469000 0.85 301.334 -178.447 -21846.9 3371.02 -18475.8 53820.1 1.05998
470000 0.85 299.501 -114.088 -21800.3 3350.51 -18449.7 53763.1 1.06109
471000 0.85 299.437 103.245 -21851 3349.79 -18501.2 53718.5 1.06198
472000 0.85 299.87 -23.5734 -21758.6 3354.64 -18403.9 53963.3 1.05716
473000 0.85 301.838 -39.2711 -21785.3 3376.66 -18408.6 53995 1.05654
474000 0.85 300.476 60.3311 -21877.5 3361.42 -18516.1 53748.6 1.06139
475000 0.85 299.906 53.4019 -21747.8 3355.04 -18392.8 54318.2 1.05026
476000 0.85 299.903 161.797 -21828.6 3355.01 -18473.6 53857.2 1.05924
477000 0.85 300.572 -142.89 -21779 3362.49 -18416.5 53826.1 1.05985
478000 0.85 298.058 29.0785 -21821.1 3334.37 -18486.8 53826.1 1.05985
479000 0.85 297.846 -186.431 -21878.8 3332 -18546.8 53544.9 1.06543
480000 0.85 300.534 -215.66 -21828.2 3362.07 -18466.1 53670.6 1.06292
481000 0.85 300.369 2.48522 -21828.7 3360.22 -18468.5 53852.7 1.05935
482000 0.85 301.158 59.7229 -21810.3 3369.05 -18441.3 53311.6 1.07012
483000 0.85 298.583 220.769 -21764.1 3340.24 -18423.9 53687.1 1.0626
484000 0.85 298.208 175.655 -21755.9 3336.05 -18419.8 53795.1 1.06047
485000 0.85 299.334 129.284 -21824.1 3348.65 -18475.5 53722.2 1.06191
486000 0.85 298.738 -31.0723 -21782.5 3341.98 -18440.6 53520.3 1.06593
487000 0.85 300.845 -204.678 -21796.3 3365.55 -18430.7 53669.5 1.06295
488000 0.85 300.468 155.347 -21754 3361.33 -18392.6 53708.6 1.0622
489000 0.85 298.004 -114.198 -21708.2 3333.77 -18374.4 54248.5 1.0516
490000 0.85 301.361 -8.6809 -21787.5 3371.32 -18416.1 53953.9 1.05737
491000 0.85 301.017 -42.3444 -21829.3 3367.47 -18461.8 53959.7 1.05723
492000 0.85 299.79 -181.594 -21784.4 3353.75 -18430.7 53974.4 1.05695
493000 0.85 299.841 61.598 -21794.5 3354.31 -18440.2 53474.6 1.06686
494000 0.85 300.446 80.3349 -21766.5 3361.08 -18405.4 53679.7 1.06276
495000 0.85 301.011 126.277 -21756.6 3367.4 -18389.2 53405.7 1.0682
496000 0.85 299.596 17.6646 -21736.9 3351.57 -18385.4 53426.3 1.06779
497000 0.85 300.502 76.4867 -21740.8 3361.71 -18379.1 53711.2 1.06212
498000 0.85 300.158 64.3102 -21798.3 3357.86 -18440.4 53343.5 1.06944
499000 0.85 300.78 34.9179 -21797.6 3364.83 -18432.7 53932.8 1.05777
500000 0.85 300.576 45.9499 -21836.2 3362.54 -18473.6 53789.6 1.06058
501000 0.85 298.033 -153.134 -21849.3 3334.09 -18515.2 53953.3 1.0574
502000 0.85 300.328 52.8632 -21878.7 3359.77 -18518.9 53543.8 1.06545
503000 0.85 299.783 254.605 -21779.3 3353.66 -18425.7 53826.4 1.05985
504000 0.85 299.168 41.7851 -21809.7 3346.79 -18462.9 53965.6 1.05712
505000 0.85 298.098 -146.867 -21815.3 3334.82 -18480.4 53759.3 1.06121
506000 0.85 301.042 -132.899 -21861.9 3367.75 -18494.1 53622 1.06389
507000 0.85 299.335 52.5642 -21783.4 3348.66 -18434.7 53500.8 1.0663
508000 0.85 300.595 -163.61 -21732.6 3362.75 -18369.8 53740 1.0616
509000 0.85 298.636 122.142 -21805.5 3340.83 -18464.6 53458.4 1.0672
510000 0.85 299.126 9.67829 -21826.9 3346.32 -18480.6 53826.9 1.05987
511000 0.85 300.984 144.742 -21826.3 3367.1 -18459.2 53405 1.06821
512000 0.85 298.704 234.248 -21847.7 3341.6 -18506.1 53563.5 1.06505
513000 0.85 299.727 -25.6826 -21882 3353.04 -18529 53691.7 1.0625
514000 0.85 298.573 -214.39 -21780.2 3340.13 -18440 53980.2 1.05685
515000 0.85 300.631 -60.9389 -21787.2 3363.15 -18424 53955 1.05733
516000 0.85 301.508 -92.6355 -21777.6 3372.96 -18404.6 53922.5 1.05796
517000 0.85 302.747 -117.161 -21811.1 3386.82 -18424.3 54148.6 1.05355
518000 0.85 299.852 66.622 -21836.7 3354.44 -18482.3 53886.2 1.05868
519000 0.85 301.039 107.694 -21793.6 3367.72 -18425.9 53825.2 1.05991
520000 0.85 299.856 -61.7463 -21734.9 3354.48 -18380.5 54076.8 1.05498
521000 0.85 299.29 71.5311 -21788.7 3348.15 -18440.6 53738.9 1.0616
522000 0.85 300.834 -72.4506 -21812.6 3365.42 -18447.2 53907.5 1.05825
523000 0.85 299.356 245.787 -21832.4 3348.89 -18483.6 53521 1.0659
524000 0.85 299.687 16.1693 -21775.9 3352.59 -18423.3 53603.2 1.06428
525000 0.85 299.576 -3.06978 -21720.5 3351.35 -18369.2 53591.8 1.06449
526000 0.85 299.732 -101.095 -21740.5 3353.1 -18387.4 53587.5 1.06457
527000 0.85 300.501 93.6588 -21766.1 3361.69 -18404.4 53832.5 1.05972
528000 0.85 300.605 229.567 -21800.1 3362.86 -18437.2 53609.3 1.06415
529000 0.85 301.712 17.4825 -21789.8 3375.24 -18414.6 53562.7 1.06507
530000 0.85 298.121 106.516 -21819.6 3335.07 -18484.5 53741.4 1.06154
531000 0.85 299.021 40.5971 -21874.9 3345.14 -18529.8 53827.1 1.05989
532000 0.85 300.049 -89.8765 -21898.2 3356.65 -18541.6 53610.9 1.06411
533000 0.85 300.336 -150.886 -21898.6 3359.85 -18538.7 53796.7 1.06044
534000 0.85 300.719 -138.015 -21846.8 3364.13 -18482.7 53842 1.0596
535000 0.85 298.733 157.276 -21745.4 3341.91 -18403.5 53724.8 1.0619
536000 0.85 298.517 48.5431 -21791.3 3339.51 -18451.8 53518.9 1.06594
537000 0.85 300.578 193.573 -21763.2 3362.57 -18400.6 53705.8 1.06223
538000 0.85 298.626 -29.5906 -21711.6 3340.72 -18370.9 53993 1.05658
539000 0.85 299.32 -63.4074 -21756.6 3348.48 -18408.1 53521.4 1.06589
540000 0.85 299.467 147.468 -21799.4 3350.13 -18449.3 53394.5 1.06842
541000 0.85 300.917 -80.3832 -21831.9 3366.35 -18465.6 53465.9 1.06704
542000 0.85 299.666 -82.8243 -21738.2 3352.36 -18385.8 53913.7 1.05814
543000 0.85 301.526 21.7659 -21811.4 3373.17 -18438.3 53694.5 1.06247
544000 0.85 300.91 151.462 -21767.5 3366.28 -18401.3 54063.1 1.05522
545000 0.85 298.096 -45.1501 -21786.3 3334.79 -18451.5 53776.8 1.06086
546000 0.85 300.313 -239.642 -21765.5 3359.6 -18405.9 53620.1 1.06393
547000 0.85 299.226 51.6543 -21842.1 3347.44 -18494.6 53430.5 1.06774
548000 0.85 300.765 235.264 -21759.2 3364.65 -18394.6 53534.5 1.06564
549000 0.85 300.476 126.601 -21781.6 3361.42 -18420.2 53907.1 1.05827
550000 0.85 299.726 -92.8877 -21821.5 3353.03 -18468.5 53884.4 1.05871
551000 0.85 300.728 -198.193 -21844 3364.24 -18479.8 54120.3 1.05409
552000 0.85 299.403 31.8813 -21840.8 3349.41 -18491.4 54237.8 1.05184
553000 0.85 299.314 34.3121 -21802.8 3348.42 -18454.4 53631.9 1.06369
554000 0.85 301.385 16.3916 -21816.5 3371.59 -18444.9 53649.1 1.06336
555000 0.85 298.501 12.2032 -21850 3339.32 -18510.7 53878 1.05883
556000 0.85 299.928 27.4933 -21856.3 3355.29 -18501 53830.4 1.05979
557000 0.85 300.373 -58.0792 -21783.3 3360.26 -18423.1 53664 1.06306
558000 0.85 300.583 11.1922 -21759.8 3362.61 -18397.1 53800.5 1.06037
559000 0.85 299.971 12.6304 -21735.1 3355.77 -18379.3 53907.1 1.05826
560000 0.85 298.8 172.522 -21730 3342.67 -18387.3 53622.9 1.06387
561000 0.85 300.381 -21.4297 -21763.4 3360.35 -18403 53815.8 1.06006
562000 0.85 299.918 22.861 -21796.8 3355.17 -18441.6 53516.3 1.06599
563000 0.85 298.718 181.731 -21817.2 3341.75 -18475.5 53494.1 1.06643
564000 0.85 300.97 -74.6996 -21831.5 3366.95 -18464.6 53728.1 1.06182
565000 0.85 299.944 204.414 -21792 3355.47 -18436.5 53695.7 1.06245
566000 0.85 297.918 33.1835 -21848.8 3332.81 -18516 53703.2 1.06231
567000 0.85 299.97 -34.5475 -21752.7 3355.76 -18396.9 53767.6 1.06102
568000 0.85 301.046 -170.34 -21801.3 3367.8 -18433.5 53560 1.06513
569000 0.85 300.176 -25.0353 -21775.2 3358.06 -18417.1 53491.4 1.06649
570000 0.85 300.362 42.098 -21781.8 3360.15 -18421.6 53697.1 1.06241
571000 0.85 299.902 -3.34857 -21813.9 3355 -18458.9 53412 1.06807
572000 0.85 301.529 -169.585 -21830.3 3373.2 -18457.1 54174.7 1.05304
573000 0.85 300.588 -0.573667 -21787.1 3362.67 -18424.5 54023.7 1.05599
574000 0.85 301.481 -62.6937 -21803.8 3372.66 -18431.1 54156.8 1.05338
575000 0.85 300.008 -207.035 -21806.3 3356.19 -18450.1 53894.9 1.05851
576000 0.85 299.359 208.029 -21826.9 3348.92 -18477.9 53799.6 1.06042
577000 0.85 301.351 -5.78695 -21810.8 3371.21 -18439.6 54045.1 1.05558
578000 0.85 298.717 -63.9768 -21794.1 3341.74 -18452.4 54177.7 1.05298
579000 0.85 301.01 13.3721 -21794.3 3367.39 -18426.9 54123.3 1.05403
580000 0.85 298.088 63.0523 -21823.8 3334.7 -18489.1 53699.5 1.06236
581000 0.85 298.153 -158.098 -21835.7 3335.43 -18500.3 53521.8 1.06589
582000 0.85 297.719 -135.123 -21868.5 3330.58 -18537.9 53456.1 1.06719
583000 0.85 299.018 -108.706 -21862 3345.11 -18516.9 53429 1.06774
584000 0.85 299.335 -26.3445 -21793.9 3348.65 -18445.3 53920 1.05803
585000 0.85 302.49 -123.64 -21792.3 3383.95 -18408.4 53667.4 1.063
586000 0.85 298.992 121.988 -21835.4 3344.82 -18490.5 53590.8 1.06454
587000 0.85 300.45 -256.519 -21845.8 3361.12 -18484.6 53671 1.06296
588000 0.85 302.404 -72.0167 -21817.1 3382.98 -18434.1 53744.3 1.06146
589000 0.85 299.904 -14.2655 -21825.6 3355.03 -18470.5 53920.4 1.05802
590000 0.85 299.268 -48.6127 -21791.6 3347.91 -18443.7 53620.5 1.06392
591000 0.85 302.832 238.144 -21755.8 3387.78 -18368 53653.7 1.06326
592000 0.85 299.725 100.229 -21736.2 3353.02 -18383.2 53920.8 1.05801
593000 0.85 300.301 137.919 -21808.2 3359.47 -18448.8 53690.2 1.06254
594000 0.85 300.148 -30.9315 -21856.5 3357.75 -18498.7 54002.9 1.0564
595000 0.85 301.052 70.6761 -21878.3 3367.86 -18510.4 53868.6 1.05902
596000 0.85 298 150.809 -21774.9 3333.72 -18441.2 53517.4 1.06596
597000 0.85 297.37 11.3148 -21805.7 3326.67 -18479 53862.5 1.05914
598000 0.85 301.399 -128.014 -21756.1 3371.75 -18384.4 53680.4 1.06273
599000 0.85 300.411 -39.5394 -21777.3 3360.69 -18416.6 53674.8 1.06284
600000 0.85 299.685 -25.7058 -21768.3 3352.57 -18415.7 53443 1.06745
