# Time-averaged data for fix thermo_avg
# TimeStep v_epsilon_co v_temp v_press v_pe v_ke v_etotal v_vol v_dens
601000 0.85 300.158 63.5109 -21774.4 3357.86 -18416.6 53654.3 1.06326
602000 0.85 300.383 -138.902 -21804 3360.38 -18443.6 53704.8 1.06229
603000 0.85 298.696 80.4737 -21815 3341.5 -18473.5 53708 1.06218
604000 0.85 297.569 95.8258 -21768 3328.89 -18439.1 53837 1.05965
605000 0.85 300.169 -188.836 -21747.5 3357.99 -18389.5 54187.4 1.0528
606000 0.85 299.557 98.2295 -21817.1 3351.14 -18465.9 53741 1.06155
607000 0.85 300.259 -51.5899 -21804 3358.99 -18445 53881.7 1.05876
608000 0.85 298.137 30.5311 -21839.8 3335.26 -18504.5 53580.4 1.06476
609000 0.85 300.098 -76.1528 -21802.8 3357.19 -18445.6 53532.9 1.06567
610000 0.85 297.662 176.498 -21849 3329.93 -18519.1 53589.4 1.06454
611000 0.85 299.856 -149.747 -21799.4 3354.48 -18444.9 53625.1 1.06383
612000 0.85 299.053 -71.662 -21831 3345.51 -18485.5 53633.7 1.06366
613000 0.85 301.096 66.173 -21818.1 3368.36 -18449.7 53908.8 1.05824
614000 0.85 301.386 -198.7 -21804.4 3371.6 -18432.9 53911.8 1.05818
615000 0.85 300.606 -127.901 -21863.9 3362.87 -18501 53919.4 1.05802
616000 0.85 300.316 -97.0483 -21834.3 3359.63 -18474.7 53938.3 1.05768
617000 0.85 300.291 159.445 -21783.5 3359.35 -18424.2 53965.4 1.05713
618000 0.85 299.751 195.888 -21806.8 3353.31 -18453.4 53580 1.06475
619000 0.85 298.596 -138.398 -21825.5 3340.38 -18485.1 53582.4 1.0647
620000 0.85 301.109 -33.2753 -21834.2 3368.5 -18465.7 53461.1 1.0671
621000 0.85 299.379 -139.484 -21843.6 3349.14 -18494.5 53704.1 1.06228
622000 0.85 299.622 30.9192 -21841.7 3351.87 -18489.8 53591.7 1.06456
623000 0.85 299.17 -111.371 -21755.5 3346.81 -18408.7 54210.4 1.05236
624000 0.85 301.179 -190.213 -21788.1 3369.28 -18418.9 53863 1.05914
625000 0.85 298.25 -45.7863 -21787.5 3336.51 -18451 53975.8 1.05692
626000 0.85 299.278 153.955 -21753.1 3348.01 -18405.1 53862.1 1.05916
627000 0.85 299.193 20.7324 -21789.8 3347.06 -18442.8 53765.1 1.06105
628000 0.85 300.291 -255.144 -21773.1 3359.35 -18413.7 53716.1 1.06204
629000 0.85 301.295 -133.245 -21834.1 3370.58 -18463.6 53794.5 1.0605
630000 0.85 299.818 -133.353 -21838.7 3354.06 -18484.6 53573.6 1.06487
631000 0.85 299.642 80.3826 -21836.1 3352.09 -18484 53691.8 1.06252
632000 0.85 300.966 -107.19 -21837.8 3366.9 -18470.9 53629.1 1.06377
633000 0.85 300.582 -98.0464 -21743.2 3362.6 -18380.6 53802 1.06035
634000 0.85 298.885 37.1233 -21798.3 3343.62 -18454.7 53841.7 1.05955
635000 0.85 299.978 127.846 -21834.8 3355.85 -18479 53733.1 1.06169
636000 0.85 300.105 117.928 -21888.1 3357.27 -18530.8 53326.4 1.06982
637000 0.85 299.552 -18.2884 -21790.9 3351.08 -18439.8 53130.8 1.07373
638000 0.85 300.253 -20.4826 -21776.2 3358.92 -18417.3 53630.2 1.06375
639000 0.85 298.858 227.061 -21827.5 3343.32 -18484.2 53689.8 1.06257
640000 0.85 301.205 213.999 -21864.6 3369.58 -18495 53977.1 1.05691
641000 0.85 300.705 164.284 -21835.2 3363.99 -18471.2 54003.1 1.05638
642000 0.85 299.285 -39.4058 -21804.3 3348.09 -18456.2 53553.8 1.06528
643000 0.85 301.839 -40.6884 -21799.1 3376.67 -18422.5 53488.9 1.06654
644000 0.85 300.421 60.2968 -21852.4 3360.8 -18491.6 53627 1.06383
645000 0.85 297.925 14.5738 -21877 3332.88 -18544.1 53736.2 1.06165
646000 0.85 299.392 62.1463 -21765.5 3349.3 -18416.2 53670.9 1.06293
647000 0.85 300.984 196.333 -21738 3367.1 -18370.9 53713.6 1.06208
648000 0.85 301.906 -69.2065 -21781.2 3377.42 -18403.7 53833.7 1.05975
649000 0.85 298.419 -20.6946 -21843.7 3338.41 -18505.3 53671 1.06293
650000 0.85 299.007 195.513 -21878.9 3344.99 -18533.9 53476.8 1.06678
651000 0.85 300.696 -8.58861 -21802.3 3363.87 -18438.5 53626.4 1.0638
652000 0.85 300.654 163.102 -21774.4 3363.41 -18411 53594.6 1.06445
653000 0.85 298.633 -71.7508 -21797.9 3340.8 -18457.1 53892.1 1.05856
654000 0.85 298.15 151.504 -21801.7 3335.4 -18466.3 53645.9 1.06342
655000 0.85 300.227 -96.2 -21763.3 3358.63 -18404.7 53857.2 1.05926
656000 0.85 300.666 -28.8657 -21806.8 3363.54 -18443.3 53739.7 1.06156
657000 0.85 298.59 -57.8674 -21839.3 3340.32 -18499 53760.5 1.06115
658000 0.85 300.416 -139.309 -21780.6 3360.75 -18419.9 53844.7 1.0595
659000 0.85 299.888 51.0663 -21769.1 3354.84 -18414.3 53604.9 1.06424
660000 0.85 303.167 -222.799 -21768.9 3391.53 -18377.3 53789.2 1.06061
661000 0.85 297.692 -8.60961 -21810.2 3330.27 -18479.9 53626.3 1.06382
662000 0.85 301.668 105.159 -21781.9 3374.75 -18407.2 53579.4 1.06474
663000 0.85 301.785 -42.312 -21766.5 3376.07 -18390.5 53897.9 1.05845
664000 0.85 298.728 68.2561 -21831.2 3341.87 -18489.3 54200.6 1.05255
665000 0.85 300.379 193.114 -21805.3 3360.33 -18445 53954.4 1.05735
666000 0.85 298.555 106.26 -21809.8 3339.92 -18469.8 53486 1.0666
667000 0.85 300.237 69.9533 -21796.6 3358.75 -18437.9 53615.2 1.06405
668000 0.85 299.448 -200.332 -21779.1 3349.92 -18429.1 53349.7 1.06933
669000 0.85 299.454 -203.437 -21805.6 3349.99 -18455.6 53767.6 1.06101
670000 0.85 300.778 -59.8002 -21763.1 3364.79 -18398.3 54081.1 1.05486
671000 0.85 300.819 56.4288 -21780.7 3365.26 -18415.4 53578.9 1.06476
672000 0.85 301.175 92.37 -21803 3369.24 -18433.8 53893.2 1.05855
673000 0.85 299.943 113.598 -21770.9 3355.46 -18415.5 53616.1 1.06402
674000 0.85 301.508 -118.246 -21812.7 3372.97 -18439.8 53568.6 1.06497
675000 0.85 301.078 -80.0069 -21812.4 3368.16 -18444.2 53524.5 1.06584
676000 0.85 299.126 323.072 -21825.9 3346.32 -18479.6 53426.1 1.0678
677000 0.85 300.993 35.6464 -21763.7 3367.2 -18396.5 53635.4 1.06363
678000 0.85 300.951 42.7635 -21819.7 3366.73 -18453 53646.6 1.06341
679000 0.85 300.885 11.727 -21784 3365.99 -18418 53698.3 1.0624
680000 0.85 301.266 1.29657 -21814.4 3370.26 -18444.2 53521.5 1.06589
681000 0.85 298.434 84.2627 -21833.5 3338.57 -18494.9 53425.4 1.06781
682000 0.85 301.824 -73.3184 -21870.2 3376.5 -18493.7 53564.7 1.06504
683000 0.85 301.159 54.1368 -21834.6 3369.06 -18465.5 53796.5 1.06045
684000 0.85 301.631 83.3062 -21786.9 3374.34 -18412.5 53669.2 1.06295
685000 0.85 300.175 -32.1483 -21791.1 3358.05 -18433 53799.3 1.06039
686000 0.85 298.438 -112.033 -21808.5 3338.62 -18469.9 53629.9 1.06374
687000 0.85 299.402 175.287 -21789.8 3349.4 -18440.4 53590.4 1.06453
688000 0.85 300.033 64.6067 -21763.2 3356.46 -18406.7 53817.9 1.06003
689000 0.85 299.895 -127.794 -21763.4 3354.91 -18408.5 54078.6 1.05491
690000 0.85 299.766 414.481 -21716 3353.47 -18362.5 53675.6 1.06284
691000 0.85 300.618 -89.8883 -21720.3 3363.01 -18357.3 53720 1.06196
692000 0.85 298.873 64.7236 -21784.2 3343.49 -18440.7 53375.3 1.06881
693000 0.85 300.095 -11.813 -21834.6 3357.15 -18477.4 53772.7 1.06091
694000 0.85 297.588 280.262 -21828.8 3329.11 -18499.7 53264.6 1.07105
695000 0.85 301.352 -65.7237 -21836.9 3371.21 -18465.6 54105 1.05445
696000 0.85 298.69 -30.3865 -21772.6 3341.44 -18431.2 53547.8 1.06539
697000 0.85 299.026 -116.282 -21800.1 3345.19 -18455 53706.1 1.06222
698000 0.85 300.675 2.92139 -21759 3363.64 -18395.4 54013.7 1.05618
699000 0.85 300.332 53.9016 -21748.4 3359.8 -18388.6 53907.9 1.05824
700000 0.85 298.678 -250.609 -21848.1 3341.3 -18506.8 53744.9 1.06146
701000 0.85 300.809 -71.049 -21834.3 3365.15 -18469.1 53770.4 1.06097
702000 0.85 299.798 -108.255 -21871.1 3353.84 -18517.3 54010.3 1.05625
703000 0.85 299.354 -72.6263 -21834.7 3348.87 -18485.9 53673.2 1.06288
704000 0.85 301.844 -74.6418 -21771.3 3376.72 -18394.6 53891.1 1.05858
705000 0.85 300.445 194.221 -21824.7 3361.07 -18463.6 53591.1 1.06453
706000 0.85 299.587 -117.437 -21765.1 3351.47 -18413.7 53454.6 1.06724
707000 0.85 298.567 301.264 -21757.4 3340.06 -18417.4 53466.1 1.067
708000 0.85 299.844 189.205 -21813.3 3354.35 -18459 53354.2 1.06925
709000 0.85 300.6 3.08784 -21719.6 3362.8 -18356.8 53655.8 1.06324
710000 0.85 301.857 -31.8482 -21837.2 3376.87 -18460.3 53465.9 1.067
711000 0.85 299.532 188.233 -21810.3 3350.86 -18459.4 53490 1.06652
712000 0.85 299.918 1.00248 -21705.5 3355.18 -18350.3 53654.8 1.06326
713000 0.85 299.719 -146.903 -21855.5 3352.95 -18502.6 53708.3 1.0622
714000 0.85 301.044 -21.8743 -21815.7 3367.77 -18447.9 53700.4 1.06234
715000 0.85 300.834 -25.2609 -21822.2 3365.43 -18456.7 53721.8 1.06196
716000 0.85 299.751 146.827 -21810.4 3353.31 -18457.1 53671.9 1.0629
717000 0.85 298.728 120.86 -21834 3341.87 -18492.1 53895.9 1.05849
718000 0.85 300.803 -63.8694 -21833.8 3365.08 -18468.7 53488.6 1.06657
719000 0.85 299.589 -28.765 -21784.6 3351.5 -18433.1 53644.3 1.06347
720000 0.85 300.461 214.616 -21796.6 3361.25 -18435.3 53392 1.06847
721000 0.85 301.547 -51.8708 -21817.4 3373.4 -18444 53516.4 1.066
722000 0.85 300.217 166.678 -21787.1 3358.52 -18428.6 53573.6 1.06485
723000 0.85 299.007 52.4735 -21844.7 3344.98 -18499.8 53657.6 1.06319
724000 0.85 298.083 208.698 -21820.4 3334.65 -18485.7 53653 1.06329
725000 0.85 299.673 -134.883 -21843.6 3352.44 -18491.2 53543.4 1.06545
726000 0.85 302.11 -102.842 -21713.2 3379.7 -18333.5 53492.3 1.06647
727000 0.85 299.389 191.434 -21704.9 3349.26 -18355.7 53755.2 1.06126
728000 0.85 298.02 31.7575 -21768.9 3333.94 -18434.9 53444.5 1.06744
729000 0.85 300.649 -77.7702 -21825.2 3363.36 -18461.9 53708.3 1.06219
730000 0.85 300.764 96.7211 -21858.1 3364.64 -18493.4 53661.1 1.06315
731000 0.85 300.719 -70.9162 -21748.9 3364.14 -18384.7 53717.1 1.062
732000 0.85 300.422 97.318 -21757.2 3360.81 -18396.4 53936.7 1.05773
733000 0.85 300.931 -24.8444 -21772.4 3366.51 -18405.9 53803.5 1.06031
734000 0.85 299.795 -90.6731 -21771.7 3353.8 -18417.9 53652.3 1.0633
735000 0.85 300.577 209.785 -21754.3 3362.55 -18391.7 53568.4 1.06497
736000 0.85 298.813 -34.0763 -21727.3 3342.81 -18384.5 53593.5 1.06447
737000 0.85 302.5 -76.9691 -21735.5 3384.06 -18351.4 53919.7 1.05802
738000 0.85 300.51 -87.9571 -21790.5 3361.8 -18428.7 53957.7 1.05727
739000 0.85 299.069 13.9871 -21795.6 3345.68 -18449.9 53716.8 1.06202
740000 0.85 297.973 148.237 -21873.4 3333.42 -18540 53234.9 1.07165
741000 0.85 299.446 20.1738 -21830.1 3349.9 -18480.2 53458.3 1.06715
742000 0.85 299.233 90.3226 -21825.6 3347.52 -18478.1 53646.3 1.06342
743000 0.85 300.597 114.599 -21816.6 3362.77 -18453.8 53772.3 1.06093
744000 0.85 300.253 -171.751 -21846.5 3358.93 -18487.6 53347.1 1.06937
745000 0.85 300.731 -89.955 -21804.3 3364.28 -18440 53436.6 1.0676
746000 0.85 299.529 -160.184 -21764.9 3350.82 -18414.1 54099.2 1.05451
747000 0.85 301.422 -52.6047 -21762.4 3372.01 -18390.4 53778.6 1.06079
748000 0.85 300.059 -163.879 -21827.1 3356.75 -18470.4 53750.4 1.06137
749000 0.85 302.451 89.5915 -21769.7 3383.51 -18386.2 54044.3 1.0556
750000 0.85 299.11 -93.3302 -21771.5 3346.14 -18425.4 53618.2 1.06397
751000 0.85 299.05 -59.7182 -21794.2 3345.47 -18448.7 53634.8 1.06367
752000 0.85 299.998 -163.344 -21823.3 3356.07 -18467.2 54025.4 1.05595
753000 0.85 299.487 121.862 -21801.1 3350.36 -18450.7 53886.1 1.05869
754000 0.85 298.244 -28.6625 -21812.1 3336.45 -18475.7 53820.6 1.05999
755000 0.85 298.667 34.6155 -21803.6 3341.18 -18462.4 53429.3 1.06775
756000 0.85 300.19 78.8957 -21773.5 3358.22 -18415.3 53612.3 1.06409
757000 0.85 302.717 -37.231 -21784.9 3386.49 -18398.4 53767.9 1.06104
758000 0.85 300.709 -92.4199 -21819.9 3364.03 -18455.9 53908.1 1.05827
759000 0.85 301.206 -1.5765 -21759.1 3369.59 -18389.5 53495.5 1.06643
760000 0.85 300.011 -142.502 -21816.3 3356.21 -18460.1 53530.5 1.06571
761000 0.85 300.539 -152.052 -21865.1 3362.12 -18503 53769.9 1.06098
762000 0.85 299.707 21.0738 -21835.2 3352.81 -18482.4 53637 1.06359
763000 0.85 297.242 -381.609 -21781.9 3325.24 -18456.7 53655.2 1.06325
764000 0.85 301.416 -186.092 -21805.3 3371.94 -18433.3 53602.5 1.06429
765000 0.85 299.097 -93.6242 -21801.8 3345.99 -18455.8 53798.4 1.06041
766000 0.85 298.371 -19.0031 -21824.6 3337.87 -18486.8 53914 1.05813
767000 0.85 300.098 173.027 -21842.2 3357.19 -18485.1 54112.1 1.05426
768000 0.85 301.159 -94.5025 -21858.3 3369.06 -18489.2 53712.8 1.06211
769000 0.85 300.561 -232.072 -21872.1 3362.37 -18509.8 53653.1 1.06328
770000 0.85 298.683 255.289 -21810.5 3341.36 -18469.2 53956.4 1.0573
771000 0.85 299.935 -25.1033 -21795.1 3355.37 -18439.7 53622.1 1.06391
772000 0.85 299.789 201.755 -21801 3353.73 -18447.3 53549.5 1.06534
773000 0.85 300.148 108.496 -21810.1 3357.74 -18452.4 53403.7 1.06825
774000 0.85 300.301 -4.72662 -21841.1 3359.46 -18481.7 53495.4 1.06641
775000 0.85 299.698 119.073 -21794.3 3352.71 -18441.6 53573.1 1.06487
776000 0.85 299.139 32.7858 -21809.7 3346.46 -18463.2 53738.8 1.06159
777000 0.85 301.336 67.1749 -21777.6 3371.04 -18406.6 53631.8 1.06376
778000 0.85 299.858 -105.038 -21853.1 3354.51 -18498.6 53869.7 1.059
779000 0.85 299.661 -56.6681 -21822.2 3352.3 -18469.9 53527.8 1.06577
780000 0.85 299.767 115.227 -21811.4 3353.48 -18457.9 53569.4 1.06493
781000 0.85 301.172 -91.6668 -21783.1 3369.21 -18413.9 53771.1 1.06095
782000 0.85 297.5 20.0788 -21803.7 3328.12 -18475.6 53970.2 1.05703
783000 0.85 299.897 143.253 -21811.9 3354.95 -18456.9 54068.9 1.05512
784000 0.85 299.432 -41.4094 -21829.3 3349.74 -18479.5 53765.8 1.06105
785000 0.85 300.219 130.733 -21821.3 3358.54 -18462.8 53415.4 1.06801
786000 0.85 301.222 -21.7683 -21752.5 3369.77 -18382.7 53631.2 1.06371
787000 0.85 296.835 289.169 -21741.5 3320.68 -18420.8 53954.4 1.05735
788000 0.85 300.443 -57.462 -21767.1 3361.05 -18406.1 53822.2 1.05993
789000 0.85 298.724 -243.916 -21780.1 3341.82 -18438.3 53704.2 1.06226
790000 0.85 299.299 352.774 -21784.6 3348.25 -18436.4 53316.4 1.07002
791000 0.85 300.72 112.085 -21679.7 3364.15 -18315.5 53425.9 1.0678
792000 0.85 299.575 -147.428 -21741.3 3351.34 -18390 53745.5 1.06144
793000 0.85 303.116 -165.748 -21807.1 3390.96 -18416.2 53849.8 1.05939
794000 0.85 299.157 175.564 -21769.5 3346.67 -18422.8 54053.8 1.05543
795000 0.85 298.988 55.2541 -21729.4 3344.77 -18384.6 53752 1.06133
796000 0.85 299.022 196.729 -21795.4 3345.15 -18450.3 53976.5 1.0569
797000 0.85 300.305 -68.061 -21774.3 3359.51 -18414.8 54010.2 1.05625
798000 0.85 299.125 144.813 -21736.1 3346.31 -18389.7 54037.1 1.05574
799000 0.85 299.873 -15.5294 -21682.4 3354.68 -18327.7 54020.2 1.05605
800000 0.85 298.798 30.2646 -21774.2 3342.65 -18431.5 54279.2 1.05101
801000 0.85 298.737 74.7822 -21738.9 3341.97 -18397 53833.7 1.05972
802000 0.85 298.962 -7.34816 -21828.4 3344.49 -18484 53502.6 1.06627
803000 0.85 298.211 86.2202 -21840.4 3336.08 -18504.4 54101 1.05449
804000 0.85 299.667 34.3759 -21858.4 3352.37 -18506 54025.7 1.05595
805000 0.85 302.591 -109.742 -21823.3 3385.08 -18438.3 53900.5 1.0584
806000 0.85 300.51 -21.9865 -21804.9 3361.8 -18443.1 53598.7 1.06436
807000 0.85 298.388 178.197 -21761.5 3338.06 -18423.4 53675.1 1.06289
808000 0.85 299.639 -8.95615 -21785.1 3352.06 -18433 53470.6 1.0669
809000 0.85 300.168 -123.182 -21760.8 3357.97 -18402.8 53558.7 1.06517
810000 0.85 298.455 -49.4128 -21759.6 3338.81 -18420.8 53636.2 1.06362
811000 0.85 298.167 46.9769 -21733.4 3335.59 -18397.8 53551.8 1.0653
812000 0.85 300.049 132.741 -21785.3 3356.64 -18428.6 53719 1.06197
813000 0.85 298.805 -4.12857 -21731.1 3342.72 -18388.3 53946.6 1.05751
814000 0.85 300.456 310.845 -21721.4 3361.19 -18360.3 53858.8 1.05923
815000 0.85 300.029 48.7676 -21780.9 3356.42 -18424.5 53898.9 1.05842
816000 0.85 301.134 77.5994 -21768.8 3368.78 -18400 53725 1.06186
817000 0.85 298.622 -145.454 -21796.2 3340.68 -18455.5 53988 1.05669
818000 0.85 300.418 294.098 -21784.6 3360.77 -18423.8 53488.8 1.06655
819000 0.85 300.952 -293.094 -21820.2 3366.74 -18453.4 53814 1.06015
820000 0.85 301.847 65.7701 -21781.9 3376.75 -18405.1 53966.8 1.05713
821000 0.85 301.177 -48.291 -21755.9 3369.26 -18386.6 53600.3 1.06433
822000 0.85 301.483 -98.0309 -21742.5 3372.68 -18369.8 53390.6 1.06852
823000 0.85 299.425 -73.9193 -21802 3349.66 -18452.3 53510.6 1.06611
824000 0.85 298.726 14.6347 -21761.9 3341.84 -18420 53377 1.06877
825000 0.85 300.882 159.936 -21805.8 3365.97 -18439.9 53582 1.0647
826000 0.85 301.063 -39.7499 -21733.5 3367.99 -18365.5 53410.9 1.06809
827000 0.85 299.978 163.369 -21714.3 3355.84 -18358.5 53576 1.06482
828000 0.85 300.604 -94.769 -21726.6 3362.85 -18363.8 53869.5 1.05902
829000 0.85 299.217 -103.167 -21728.3 3347.33 -18381 53753.7 1.0613
830000 0.85 297.779 22.7396 -21754.4 3331.25 -18423.1 53927.2 1.05788
831000 0.85 298.683 -119.861 -21772.3 3341.36 -18431 54052 1.05544
832000 0.85 300.119 49.1272 -21802.1 3357.43 -18444.7 53972.6 1.05698
833000 0.85 301.627 -45.1602 -21822.4 3374.3 -18448.1 53765.2 1.06106
834000 0.85 300.53 -27.3116 -21819.5 3362.02 -18457.5 53649.5 1.06335
835000 0.85 301.151 35.89 -21840.9 3368.97 -18472 53705.1 1.06226
836000 0.85 302.401 38.2892 -21768.4 3382.96 -18385.5 53542.8 1.06549
837000 0.85 299.093 190.661 -21761.6 3345.95 -18415.6 53737.6 1.0616
838000 0.85 299.762 -51.5708 -21744.2 3353.43 -18390.8 53841.5 1.05956
839000 0.85 299.71 -8.40442 -21768.6 3352.85 -18415.8 53814.2 1.06009
840000 0.85 300.803 48.2388 -21754.2 3365.07 -18389.2 53858.9 1.05924
841000 0.85 300.167 -171.746 -21791.3 3357.97 -18433.3 53897.2 1.05849
842000 0.85 300.481 -134.942 -21809.4 3361.47 -18448 54000.3 1.05644
843000 0.85 300.706 5.99457 -21845.7 3363.99 -18481.7 53782.4 1.06073
844000 0.85 301.215 -95.2355 -21870.8 3369.69 -18501.1 53878.2 1.05883
845000 0.85 300.885 226.347 -21885.4 3366 -18519.4 53504.9 1.06623
846000 0.85 300.391 -46.4664 -21865.3 3360.46 -18504.9 53613.2 1.06407
847000 0.85 299.052 -234.746 -21803.8 3345.49 -18458.3 53907.3 1.05826
848000 0.85 299.865 -136.741 -21796.8 3354.58 -18442.2 53957.7 1.05728
849000 0.85 299.52 -1.1695 -21813.1 3350.72 -18462.4 53607.1 1.0642
850000 0.85 300.188 -204.817 -21787.8 3358.2 -18429.6 53919.2 1.05803
851000 0.85 298.766 -14.8443 -21863 3342.29 -18520.7 53422.4 1.06787
852000 0.85 300.391 -200.524 -21780.6 3360.47 -18420.1 53645.8 1.06343
853000 0.85 299.096 -49.1497 -21858.5 3345.98 -18512.5 53789.9 1.06056
854000 0.85 299.65 -87.2115 -21836.9 3352.18 -18484.7 53882.4 1.05875
855000 0.85 299.634 6.50463 -21739.5 3352 -18387.5 53455.8 1.06723
856000 0.85 301.031 -84.8836 -21768.5 3367.63 -18400.8 53720.5 1.06195
857000 0.85 301.346 39.8308 -21824.5 3371.15 -18453.3 53868.2 1.05903
858000 0.85 300.807 -100.173 -21785.5 3365.12 -18420.4 53864.1 1.05912
859000 0.85 301.969 -16.4778 -21737.1 3378.12 -18359 53847.3 1.05946
860000 0.85 300.323 57.4252 -21758.7 3359.7 -18399 53765.3 1.06106
861000 0.85 299.524 41.4133 -21818.8 3350.76 -18468.1 53949.8 1.05743
862000 0.85 298.881 -46.8208 -21841.1 3343.58 -18497.6 53799.2 1.06041
863000 0.85 300.609 39.9771 -21752.5 3362.9 -18389.6 53617.5 1.06398
864000 0.85 300.208 122.582 -21777.4 3358.43 -18419 53746.3 1.06143
865000 0.85 301.615 -86.7676 -21785.5 3374.16 -18411.3 54038.8 1.05569
866000 0.85 299.186 131.583 -21727 3346.99 -18380 53863.3 1.05913
867000 0.85 300.617 16.294 -21745.7 3362.99 -18382.7 53516 1.066
868000 0.85 300.036 -88.2997 -21770 3356.5 -18413.5 53728.4 1.06178
869000 0.85 299.956 49.4182 -21839.8 3355.6 -18484.2 53370.1 1.06892
870000 0.85 302.086 -137.71 -21818.2 3379.43 -18438.8 53756 1.06123
871000 0.85 302.276 -26.2878 -21803.8 3381.56 -18422.2 53945.3 1.05752
872000 0.85 300.686 105.224 -21766.1 3363.77 -18402.4 53668.4 1.06298
873000 0.85 299.923 125.143 -21755.9 3355.23 -18400.6 53703.5 1.06227
874000 0.85 300.233 19.5261 -21821.1 3358.7 -18462.4 53907.8 1.05825
875000 0.85 299.348 71.3597 -21795 3348.81 -18446.2 54000.7 1.05643
876000 0.85 299.61 -263.239 -21811 3351.73 -18459.2 53783.2 1.06071
877000 0.85 297.302 40.9032 -21827.5 3325.91 -18501.6 53887 1.05868
878000 0.85 298.865 -43.5386 -21835.3 3343.39 -18491.9 54064 1.0552
879000 0.85 300.559 288.336 -21783.3 3362.35 -18421 54044.3 1.0556
880000 0.85 301.223 -106.793 -21801.1 3369.78 -18431.3 53684.2 1.06267
881000 0.85 302.225 -19.5945 -21834.1 3380.98 -18453.2 53560.4 1.06512
882000 0.85 300.901 -146.042 -21777.4 3366.17 -18411.3 53862.8 1.05915
883000 0.85 302.567 183.244 -21761.3 3384.81 -18376.5 53689.4 1.06255
884000 0.85 298.229 170.291 -21807.8 3336.29 -18471.5 53674.7 1.06284
885000 0.85 301.027 -15.3019 -21826.1 3367.59 -18458.5 53595.9 1.0644
886000 0.85 299.15 -61.8728 -21850 3346.59 -18503.4 53406.9 1.0682
887000 0.85 299.067 -60.3948 -21851.6 3345.65 -18506 53518.3 1.06596
888000 0.85 301.21 -195.065 -21744.6 3369.63 -18375 53611.2 1.0641
889000 0.85 299.79 -134.291 -21798.5 3353.74 -18444.8 53629 1.06376
890000 0.85 299.05 -23.5664 -21801.4 3345.46 -18456 53543.2 1.06547
891000 0.85 300.74 72.4746 -21800.6 3364.38 -18436.2 53775 1.06087
892000 0.85 299.384 -51.2045 -21768.3 3349.2 -18419.1 53737.2 1.06161
893000 0.85 298.15 188.999 -21750.5 3335.4 -18415.1 53749.3 1.06138
894000 0.85 299.426 -84.8094 -21763.1 3349.67 -18413.4 53501.1 1.0663
895000 0.85 300.459 -138.612 -21807 3361.23 -18445.8 53516.9 1.06602
896000 0.85 298.009 191.288 -21858.7 3333.82 -18524.9 53724.2 1.06188
897000 0.85 298.979 -112.25 -21800 3344.68 -18455.3 54031.1 1.05586
898000 0.85 300.842 29.9319 -21798.2 3365.52 -18432.7 53767 1.06103
899000 0.85 297.109 126.863 -21773.4 3323.75 -18449.7 53512.3 1.06609
900000 0.85 300.861 181.513 -21790.2 3365.72 -18424.4 53272.2 1.07088
901000 0.85 298.199 200.565 -21739 3335.94 -18403.1 53325.2 1.06982
902000 0.85 299.003 -59.4015 -21761.4 3344.94 -18416.5 53600.7 1.06433
903000 0.85 299.684 127.301 -21772 3352.55 -18419.4 53835.8 1.05967
904000 0.85 300.901 -200.571 -21795.7 3366.17 -18429.5 54044.3 1.05558
905000 0.85 301.444 -17.1355 -21800.5 3372.25 -18428.3 54040.8 1.05565
906000 0.85 301.017 73.911 -21813.5 3367.48 -18446 53995.5 1.05655
907000 0.85 299.715 78.5513 -21856.1 3352.9 -18503.2 53869.5 1.059
908000 0.85 300.461 -147.405 -21898.6 3361.25 -18537.3 53954 1.05734
909000 0.85 299.591 -128.391 -21870.4 3351.52 -18518.9 53786.6 1.06064
910000 0.85 300.287 -99.8329 -21815 3359.31 -18455.7 53345.2 1.06943
911000 0.85 299.427 -78.7651 -21743.2 3349.68 -18393.5 53334.9 1.06962
912000 0.85 300.038 24.0469 -21764.9 3356.52 -18408.3 53760.2 1.06122
913000 0.85 300.036 13.2279 -21733.8 3356.5 -18377.3 54002.8 1.05638
914000 0.85 300.958 246.747 -21836.2 3366.81 -18469.4 53755.5 1.06125
915000 0.85 299.671 -136.315 -21797.6 3352.41 -18445.2 53733.2 1.06169
916000 0.85 300.308 -59.6966 -21769.3 3359.54 -18409.8 53648.2 1.06337
917000 0.85 300.61 9.93034 -21810.1 3362.91 -18447.2 53499.3 1.06634
918000 0.85 299.091 -107.414 -21791.1 3345.93 -18445.2 53567.3 1.06498
919000 0.85 302.434 -146.733 -21832.3 3383.32 -18449 53696.7 1.06242
920000 0.85 300.583 114.729 -21885.4 3362.61 -18522.8 53395.3 1.06842
921000 0.85 298.641 -15.8382 -21800.9 3340.89 -18460 53515.8 1.06602
922000 0.85 300.812 67.728 -21826.8 3365.17 -18461.7 53675.3 1.06283
923000 0.85 298.297 89.256 -21826.6 3337.05 -18489.5 53643.8 1.06347
924000 0.85 299.583 81.8252 -21773.5 3351.43 -18422.1 53473.1 1.06687
925000 0.85 299.032 86.9873 -21758.6 3345.27 -18413.3 53224.2 1.07184
926000 0.85 299.22 -62.7916 -21780 3347.37 -18432.7 53448.7 1.06734
927000 0.85 300.005 -276.748 -21803.9 3356.15 -18447.7 53542.4 1.06547
928000 0.85 301.881 249.484 -21859.2 3377.14 -18482.1 53568.9 1.06497
929000 0.85 299.902 76.9965 -21785.6 3355 -18430.6 53738.8 1.06158
930000 0.85 298.775 -64.6691 -21807.7 3342.39 -18465.3 54034.7 1.05576
931000 0.85 299.609 64.0395 -21797.4 3351.72 -18445.7 53678.7 1.06277
932000 0.85 301.182 43.7223 -21768.2 3369.31 -18398.8 53878.8 1.05881
933000 0.85 299.827 139.569 -21809.2 3354.16 -18455.1 53902.6 1.05835
934000 0.85 298.71 44.6182 -21823.1 3341.66 -18481.5 54056.1 1.05537
935000 0.85 299.757 96.5647 -21750.1 3353.37 -18396.7 54184.4 1.05286
936000 0.85 300.751 17.1239 -21721 3364.5 -18356.5 54184.3 1.05286
937000 0.85 299.666 7.59695 -21767.1 3352.36 -18414.7 53957 1.05729
938000 0.85 301.069 -74.6405 -21770.4 3368.05 -18402.4 53857.5 1.05924
939000 0.85 300.862 -229.544 -21754.8 3365.74 -18389.1 53543.5 1.06547
940000 0.85 299.599 180.289 -21822.8 3351.61 -18471.1 53722.8 1.0619
941000 0.85 301.161 -29.2528 -21798.1 3369.08 -18429 53919.9 1.05801
942000 0.85 298.705 -41.8164 -21811.9 3341.61 -18470.3 53877.7 1.05884
943000 0.85 299.993 75.3605 -21795.3 3356.01 -18439.3 54051.4 1.05545
944000 0.85 298.49 -26.4772 -21830.2 3339.2 -18491 53814.1 1.06011
945000 0.85 300.375 -262.648 -21769.9 3360.29 -18409.6 54099.6 1.0545
946000 0.85 300.445 -12.8056 -21760.4 3361.08 -18399.4 53506.9 1.0662
947000 0.85 301.263 -45.7912 -21720.6 3370.23 -18350.4 53874.3 1.05891
948000 0.85 300.006 146.13 -21813.5 3356.16 -18457.3 53988.1 1.05668
949000 0.85 300.534 -102.098 -21841.5 3362.07 -18479.5 53783.9 1.06072
950000 0.85 300.84 -9.01473 -21846 3365.49 -18480.5 53275.6 1.07081
951000 0.85 300.73 -112.555 -21837.3 3364.26 -18473 53814.1 1.0601
952000 0.85 301.547 129.774 -21762.7 3373.4 -18389.3 54039.3 1.05568
953000 0.85 298.86 -220.989 -21814.5 3343.35 -18471.2 53635.6 1.06362
954000 0.85 300.163 -38.4922 -21748.8 3357.91 -18390.9 53699.4 1.06239
955000 0.85 301.469 -21.225 -21757.9 3372.52 -18385.4 53725.1 1.06185
956000 0.85 300.041 -77.7883 -21818.1 3356.55 -18461.6 53487.7 1.06657
957000 0.85 300.576 -2.24703 -21827.6 3362.54 -18465.1 53722.8 1.06191
958000 0.85 301.753 -78.8281 -21812.3 3375.7 -18436.6 53587.7 1.06458
959000 0.85 299.39 -80.9391 -21821.1 3349.27 -18471.8 53621.8 1.0639
960000 0.85 301.425 -50.138 -21765.6 3372.04 -18393.6 53967.7 1.05709
961000 0.85 301.437 105.293 -21798.1 3372.17 -18425.9 53770.9 1.06095
962000 0.85 298.687 184.163 -21799.6 3341.4 -18458.2 53907 1.05826
963000 0.85 301.269 142.186 -21792.7 3370.29 -18422.4 53819.1 1.06
964000 0.85 298.669 263.944 -21873.2 3341.2 -18532 53693.6 1.06248
965000 0.85 299.944 -88.6039 -21818.6 3355.47 -18463.1 53629.8 1.06377
966000 0.85 299.91 -93.9752 -21801.2 3355.09 -18446.1 53636 1.06364
967000 0.85 298.362 29.5934 -21764.1 3337.76 -18426.3 53309.6 1.07012
968000 0.85 300.383 -16.8098 -21792.1 3360.38 -18431.7 53498 1.06637
969000 0.85 300.159 24.6587 -21746.3 3357.87 -18388.4 53859.7 1.0592
970000 0.85 299.935 -150.362 -21753.2 3355.36 -18397.8 54075.2 1.05504
971000 0.85 299.274 47.5047 -21821.2 3347.97 -18473.3 54059.4 1.05529
972000 0.85 300.413 280.734 -21790.8 3360.72 -18430.1 53848.1 1.05943
973000 0.85 299.224 -17.9121 -21799 3347.41 -18451.6 53569.9 1.06494
974000 0.85 299.502 26.9745 -21755.3 3350.52 -18404.8 53583.9 1.06465
975000 0.85 299.756 -26.3094 -21818.3 3353.36 -18464.9 53726.2 1.06184
976000 0.85 299.746 31.2023 -21752.7 3353.25 -18399.4 54007.3 1.05631
977000 0.85 300.24 23.9402 -21737.8 3358.78 -18379 54117 1.05417
978000 0.85 300.669 -261.409 -21767.7 3363.57 -18404.2 53912.8 1.05816
979000 0.85 299.632 -4.95843 -21760.8 3351.98 -18408.8 53977.9 1.05688
980000 0.85 299.784 16.1648 -21834.5 3353.68 -18480.8 53780.7 1.06075
981000 0.85 299.12 -235.653 -21763.6 3346.25 -18417.3 53721 1.06194
982000 0.85 300.448 -256.121 -21809.1 3361.1 -18448 53826.8 1.05984
983000 0.85 297.707 153.465 -21746.9 3330.44 -18416.4 53585 1.06463
984000 0.85 301.983 23.4122 -21842.7 3378.27 -18464.5 53748.6 1.0614
985000 0.85 299.37 -153.27 -21761.8 3349.05 -18412.8 54153.7 1.05345
986000 0.85 298.475 208.267 -21842 3339.03 -18503 53986.5 1.05672
987000 0.85 300.144 -90.7821 -21804.6 3357.71 -18446.9 53566.4 1.06499
988000 0.85 300.769 -81.5017 -21802 3364.69 -18437.3 54030.3 1.05585
989000 0.85 299.51 149.076 -21820.5 3350.61 -18469.9 53632.9 1.06369
990000 0.85 300.598 21.6748 -21766 3362.79 -18403.2 53891.4 1.05859
991000 0.85 299.104 113.419 -21824.7 3346.07 -18478.6 53886.6 1.05867
992000 0.85 299.686 173.101 -21935.2 3352.58 -18582.6 53866.9 1.05905
993000 0.85 299.341 -53.2563 -21814.6 3348.72 -18465.9 53792.7 1.06051
994000 0.85 299.217 81.8274 -21768.6 3347.34 -18421.2 53918.4 1.05804
995000 0.85 300.89 -118.02 -21843.7 3366.05 -18477.6 53656.8 1.06322
996000 0.85 301.603 -251.363 -21795.5 3374.03 -18421.5 53378.8 1.06876
997000 0.85 299.631 -145.296 -21779.1 3351.97 -18427.2 53247.1 1.07138
998000 0.85 300.202 107.188 -21750 3358.36 -18391.6 53786.2 1.06066
999000 0.85 299.718 85.5883 -21763.5 3352.94 -18410.6 53747.7 1.06144
1000000 0.85 298.939 -30.0004 -21842.5 3344.22 -18498.2 53715.5 1.06205
1001000 0.85 301.131 -89.0055 -21793.3 3368.75 -18424.5 53699.5 1.06236
1002000 0.85 300.765 90.5675 -21816.8 3364.65 -18452.2 53336.7 1.06959
1003000 0.85 300.523 148.836 -21719 3361.95 -18357.1 53589 1.06454
1004000 0.85 299.456 -139.265 -21815.6 3350.01 -18465.6 53573.9 1.06485
1005000 0.85 298.092 195.296 -21831.3 3334.75 -18496.5 53843.8 1.05951
1006000 0.85 299.062 -85.4034 -21828.6 3345.61 -18483 54038.9 1.05571
1007000 0.85 300.434 -132.061 -21859.6 3360.95 -18498.6 53827.8 1.05983
1008000 0.85 301.074 -1.94582 -21831.8 3368.11 -18463.7 53823.7 1.05993
1009000 0.85 301.06 -0.959398 -21822.9 3367.95 -18454.9 53601.2 1.06432
1010000 0.85 299.863 159.847 -21824.7 3354.56 -18470.1 54001.4 1.05642
1011000 0.85 298.678 160.413 -21806.3 3341.31 -18465 53663.2 1.06307
1012000 0.85 300.248 107.135 -21856.1 3358.87 -18497.2 53808.7 1.06021
1013000 0.85 299.23 -17.671 -21855.7 3347.48 -18508.2 53885.6 1.05869
1014000 0.85 300.772 91.527 -21768.5 3364.74 -18403.7 53805.8 1.06028
1015000 0.85 298.291 55.9876 -21796.1 3336.98 -18459.1 53886.1 1.05868
1016000 0.85 300.154 -154.624 -21772.1 3357.82 -18414.3 53392.8 1.06847
1017000 0.85 298.674 130.678 -21724.9 3341.26 -18383.7 53522.2 1.06589
1018000 0.85 299.57 60.1086 -21791.6 3351.29 -18440.3 53898.9 1.05845
1019000 0.85 299.972 77.7388 -21773.7 3355.78 -18417.9 53647.1 1.06339
1020000 0.85 299.063 70.8641 -21778 3345.61 -18432.4 53713.5 1.06207
1021000 0.85 301.87 -104.579 -21757 3377.01 -18380 53954.1 1.05736
1022000 0.85 299.481 -99.3318 -21774.6 3350.29 -18424.3 53709.6 1.06215
1023000 0.85 300.792 143.491 -21854.1 3364.96 -18489.2 53601.5 1.06429
1024000 0.85 300.074 -172.998 -21842.8 3356.92 -18485.8 53701.2 1.06236
1025000 0.85 299.756 -71.4298 -21732.5 3353.37 -18379.2 53749.6 1.06138
1026000 0.85 300.473 12.3843 -21783.3 3361.38 -18421.9 53568.2 1.06496
1027000 0.85 300.714 -19.3912 -21713 3364.08 -18348.9 53589.7 1.06458
1028000 0.85 301.099 -90.3965 -21713.9 3368.39 -18345.5 53718.2 1.06201
1029000 0.85 299.458 22.7226 -21727.5 3350.03 -18377.5 53827.1 1.05985
1030000 0.85 301.009 -30.7257 -21785.2 3367.38 -18417.9 53815.6 1.06008
1031000 0.85 299.008 -82.5971 -21772.4 3344.99 -18427.4 53922.2 1.05798
1032000 0.85 300.53 -29.1706 -21773.2 3362.03 -18411.2 53886.4 1.05868
1033000 0.85 298.863 -105.541 -21824.1 3343.38 -18480.7 53804.9 1.06027
1034000 0.85 301.885 73.3206 -21810.7 3377.18 -18433.5 53695.9 1.06243
1035000 0.85 299.006 -92.8596 -21804.5 3344.97 -18459.5 53824.1 1.05989
1036000 0.85 299.484 30.1698 -21851.3 3350.32 -18501 53746.8 1.06143
1037000 0.85 301.388 3.51513 -21886.6 3371.62 -18514.9 53759.7 1.06118
1038000 0.85 299.651 -72.2135 -21811.3 3352.19 -18459.1 53796.9 1.06043
1039000 0.85 298.931 -269.946 -21792.9 3344.14 -18448.7 53958.2 1.05728
1040000 0.85 298.572 279.526 -21880.3 3340.12 -18540.2 53771.9 1.06093
1041000 0.85 301.863 -100.041 -21860.6 3376.94 -18483.6 53783.6 1.06071
1042000 0.85 299.315 8.86115 -21820.4 3348.43 -18472 53676.4 1.06281
1043000 0.85 299.136 20.4333 -21819.5 3346.43 -18473.1 53604.1 1.06425
1044000 0.85 299.569 -108.205 -21799.5 3351.27 -18448.2 53683 1.06272
1045000 0.85 300.227 95.862 -21789.5 3358.63 -18430.9 53914 1.05814
1046000 0.85 299.693 -138.48 -21814.8 3352.66 -18462.1 53664.6 1.06306
1047000 0.85 300.728 10.0875 -21807.7 3364.23 -18443.5 53514.6 1.06604
1048000 0.85 300.631 118.785 -21733.8 3363.15 -18370.7 53880.4 1.05881
1049000 0.85 298.166 -34.132 -21835.9 3335.58 -18500.3 53801.3 1.06034
1050000 0.85 300.432 -35.0058 -21782.4 3360.92 -18421.5 54380 1.04907
1051000 0.85 299.631 -107.16 -21815 3351.96 -18463 53758.9 1.0612
1052000 0.85 299.562 -105.653 -21777.4 3351.2 -18426.2 53689.6 1.06258
1053000 0.85 298.491 36.6283 -21825.3 3339.21 -18486.1 53628 1.06377
1054000 0.85 299.629 53.4677 -21869.3 3351.94 -18517.3 53698.1 1.06243
1055000 0.85 298.702 92.6489 -21817.2 3341.57 -18475.6 53949.7 1.05743
1056000 0.85 301.452 -198.187 -21865.2 3372.34 -18492.8 53774.1 1.0609
1057000 0.85 299.555 278.609 -21822.8 3351.12 -18471.7 53633.2 1.06367
1058000 0.85 300.51 75.8541 -21788.2 3361.8 -18426.4 53655.7 1.06325
1059000 0.85 299.591 95.2773 -21857.1 3351.52 -18505.6 54056.5 1.05536
1060000 0.85 300.611 15.9052 -21841.2 3362.93 -18478.3 53882.9 1.05874
1061000 0.85 299.908 -241.638 -21788.8 3355.07 -18433.7 53689.9 1.06258
1062000 0.85 299.943 -116.712 -21752.6 3355.46 -18397.2 53544.8 1.06543
1063000 0.85 301.489 17.4028 -21802.2 3372.75 -18429.5 53787.7 1.06065
1064000 0.85 301.504 -21.6898 -21804.8 3372.92 -18431.8 53847.3 1.05944
1065000 0.85 298.738 129.102 -21804.9 3341.98 -18462.9 53537.3 1.06559
1066000 0.85 301.044 -96.0831 -21814.4 3367.78 -18446.7 53772.9 1.06091
1067000 0.85 300.08 174.139 -21772.6 3356.98 -18415.6 54024.4 1.05598
1068000 0.85 299.024 14.4199 -21755.1 3345.17 -18409.9 53895.3 1.05851
1069000 0.85 299.496 9.94323 -21785.9 3350.45 -18435.5 53464.2 1.06704
1070000 0.85 301.385 -183.015 -21785.6 3371.59 -18414.1 53931.8 1.05779
1071000 0.85 300.408 -50.6494 -21822.8 3360.66 -18462.1 53935.9 1.0577
1072000 0.85 299.22 147.828 -21790.8 3347.37 -18443.4 54020.7 1.05605
1073000 0.85 301.75 -176.168 -21787.2 3375.67 -18411.5 53794.9 1.0605
1074000 0.85 300.191 83.1592 -21862.1 3358.23 -18503.9 53931.6 1.0578
1075000 0.85 299.345 -206.793 -21752.1 3348.76 -18403.3 54030 1.05587
1076000 0.85 298.17 -225.967 -21787.1 3335.62 -18451.5 53503.8 1.06624
1077000 0.85 298.944 29.702 -21729.4 3344.28 -18385.1 53682.1 1.06271
1078000 0.85 301.428 47.1797 -21776 3372.07 -18403.9 53286.9 1.07058
1079000 0.85 300.712 -16.1032 -21795.3 3364.06 -18431.3 53432.4 1.06766
1080000 0.85 299.885 126.08 -21855.5 3354.81 -18500.7 53541.6 1.06548
1081000 0.85 300.289 -99.3604 -21809.8 3359.33 -18450.5 53492.2 1.06648
1082000 0.85 300.191 -199.24 -21746.3 3358.24 -18388.1 53852.9 1.05933
1083000 0.85 300.613 136.245 -21744.7 3362.95 -18381.8 53547.7 1.06537
1084000 0.85 299.966 264.074 -21776.9 3355.72 -18421.2 53715.6 1.06204
1085000 0.85 299.641 184.408 -21850.6 3352.08 -18498.5 53502.2 1.06629
1086000 0.85 300.597 193.703 -21860.7 3362.77 -18497.9 53616 1.06403
1087000 0.85 298.84 152.572 -21789 3343.11 -18445.9 53461.3 1.06709
1088000 0.85 299.936 254.732 -21845 3355.38 -18489.6 53611.8 1.06412
1089000 0.85 299.244 -185.878 -21819 3347.63 -18471.4 54111.1 1.05429
1090000 0.85 297.995 77.591 -21757.1 3333.67 -18423.4 53505.7 1.06621
1091000 0.85 299.801 163.391 -21743.7 3353.87 -18389.9 53571.3 1.0649
1092000 0.85 301.909 -32.4843 -21814.1 3377.45 -18436.6 53682.5 1.06269
1093000 0.85 298.987 65.4577 -21794.6 3344.76 -18449.9 53769.2 1.061
1094000 0.85 301.238 -20.4925 -21768.3 3369.95 -18398.4 53596.7 1.0644
1095000 0.85 301.46 9.18282 -21843.7 3372.43 -18471.3 53414.6 1.06805
1096000 0.85 300.516 -46.7349 -21757.6 3361.87 -18395.8 53523.3 1.06585
1097000 0.85 297.977 172.988 -21754.1 3333.46 -18420.7 53449.8 1.06732
1098000 0.85 300.723 96.027 -21809.5 3364.18 -18445.3 53993 1.05659
1099000 0.85 301.261 -76.0637 -21786.6 3370.21 -18416.4 53982.3 1.05679
1100000 0.85 301.429 -138.426 -21763 3372.08 -18390.9 53890.5 1.0586
1101000 0.85 298.887 127.832 -21768 3343.64 -18424.4 53808.5 1.06021
1102000 0.85 298.77 -93.2935 -21778 3342.34 -18435.7 53651.9 1.06332
1103000 0.85 299.467 58.395 -21751.5 3350.14 -18401.4 53846.3 1.05946
1104000 0.85 301.398 -55.8098 -21772.4 3371.73 -18400.7 53872.8 1.05894
1105000 0.85 299.674 203.179 -21824.8 3352.44 -18472.3 53870 1.059
1106000 0.85 298.957 -1.76618 -21838.2 3344.43 -18493.7 53943.4 1.05755
1107000 0.85 298.34 -30.8516 -21818.6 3337.52 -18481 53963.8 1.05715
1108000 0.85 300.215 83.3446 -21783.6 3358.5 -18425.1 53884.9 1.05872
1109000 0.85 298.554 6.13485 -21801.8 3339.92 -18461.9 53585.7 1.06462
1110000 0.85 299.159 95.4983 -21699.5 3346.68 -18352.8 53717.4 1.062
1111000 0.85 299.72 7.57827 -21782.4 3352.96 -18429.4 53436.4 1.0676
1112000 0.85 300.198 -72.3707 -21784.4 3358.3 -18426.1 53614.7 1.06403
1113000 0.85 302.209 -111.002 -21847.8 3380.8 -18467 53732.2 1.06171
1114000 0.85 299.643 -60.165 -21777.1 3352.1 -18425 53653.5 1.06327
1115000 0.85 300.144 77.2603 -21764.6 3357.7 -18406.9 53921 1.05801
1116000 0.85 301.293 -316.581 -21797.8 3370.56 -18427.2 54068.6 1.05511
1117000 0.85 300.17 -183.563 -21814.5 3358 -18456.5 53728 1.06179
1118000 0.85 301.439 -48.8976 -21844.7 3372.19 -18472.5 53481.7 1.06668
1119000 0.85 300.387 28.2376 -21829.7 3360.42 -18469.2 53505.4 1.06624
1120000 0.85 298.702 87.5588 -21801.1 3341.58 -18459.5 53550.2 1.06533
1121000 0.85 300.291 -87.526 -21835.9 3359.35 -18476.5 53857.9 1.05924
1122000 0.85 300.359 146.504 -21793.4 3360.11 -18433.3 53607.4 1.0642
1123000 0.85 299.984 -84.6382 -21825 3355.92 -18469.1 53615 1.06404
1124000 0.85 300.03 104.92 -21814.2 3356.43 -18457.8 53550.1 1.06534
1125000 0.85 301.06 4.18729 -21837.1 3367.95 -18469.2 53603.3 1.06427
1126000 0.85 299.586 -28.9377 -21804.3 3351.46 -18452.9 53688 1.0626
1127000 0.85 298.941 -107.473 -21813.8 3344.25 -18469.5 53702.1 1.0623
1128000 0.85 299.564 -26.5526 -21817.2 3351.22 -18466 53836.3 1.05965
1129000 0.85 299.694 -37.578 -21810.3 3352.67 -18457.6 53735.2 1.06166
1130000 0.85 299.504 -14.8688 -21788.1 3350.55 -18437.6 53546.4 1.06539
1131000 0.85 298.802 146.685 -21796.9 3342.7 -18454.2 53908.4 1.05824
1132000 0.85 299.27 -157.804 -21784.9 3347.93 -18437 53787.7 1.06066
1133000 0.85 297.793 87.9742 -21816.3 3331.4 -18484.9 53750.3 1.06137
1134000 0.85 301.987 38.9068 -21788.3 3378.32 -18410 53652.9 1.06331
1135000 0.85 301.068 -71.8876 -21801.6 3368.04 -18433.5 53530.7 1.06571
1136000 0.85 298.71 36.8321 -21761.6 3341.66 -18420 53614.1 1.06406
1137000 0.85 301.811 89.8883 -21789 3376.35 -18412.6 53836.1 1.05969
1138000 0.85 300.914 -338.348 -21915.2 3366.31 -18548.8 53857 1.05925
1139000 0.85 298.972 212.015 -21859.3 3344.59 -18514.7 53836.9 1.05965
1140000 0.85 300.286 56.9189 -21804 3359.3 -18444.7 53769.7 1.06098
1141000 0.85 299.162 -146.427 -21777.7 3346.72 -18431 53671.4 1.06291
1142000 0.85 301.417 38.9795 -21795.2 3371.94 -18423.3 53833.6 1.05973
1143000 0.85 298.878 -45.7947 -21710.6 3343.54 -18367 53863.8 1.05911
1144000 0.85 299.959 64.68 -21707.3 3355.64 -18351.7 53979.5 1.05685
1145000 0.85 299.98 212.548 -21718.9 3355.87 -18363 53788.4 1.06061
1146000 0.85 299.044 83.8567 -21761.2 3345.4 -18415.9 53826.4 1.05985
1147000 0.85 299.433 74.396 -21774.1 3349.75 -18424.3 53887.2 1.05867
1148000 0.85 300.836 47.1979 -21792.4 3365.45 -18427 53977.3 1.05692
1149000 0.85 301.297 8.30139 -21847.9 3370.6 -18477.3 53414.8 1.06804
1150000 0.85 300.415 -30.3908 -21850.8 3360.73 -18490.1 53576.4 1.06481
1151000 0.85 299.006 -49.1129 -21794.4 3344.97 -18449.4 53666.3 1.06301
1152000 0.85 298.258 6.4221 -21775 3336.61 -18438.4 53969.1 1.05706
1153000 0.85 299.915 -16.153 -21797.9 3355.14 -18442.8 53867.5 1.05905
1154000 0.85 300.473 170.54 -21799.6 3361.39 -18438.2 54387.3 1.04894
1155000 0.85 298.71 -188.814 -21819.7 3341.66 -18478.1 54177.6 1.053
1156000 0.85 300.747 132.61 -21804.5 3364.45 -18440 54177.7 1.05299
1157000 0.85 298.771 242.239 -21882.8 3342.35 -18540.5 53677.9 1.06278
1158000 0.85 298.23 287.944 -21794.7 3336.3 -18458.4 53894.6 1.0585
1159000 0.85 299.264 -21.5428 -21835.8 3347.86 -18487.9 53657.2 1.06321
1160000 0.85 299.405 174.511 -21833.8 3349.44 -18484.3 53672.2 1.06289
1161000 0.85 300.884 50.0528 -21795.7 3365.99 -18429.7 54005.4 1.05634
1162000 0.85 299.023 -142.479 -21789.5 3345.17 -18444.4 53872.5 1.05895
1163000 0.85 300.609 -226.388 -21779.7 3362.91 -18416.8 53817.5 1.06003
1164000 0.85 300.547 116.913 -21880.7 3362.21 -18518.5 54014.9 1.05619
1165000 0.85 301.052 -110.204 -21782.3 3367.87 -18414.5 53791.6 1.06056
1166000 0.85 301.774 124.937 -21795.6 3375.94 -18419.6 53833.8 1.0597
1167000 0.85 300.004 -8.56316 -21801.8 3356.14 -18445.7 53950.3 1.05742
1168000 0.85 300.539 -255.915 -21765.1 3362.13 -18402.9 53948.9 1.05744
1169000 0.85 299.435 -149.91 -21814.4 3349.77 -18464.6 53820.9 1.05997
1170000 0.85 300.165 74.0072 -21809.1 3357.94 -18451.2 53847.7 1.05947
1171000 0.85 298.896 203.072 -21752 3343.74 -18408.3 53541.6 1.06549
1172000 0.85 299.694 -65.3208 -21782.5 3352.68 -18429.8 53567.3 1.06498
1173000 0.85 300.148 22.1658 -21742.5 3357.75 -18384.8 53735.5 1.06165
1174000 0.85 299.258 42.1371 -21776.7 3347.79 -18429 53896.5 1.05847
1175000 0.85 300.543 -160.76 -21808.3 3362.17 -18446.2 53755.3 1.06125
1176000 0.85 300.876 67.9864 -21727.2 3365.89 -18361.3 54100.8 1.05447
1177000 0.85 299.102 121.683 -21771.9 3346.05 -18425.8 53758.4 1.0612
1178000 0.85 298.228 33.3853 -21803.1 3336.27 -18466.9 53641.4 1.06351
1179000 0.85 299.731 -157.437 -21853.2 3353.09 -18500.2 53973.6 1.05698
1180000 0.85 299.604 30.6083 -21850.6 3351.67 -18498.9 54028.1 1.0559
1181000 0.85 300.926 15.8242 -21789.9 3366.46 -18423.4 53910.6 1.05819
1182000 0.85 301.126 -148.671 -21753.1 3368.69 -18384.4 53887.3 1.05865
1183000 0.85 299.276 89.8563 -21808.5 3348 -18460.5 54043.2 1.0556
1184000 0.85 300.399 -0.394828 -21792.7 3360.56 -18432.1 53794.8 1.06048
1185000 0.85 300.373 -41.6757 -21777 3360.27 -18416.7 53894 1.05852
1186000 0.85 301.173 -25.8435 -21761.9 3369.22 -18392.7 54148.3 1.05355
1187000 0.85 298.571 130.027 -21828.2 3340.11 -18488.1 54046.1 1.05556
1188000 0.85 300.789 60.2203 -21715.1 3364.92 -18350.2 54253.6 1.05151
1189000 0.85 300.523 106.004 -21767.3 3361.95 -18405.3 53935.8 1.05773
1190000 0.85 299.933 -6.06701 -21769.4 3355.34 -18414.1 54067.5 1.05513
1191000 0.85 301.871 159.604 -21779.5 3377.02 -18402.5 53732.9 1.06171
1192000 0.85 299.427 24.0649 -21777 3349.68 -18427.4 53835.4 1.05969
1193000 0.85 299.474 40.6921 -21770.1 3350.22 -18419.9 54233.2 1.05191
1194000 0.85 297.663 158.088 -21855.3 3329.95 -18525.3 53805.3 1.06026
1195000 0.85 300.49 -123.627 -21805.2 3361.58 -18443.6 53776 1.06084
1196000 0.85 300.824 17.8942 -21766.6 3365.31 -18401.3 53588.4 1.06458
1197000 0.85 299.06 76.6157 -21742.6 3345.58 -18397 53679.1 1.06276
1198000 0.85 299.463 -26.461 -21745.7 3350.09 -18395.6 53229.4 1.07174
1199000 0.85 300.008 -60.0762 -21883.1 3356.18 -18526.9 53354.3 1.06924
1200000 0.85 299.384 148.039 -21840.8 3349.21 -18491.6 53648.8 1.06336
1201000 0.85 302.52 -81.8086 -21806 3384.29 -18421.8 53874.1 1.05893
1202000 0.85 298.231 -91.6064 -21785 3336.3 -18448.7 53938.1 1.05766
1203000 0.85 300.051 95.3332 -21841.4 3356.66 -18484.7 53987.6 1.0567
1204000 0.85 298.903 89.246 -21782.3 3343.82 -18438.5 53381.5 1.06869
1205000 0.85 300.319 -27.522 -21775.4 3359.66 -18415.7 53485.3 1.06663
1206000 0.85 300.001 60.6552 -21800.8 3356.11 -18444.7 53555.1 1.06524
1207000 0.85 302.101 -128.778 -21813.8 3379.6 -18434.2 53606.7 1.06422
1208000 0.85 297.822 21.1457 -21831.4 3331.73 -18499.7 53862.6 1.05915
1209000 0.85 298.316 -52.7121 -21757.3 3337.26 -18420.1 53723.1 1.06189
1210000 0.85 300.556 10.6395 -21795 3362.31 -18432.7 53591.8 1.0645
1211000 0.85 298.224 45.0481 -21742.8 3336.23 -18406.6 53610.1 1.06414
1212000 0.85 299.646 204.183 -21759.5 3352.14 -18407.3 54242.3 1.05173
1213000 0.85 301.371 -122.534 -21838.1 3371.43 -18466.7 53837 1.05965
1214000 0.85 299.702 222.472 -21762.8 3352.76 -18410.1 53676.8 1.06281
1215000 0.85 301.29 -12.2202 -21769.4 3370.52 -18398.9 53571.4 1.0649
1216000 0.85 300.291 -239.064 -21805.9 3359.35 -18446.6 53787.7 1.06062
1217000 0.85 299.587 114.515 -21762.1 3351.47 -18410.7 53664.5 1.06305
1218000 0.85 300.889 -54.0446 -21810.6 3366.04 -18444.6 53533.4 1.06566
1219000 0.85 299.294 -15.8937 -21858.4 3348.2 -18510.2 53671.6 1.06293
1220000 0.85 300.777 -6.0654 -21815.2 3364.79 -18450.5 53743.2 1.06149
1221000 0.85 300.279 32.6507 -21802.9 3359.22 -18443.7 53507.1 1.06618
1222000 0.85 299.505 -151.721 -21748.4 3350.56 -18397.8 53809.2 1.06019
1223000 0.85 300.124 152.467 -21847.7 3357.48 -18490.2 53558 1.06518
1224000 0.85 299.265 11.1771 -21784 3347.87 -18436.2 53827 1.05984
1225000 0.85 301.394 -303.045 -21788.7 3371.69 -18417 53766 1.06105
1226000 0.85 301.979 -147.923 -21754.8 3378.24 -18376.5 53688.7 1.0626
1227000 0.85 300.302 158.119 -21813.9 3359.47 -18454.4 54032.6 1.05582
1228000 0.85 300.754 60.2296 -21803.7 3364.53 -18439.2 53877.4 1.05884
1229000 0.85 297.194 88.3616 -21822.4 3324.7 -18497.7 53517.8 1.06599
1230000 0.85 299.366 -76.9926 -21766.3 3349 -18417.3 53731.5 1.06172
1231000 0.85 298.991 337.365 -21807.3 3344.81 -18462.5 53934.9 1.05772
1232000 0.85 299.409 74.6194 -21826.5 3349.48 -18477 53675 1.06284
1233000 0.85 299.448 -209.556 -21811.9 3349.92 -18462 53780.2 1.06077
1234000 0.85 298.899 118.064 -21826.8 3343.78 -18483 53831.1 1.05978
1235000 0.85 301.027 -61.7466 -21831.5 3367.58 -18463.9 53795.1 1.06047
1236000 0.85 302.143 -5.67437 -21872.9 3380.06 -18492.8 53795.6 1.06046
1237000 0.85 299.709 323.009 -21858.4 3352.84 -18505.5 54070.5 1.05507
1238000 0.85 300.068 -81.194 -21801.3 3356.85 -18444.4 53812.7 1.06013
1239000 0.85 300.508 40.3427 -21779.5 3361.77 -18417.8 53659.1 1.06316
1240000 0.85 302.732 59.3531 -21784.3 3386.65 -18397.6 53991.7 1.0566
1241000 0.85 299.828 137.295 -21791.6 3354.17 -18437.5 53985.1 1.05673
1242000 0.85 299.99 78.677 -21855.5 3355.98 -18499.5 53731.4 1.06173
1243000 0.85 300.556 -73.2383 -21815.6 3362.31 -18453.3 53811.5 1.06015
1244000 0.85 300.51 -22.6391 -21821.5 3361.8 -18459.7 53718.8 1.06199
1245000 0.85 301.075 -19.5845 -21843.7 3368.12 -18475.6 53704.1 1.06228
1246000 0.85 303.565 -229.54 -21821.2 3395.97 -18425.2 54229.7 1.05197
1247000 0.85 300.591 -45.6254 -21837.9 3362.71 -18475.2 53800.3 1.06039
1248000 0.85 299.363 -145.912 -21797.4 3348.96 -18448.4 53766.1 1.06105
1249000 0.85 299.59 97.4993 -21836.9 3351.51 -18485.4 53836.3 1.05965
1250000 0.85 299.946 45.3224 -21853.4 3355.49 -18497.9 53783 1.06072
1251000 0.85 300.417 -147.551 -21874.1 3360.76 -18513.3 53891.3 1.05858
1252000 0.85 299.495 -33.4693 -21831.9 3350.44 -18481.5 53803.5 1.0603
1253000 0.85 298.317 -25.7086 -21766.4 3337.27 -18429.2 54046.9 1.05553
1254000 0.85 299.783 -86.8287 -21772.6 3353.66 -18419 53795.6 1.06049
1255000 0.85 300.393 -7.74818 -21817.7 3360.49 -18457.2 53794.3 1.06054
1256000 0.85 301.159 -144.859 -21803.9 3369.06 -18434.8 53761.1 1.06117
1257000 0.85 299.984 -241.109 -21760.7 3355.92 -18404.7 53752.6 1.0613
1258000 0.85 300.098 77.9685 -21820 3357.19 -18462.8 53913.1 1.05815
1259000 0.85 301.209 139.656 -21772.3 3369.62 -18402.7 54026.6 1.05592
1260000 0.85 298.717 62.6237 -21775.3 3341.74 -18433.6 53969.7 1.05703
1261000 0.85 299.321 72.0168 -21818.1 3348.5 -18469.6 53971.6 1.05701
1262000 0.85 300.417 -132.843 -21883.9 3360.76 -18523.1 54033.7 1.05579
1263000 0.85 299.281 -21.8463 -21865.5 3348.05 -18517.4 53928 1.05788
1264000 0.85 301.468 32.4368 -21806.3 3372.51 -18433.8 53723.5 1.06187
1265000 0.85 300.437 58.2038 -21828 3360.98 -18467.1 53352.6 1.06929
1266000 0.85 300.421 248.71 -21728.5 3360.8 -18367.7 53444.7 1.06741
1267000 0.85 300.151 -214.179 -21817.4 3357.79 -18459.6 53342.6 1.06947
1268000 0.85 300.006 -91.5523 -21805 3356.16 -18448.8 53844.6 1.0595
1269000 0.85 298.434 23.7516 -21812.1 3338.57 -18473.6 53932.3 1.05776
1270000 0.85 299.133 53.4388 -21781.3 3346.39 -18435 54122.4 1.05405
1271000 0.85 299.678 207.463 -21783.5 3352.5 -18431 53842.5 1.05954
1272000 0.85 298.49 83.8497 -21850.7 3339.2 -18511.5 53909.2 1.05822
1273000 0.85 298.699 171.266 -21791.6 3341.53 -18450.1 53600.1 1.06434
1274000 0.85 299.202 -197.609 -21792.2 3347.17 -18445.1 53716.5 1.06203
1275000 0.85 299.364 -262.072 -21749.3 3348.98 -18400.3 53820.4 1.05999
1276000 0.85 301.931 -117.918 -21844.9 3377.7 -18467.2 53720.4 1.06194
1277000 0.85 300.947 -37.1494 -21800.1 3366.69 -18433.4 54174.3 1.05304
1278000 0.85 297.398 -99.1398 -21851.3 3326.98 -18524.3 53553.8 1.06525
1279000 0.85 300.457 -35.5691 -21831.2 3361.21 -18470 54042.4 1.05563
1280000 0.85 298.36 125.691 -21879.2 3337.75 -18541.5 53798.7 1.0604
1281000 0.85 298.902 78.5864 -21835.5 3343.82 -18491.7 53989.7 1.05665
1282000 0.85 299.347 -62.3783 -21857.9 3348.79 -18509.1 53846.3 1.05949
1283000 0.85 300.505 -26.1954 -21808.4 3361.75 -18446.6 53826.5 1.05985
1284000 0.85 296.891 -135.962 -21781.9 3321.31 -18460.6 53551.3 1.06531
1285000 0.85 299.52 139.364 -21773.7 3350.72 -18423 53940.1 1.05763
1286000 0.85 301.307 -186.617 -21806.2 3370.72 -18435.4 53763.1 1.0611
1287000 0.85 298.993 -23.3268 -21775.9 3344.83 -18431.1 53928.2 1.05785
1288000 0.85 300.839 177.866 -21769.6 3365.48 -18404.1 53738.6 1.0616
1289000 0.85 300.363 -256.871 -21721.7 3360.15 -18361.5 53696.5 1.06244
1290000 0.85 299.046 97.8086 -21824 3345.42 -18478.6 53863 1.05915
1291000 0.85 301.559 7.05295 -21728.5 3373.54 -18355 53793.3 1.06051
1292000 0.85 300.656 199.911 -21750.1 3363.44 -18386.7 53210.3 1.07213
1293000 0.85 302.189 13.6623 -21784.3 3380.58 -18403.8 53703.1 1.06231
1294000 0.85 298.318 12.7548 -21775.8 3337.28 -18438.6 53875.5 1.05888
1295000 0.85 299.327 -247.093 -21826.5 3348.57 -18477.9 53828.3 1.05982
1296000 0.85 298.027 164.473 -21745.9 3334.02 -18411.8 53996.2 1.05653
1297000 0.85 300.949 -143.234 -21720.3 3366.71 -18353.6 53814.6 1.0601
1298000 0.85 301.958 68.2425 -21795.8 3377.99 -18417.8 53887.3 1.05865
1299000 0.85 297.297 180.989 -21778.8 3325.86 -18452.9 54057.6 1.05532
1300000 0.85 302.378 -43.5251 -21806.8 3382.7 -18424.1 53943 1.05758
1301000 0.85 297.753 144.477 -21829.7 3330.96 -18498.7 53912.7 1.05816
1302000 0.85 299.67 238.995 -21806.9 3352.41 -18454.5 53878.5 1.05886
1303000 0.85 298.39 42.758 -21780.6 3338.09 -18442.5 54042.9 1.05561
1304000 0.85 299.319 187.53 -21780.4 3348.48 -18431.9 53804 1.06029
1305000 0.85 300.892 67.9948 -21790.1 3366.07 -18424.1 53669.8 1.06295
1306000 0.85 300.94 -131.764 -21828.5 3366.61 -18461.9 53623.9 1.06385
1307000 0.85 301.013 -297.448 -21823.1 3367.42 -18455.7 53734.8 1.06167
1308000 0.85 299.196 -53.7862 -21781.2 3347.1 -18434.1 53796.3 1.06044
1309000 0.85 300.226 46.5697 -21734.1 3358.62 -18375.5 53611.6 1.0641
1310000 0.85 299.852 -185.395 -21787.1 3354.44 -18432.6 53805.4 1.06027
1311000 0.85 298.516 2.76729 -21818.1 3339.49 -18478.6 53383.1 1.06866
1312000 0.85 300.981 26.2666 -21824.4 3367.07 -18457.3 53127.5 1.0738
1313000 0.85 300.4 -22.4189 -21795.1 3360.57 -18434.6 53822.4 1.05995
1314000 0.85 299.626 -72.394 -21752.3 3351.91 -18400.4 53707 1.0622
1315000 0.85 299.677 -22.2298 -21796.9 3352.48 -18444.4 54092.3 1.05463
1316000 0.85 299.887 35.8638 -21801.2 3354.83 -18446.4 53317.3 1.06997
1317000 0.85 299.462 5.03804 -21815.2 3350.08 -18465.2 53385.5 1.06862
1318000 0.85 298.11 -134.956 -21782.5 3334.95 -18447.6 53749.7 1.06137
1319000 0.85 299.136 31.028 -21770.4 3346.42 -18424 54012.8 1.05619
1320000 0.85 300.308 -29.1368 -21779.3 3359.55 -18419.8 53706.8 1.06222
1321000 0.85 302.819 269.48 -21827.2 3387.63 -18439.5 53625.1 1.06385
1322000 0.85 300.923 9.14186 -21816.2 3366.42 -18449.8 53782.9 1.06073
1323000 0.85 298.326 -174.955 -21747.7 3337.36 -18410.3 53592.3 1.06449
1324000 0.85 298.823 52.6198 -21764 3342.93 -18421.1 53657.6 1.06318
1325000 0.85 298.664 59.1189 -21785.3 3341.15 -18444.2 53656 1.06322
1326000 0.85 299.994 -7.47541 -21797.2 3356.03 -18441.2 53590.7 1.06451
1327000 0.85 300.677 -5.04699 -21813.9 3363.66 -18450.2 53588.2 1.06456
1328000 0.85 300.554 59.2647 -21836.6 3362.29 -18474.3 53869.6 1.05901
1329000 0.85 297.802 168.524 -21829.4 3331.51 -18497.9 53473.3 1.06689
1330000 0.85 297.65 141.146 -21806.2 3329.8 -18476.3 53598.4 1.06438
1331000 0.85 300.206 28.0972 -21840.6 3358.4 -18482.2 53865.9 1.05907
1332000 0.85 299.634 -151.208 -21807.3 3352 -18455.3 53809.5 1.06021
1333000 0.85 299.845 117.566 -21800.8 3354.37 -18446.4 53692.5 1.0625
1334000 0.85 298.641 33.5765 -21765 3340.89 -18424.1 53486.6 1.06658
1335000 0.85 300.965 22.9476 -21747.9 3366.89 -18381 54011.8 1.05622
1336000 0.85 299.828 67.5782 -21725.7 3354.17 -18371.5 53982.1 1.0568
1337000 0.85 300.846 158.783 -21736.3 3365.56 -18370.7 53814.6 1.06009
1338000 0.85 300.77 55.4881 -21786 3364.71 -18421.3 53851.3 1.05936
1339000 0.85 299.461 178.152 -21783.3 3350.07 -18433.2 53665.8 1.06302
1340000 0.85 298.858 -98.6121 -21830.1 3343.32 -18486.8 53892.7 1.05856
1341000 0.85 299.557 52.9307 -21807.2 3351.14 -18456 53620.1 1.06394
1342000 0.85 299.236 -204.032 -21854.9 3347.55 -18507.4 53638.9 1.06356
1343000 0.85 301.339 -60.9321 -21854 3371.07 -18482.9 53457 1.06718
1344000 0.85 298.806 -53.0958 -21882 3342.74 -18539.3 53732.5 1.06171
1345000 0.85 299.105 187.21 -21794.5 3346.09 -18448.4 53812.2 1.06014
1346000 0.85 299.545 208.347 -21805.1 3351 -18454.1 54043.6 1.05559
1347000 0.85 299.801 89.8948 -21854.4 3353.87 -18500.6 53837.4 1.05964
1348000 0.85 300.735 2.98055 -21813.5 3364.31 -18449.2 53688.5 1.06258
1349000 0.85 300.539 188.174 -21829.5 3362.12 -18467.3 53769.5 1.06099
1350000 0.85 299.34 3.52921 -21783.6 3348.71 -18434.9 53748 1.0614
1351000 0.85 300.758 -77.6289 -21731.3 3364.57 -18366.8 53654.8 1.06323
1352000 0.85 300.995 -15.4979 -21799.1 3367.23 -18431.9 53697.4 1.06243
1353000 0.85 299.767 -154.516 -21818.1 3353.49 -18464.6 53475.8 1.06683
1354000 0.85 299.697 59.3095 -21832.1 3352.7 -18479.4 53641 1.06351
1355000 0.85 299.776 164.416 -21843.7 3353.58 -18490.1 53651.2 1.06331
1356000 0.85 300.152 315.259 -21843.8 3357.8 -18486 53497.9 1.06636
1357000 0.85 300.125 -245.72 -21732.5 3357.49 -18375 54134.7 1.05381
1358000 0.85 301.283 -29.3857 -21771.9 3370.44 -18401.5 53523.7 1.06586
1359000 0.85 298.647 199.968 -21828.9 3340.96 -18487.9 53786.3 1.06064
1360000 0.85 298.984 -83.121 -21805.8 3344.73 -18461.1 53900.9 1.05839
1361000 0.85 298.234 81.001 -21843.6 3336.34 -18507.3 53792.1 1.06055
1362000 0.85 300.161 -39.0889 -21787.8 3357.9 -18429.9 53933.9 1.05774
1363000 0.85 299.918 -140.706 -21753.5 3355.18 -18398.3 53963.5 1.05717
1364000 0.85 300.275 -23.3802 -21808.3 3359.17 -18449.1 54042.5 1.05561
1365000 0.85 298.559 -75.0014 -21783.6 3339.98 -18443.6 53984.5 1.05676
1366000 0.85 302.162 63.7541 -21751 3380.28 -18370.7 53721.8 1.06191
1367000 0.85 299.772 23.4324 -21804.7 3353.54 -18451.2 53517.4 1.06597
1368000 0.85 301.6 162.314 -21778 3373.99 -18404 53671.5 1.06291
1369000 0.85 299.432 -113.203 -21776.9 3349.74 -18427.1 53917.5 1.05806
1370000 0.85 300.494 211.699 -21758.6 3361.62 -18396.9 53710.9 1.06216
1371000 0.85 300.686 -6.6234 -21748.6 3363.77 -18384.8 53487.2 1.06659
1372000 0.85 301.947 -45.8063 -21861.2 3377.88 -18483.3 53757.5 1.06121
1373000 0.85 299.706 148.622 -21852.1 3352.8 -18499.3 53687 1.06261
1374000 0.85 301.317 74.9259 -21811.4 3370.82 -18440.6 53837.6 1.05965
1375000 0.85 299.421 -143.661 -21818.6 3349.62 -18469 54016.8 1.05613
1376000 0.85 301.303 -88.0788 -21849 3370.67 -18478.3 53607.6 1.06419
1377000 0.85 301.177 69.8837 -21844.6 3369.26 -18475.4 53856.2 1.05929
1378000 0.85 300.627 191.082 -21884.7 3363.1 -18521.6 53969.5 1.05706
1379000 0.85 300.007 56.5054 -21819.7 3356.17 -18463.5 53860.1 1.05918
1380000 0.85 299.213 -46.7031 -21804.9 3347.28 -18457.6 53607.3 1.06419
1381000 0.85 299.457 265.039 -21779.9 3350.02 -18429.9 53698.5 1.06238
1382000 0.85 300.591 -95.5518 -21795.7 3362.71 -18433 53930.8 1.05781
1383000 0.85 300.466 -53.6016 -21797.2 3361.31 -18435.9 53681.1 1.06273
1384000 0.85 301.315 -30.8681 -21800.7 3370.8 -18429.9 53579.9 1.06473
1385000 0.85 302.032 -113.399 -21830.5 3378.82 -18451.7 53532.5 1.06567
1386000 0.85 300.486 99.5864 -21788.5 3361.53 -18426.9 53639.8 1.06354
1387000 0.85 299.376 -101.37 -21672.8 3349.11 -18323.7 53494.1 1.06651
1388000 0.85 300.367 -115.71 -21747.4 3360.2 -18387.2 53505.6 1.0662
1389000 0.85 299.034 -5.02095 -21800.1 3345.29 -18454.8 53477.2 1.0668
1390000 0.85 301.913 -57.2304 -21799.2 3377.5 -18421.7 53793.1 1.06053
1391000 0.85 300.588 -19.6038 -21820.2 3362.67 -18457.5 54117.6 1.05415
1392000 0.85 300.026 66.5761 -21853.9 3356.38 -18497.6 54005.6 1.05635
1393000 0.85 299.841 -22.5018 -21837.2 3354.31 -18482.9 53623 1.06394
1394000 0.85 300.765 3.54206 -21865.6 3364.66 -18500.9 53486.8 1.06658
1395000 0.85 301.228 -134.521 -21831.8 3369.83 -18462 53635.4 1.06363
1396000 0.85 299.733 -212.518 -21736.7 3353.11 -18383.6 53617.5 1.06398
1397000 0.85 300.84 28.8346 -21819.9 3365.49 -18454.4 53709.1 1.06218
1398000 0.85 300.167 112.097 -21877.5 3357.96 -18519.6 53590.4 1.06453
1399000 0.85 298.52 0.641119 -21848.3 3339.53 -18508.8 53682.6 1.06269
1400000 0.85 299.632 -42.1651 -21789.8 3351.97 -18437.8 53684.3 1.06265
1401000 0.85 299.591 -85.6963 -21757.1 3351.52 -18405.6 53854.4 1.0593
1402000 0.85 299.769 -44.5578 -21769 3353.51 -18415.5 53414.4 1.06803
1403000 0.85 300.674 162.463 -21786.8 3363.64 -18423.2 52873.2 1.07896
1404000 0.85 299.629 128.41 -21747.1 3351.95 -18395.1 53909.6 1.05822
1405000 0.85 300.103 45.8109 -21722 3357.24 -18364.8 53726.8 1.06182
1406000 0.85 301.058 101.84 -21727.2 3367.94 -18359.2 53949 1.05745
1407000 0.85 300.133 35.0422 -21796.9 3357.58 -18439.3 53784.4 1.06069
1408000 0.85 301.625 250.004 -21802.7 3374.27 -18428.5 53930.1 1.05783
1409000 0.85 299.477 -40.3489 -21785.6 3350.24 -18435.4 53786.4 1.06066
1410000 0.85 298.751 -75.2912 -21810.2 3342.12 -18468.1 53963 1.05719
1411000 0.85 301.171 58.6378 -21793.5 3369.2 -18424.3 53972.9 1.05699
1412000 0.85 298.83 93.9632 -21784.6 3343.01 -18441.6 53618.9 1.06397
1413000 0.85 298.285 -220.136 -21809.6 3336.91 -18472.6 53467.8 1.06696
1414000 0.85 301.26 -265.943 -21797.8 3370.18 -18427.6 54009.6 1.05628
1415000 0.85 300.268 -55.4297 -21823.7 3359.09 -18464.6 54104.4 1.05441
1416000 0.85 301.202 -42.1796 -21805.2 3369.54 -18435.7 53674.2 1.06288
1417000 0.85 298.665 262.413 -21809.3 3341.15 -18468.2 53532.5 1.06569
1418000 0.85 299.503 -70.2331 -21842.3 3350.53 -18491.8 53638 1.06357
1419000 0.85 299.589 -118.654 -21837 3351.5 -18485.5 53550.8 1.06531
1420000 0.85 300.209 -87.6863 -21810.9 3358.44 -18452.5 53292.2 1.07049
1421000 0.85 299.897 5.13898 -21793.9 3354.94 -18439 53407.5 1.06818
1422000 0.85 300.447 246.812 -21757.6 3361.09 -18396.5 53498.3 1.06637
1423000 0.85 299.286 21.1028 -21783.2 3348.1 -18435.1 53848.7 1.05942
1424000 0.85 300.01 195.294 -21700.7 3356.21 -18344.5 53837.3 1.05964
1425000 0.85 299.143 41.6761 -21740.3 3346.51 -18393.8 53846 1.05947
1426000 0.85 300.145 -123.732 -21696.3 3357.72 -18338.5 54008.8 1.05628
1427000 0.85 301.224 195.899 -21720.1 3369.79 -18350.3 53755.7 1.06124
1428000 0.85 298.631 13.686 -21779.5 3340.78 -18438.7 54127.2 1.05396
1429000 0.85 300.51 319.145 -21829.1 3361.8 -18467.3 53913.2 1.05817
1430000 0.85 297.636 193.566 -21796 3329.65 -18466.4 53715.4 1.06206
1431000 0.85 299.994 -246.591 -21824.4 3356.03 -18468.4 53997.8 1.0565
1432000 0.85 301.523 -48.9897 -21806.2 3373.13 -18433.1 53886.5 1.05866
1433000 0.85 298.578 51.1948 -21787.3 3340.19 -18447.1 54254.7 1.05148
1434000 0.85 299.72 -60.2364 -21783.3 3352.96 -18430.3 54338.6 1.04986
1435000 0.85 300.224 -121.342 -21779.8 3358.6 -18421.2 53966.8 1.0571
1436000 0.85 301.449 -162.286 -21782.2 3372.3 -18409.9 53973.1 1.05697
1437000 0.85 300.144 47.7693 -21803.3 3357.71 -18445.5 53663.6 1.06306
1438000 0.85 302.217 74.426 -21793.5 3380.9 -18412.6 53855.1 1.0593
1439000 0.85 298.98 92.4232 -21822.7 3344.69 -18478 53872 1.05896
1440000 0.85 301.06 142.206 -21832.5 3367.95 -18464.5 53514.8 1.06603
1441000 0.85 299.645 20.7418 -21837.1 3352.12 -18484.9 54148.2 1.05356
1442000 0.85 299.72 -44.1664 -21826.4 3352.96 -18473.5 54028.6 1.05591
1443000 0.85 300.503 31.97 -21839.5 3361.72 -18477.8 53521.4 1.06589
1444000 0.85 298.556 32.2804 -21771.6 3339.94 -18431.6 54026.8 1.05592
1445000 0.85 299.952 154.332 -21736.3 3355.56 -18380.8 53829.9 1.05978
1446000 0.85 301.232 -45.2717 -21793.2 3369.88 -18423.3 53904.3 1.05835
1447000 0.85 298.276 -99.8554 -21748.6 3336.8 -18411.8 53879.7 1.05881
1448000 0.85 299.757 55.5693 -21769.7 3353.37 -18416.3 53612.7 1.06407
1449000 0.85 299.004 80.7545 -21836.4 3344.95 -18491.5 53343.8 1.06946
1450000 0.85 300.624 -100.538 -21768.4 3363.08 -18405.3 53616 1.06403
1451000 0.85 299.55 -208.192 -21801.6 3351.06 -18450.5 53600 1.06434
1452000 0.85 300.235 163.638 -21816.7 3358.72 -18457.9 54190 1.05275
1453000 0.85 301.646 -28.8241 -21847.2 3374.51 -18472.7 53977.1 1.05689
1454000 0.85 300.813 53.1503 -21809.1 3365.18 -18443.9 53771.3 1.06094
1455000 0.85 300.186 -135.127 -21785.5 3358.18 -18427.3 53531.8 1.06571
1456000 0.85 299.547 -60.0204 -21779 3351.02 -18428 53790.6 1.06057
1457000 0.85 299.598 2.82068 -21815.7 3351.6 -18464.1 53513.1 1.06607
1458000 0.85 299.424 145.492 -21756.4 3349.65 -18406.8 53679.1 1.06279
1459000 0.85 301.93 82.1412 -21799.8 3377.69 -18422.1 53665.3 1.06304
1460000 0.85 299.24 2.24807 -21854.1 3347.6 -18506.5 53550.6 1.06531
1461000 0.85 300.396 9.55921 -21809.4 3360.53 -18448.9 53773.5 1.0609
1462000 0.85 300.944 -17.8447 -21834.7 3366.66 -18468.1 53930 1.05783
1463000 0.85 299.42 171.505 -21771.3 3349.61 -18421.7 53761.7 1.06114
1464000 0.85 300.013 84.0504 -21776.7 3356.24 -18420.4 53620.2 1.06395
1465000 0.85 298.784 2.34048 -21790.9 3342.5 -18448.4 54052.8 1.05543
1466000 0.85 299.55 -89.4484 -21758.7 3351.06 -18407.6 54126.2 1.05398
1467000 0.85 297.609 -1.50739 -21807.5 3329.34 -18478.2 53972.2 1.057
1468000 0.85 300.926 92.1293 -21829.8 3366.46 -18463.4 53736.3 1.06163
1469000 0.85 300.817 -53.358 -21821 3365.23 -18455.8 54102.9 1.05445
1470000 0.85 297.774 46.6726 -21765.9 3331.19 -18434.7 54041.5 1.05563
1471000 0.85 299.624 96.0771 -21777 3351.88 -18425.1 53768.5 1.061
1472000 0.85 300.487 -76.0026 -21745.1 3361.54 -18383.5 53737.1 1.06163
1473000 0.85 299.383 -202.89 -21752.6 3349.2 -18403.4 53559.2 1.06514
1474000 0.85 301.376 -107.998 -21832.7 3371.49 -18461.2 53530.5 1.06572
1475000 0.85 299.769 18.2568 -21844.2 3353.51 -18490.7 53627.9 1.06377
1476000 0.85 301.373 19.0237 -21822 3371.45 -18450.6 53535.1 1.06568
1477000 0.85 299.758 -81.7744 -21779.1 3353.38 -18425.7 53843.6 1.05952
1478000 0.85 299.964 -54.5272 -21787.4 3355.69 -18431.7 54006.5 1.05632
1479000 0.85 299.996 -147.121 -21787.2 3356.05 -18431.1 53769.4 1.06099
1480000 0.85 299.111 176.102 -21751.7 3346.15 -18405.6 53858.9 1.05921
1481000 0.85 301.327 -187.709 -21783.1 3370.94 -18412.1 53487.2 1.06659
1482000 0.85 300.064 -82.1013 -21742.6 3356.82 -18385.8 53680.3 1.06273
1483000 0.85 300.925 134.524 -21752 3366.45 -18385.6 53991.2 1.05663
1484000 0.85 300.146 90.5679 -21807.6 3357.72 -18449.9 54041.6 1.05563
1485000 0.85 299.179 212.658 -21761.5 3346.91 -18414.6 54217 1.05221
1486000 0.85 299.56 -164.044 -21729.7 3351.17 -18378.5 54232 1.05197
1487000 0.85 300.762 87.9796 -21801.9 3364.62 -18437.3 53695.2 1.06247
1488000 0.85 300.411 -204.226 -21848.6 3360.69 -18487.9 53716.5 1.06202
1489000 0.85 300.487 194.016 -21835.4 3361.54 -18473.8 54067 1.05514
1490000 0.85 298.958 -161.758 -21835.5 3344.44 -18491.1 54058.9 1.05531
1491000 0.85 301.691 73.0153 -21816.1 3375.02 -18441.1 53920.2 1.05804
1492000 0.85 299.586 -123.426 -21866.7 3351.46 -18515.2 53670.5 1.06293
1493000 0.85 300.87 -147.228 -21789.2 3365.82 -18423.4 53564.2 1.06504
1494000 0.85 297.819 188.86 -21833.8 3331.7 -18502.1 53493.1 1.06649
1495000 0.85 301.502 193.083 -21857.1 3372.9 -18484.2 53588.7 1.06456
1496000 0.85 300.631 20.777 -21810.5 3363.16 -18447.3 53863.9 1.05912
1497000 0.85 299.003 145.287 -21775.6 3344.94 -18430.7 53968.4 1.05707
1498000 0.85 299.83 17.1799 -21832.2 3354.19 -18478 54016.7 1.05612
1499000 0.85 299.433 -27.1705 -21801.6 3349.76 -18451.8 53598.4 1.06436
1500000 0.85 300.395 67.5471 -21761.6 3360.52 -18401.1 53632.9 1.06367
1501000 0.85 302.081 19.58 -21789.9 3379.38 -18410.5 53511 1.06614
1502000 0.85 298.419 184.133 -21738.7 3338.41 -18400.3 53410.3 1.0681
1503000 0.85 301.54 -121.536 -21740.5 3373.32 -18367.2 53733.5 1.06172
1504000 0.85 298.768 -99.2286 -21791.8 3342.32 -18449.5 53745.3 1.06145
1505000 0.85 298.297 50.159 -21819.8 3337.04 -18482.8 53896.2 1.05851
1506000 0.85 299.229 142.899 -21771.2 3347.47 -18423.7 53859.2 1.05922
1507000 0.85 300.948 123.613 -21854.3 3366.7 -18487.6 53821.9 1.05995
1508000 0.85 300.473 30.2487 -21826.5 3361.39 -18465.1 53528.5 1.06575
1509000 0.85 301.017 149.89 -21825.4 3367.47 -18457.9 53399.4 1.06834
1510000 0.85 300.241 -76.6459 -21772.9 3358.79 -18414.1 53444.6 1.06744
1511000 0.85 299.602 241.656 -21806.7 3351.64 -18455.1 53611.3 1.06415
1512000 0.85 300.525 -148.435 -21809.9 3361.97 -18447.9 53936.4 1.0577
1513000 0.85 299.218 199.892 -21751.7 3347.34 -18404.3 53697.6 1.0624
1514000 0.85 300.601 -58.5193 -21788.7 3362.81 -18425.9 53618.1 1.06397
1515000 0.85 301.297 16.1173 -21807.3 3370.61 -18436.6 53962.8 1.05719
1516000 0.85 301.583 -63.1306 -21764.4 3373.81 -18390.6 53958.8 1.05725
1517000 0.85 300.7 127.517 -21737.1 3363.92 -18373.2 53844 1.05951
1518000 0.85 300.748 -7.99624 -21817.8 3364.47 -18453.4 53909.1 1.05824
1519000 0.85 297.836 2.77613 -21818.2 3331.88 -18486.3 54070.8 1.05507
1520000 0.85 299.027 114.544 -21819.6 3345.21 -18474.4 54010.8 1.05625
1521000 0.85 301.6 115.123 -21766.6 3373.99 -18392.6 53896.3 1.05848
1522000 0.85 301.25 2.41048 -21756.9 3370.08 -18386.9 53560.1 1.06512
1523000 0.85 298.668 75.423 -21762.7 3341.2 -18421.5 53535.2 1.06563
1524000 0.85 300.984 -1.477 -21782.8 3367.1 -18415.7 53753.6 1.06129
1525000 0.85 299.403 -139.306 -21784.1 3349.41 -18434.7 53704.7 1.06225
1526000 0.85 300.069 13.4777 -21884.8 3356.86 -18527.9 53657.6 1.06318
1527000 0.85 298.52 -61.3302 -21826.8 3339.53 -18487.2 53804.4 1.06029
1528000 0.85 299.282 -173.8 -21813.2 3348.07 -18465.2 53623.1 1.06388
1529000 0.85 301.961 202.251 -21859.9 3378.03 -18481.9 53753 1.06131
1530000 0.85 299.943 64.6216 -21855.8 3355.45 -18500.4 53879.7 1.0588
1531000 0.85 299.046 -116.393 -21853 3345.42 -18507.6 53601 1.06431
1532000 0.85 300.569 11.9036 -21811.1 3362.46 -18448.7 53301.7 1.07029
1533000 0.85 300.576 -59.6361 -21818.8 3362.54 -18456.3 53692.7 1.0625
1534000 0.85 299.18 -17.9622 -21762.1 3346.92 -18415.2 53718.2 1.06199
1535000 0.85 300.621 91.5291 -21767.2 3363.04 -18404.2 53676 1.06283
1536000 0.85 299.846 -113.404 -21812.3 3354.37 -18457.9 53701.9 1.0623
1537000 0.85 302.436 -135.522 -21760.9 3383.35 -18377.5 53964.2 1.05715
1538000 0.85 297.849 4.28165 -21790.6 3332.03 -18458.6 54192.7 1.0527
1539000 0.85 299.038 83.0125 -21824.5 3345.34 -18479.2 54010.4 1.05624
1540000 0.85 300.73 -8.21192 -21811.7 3364.26 -18447.5 54162 1.05329
1541000 0.85 300.412 315.561 -21828.7 3360.7 -18468 53819.7 1.05998
1542000 0.85 297.206 -271.823 -21820.2 3324.84 -18495.4 53930.7 1.05781
1543000 0.85 299.03 -31.5006 -21840 3345.24 -18494.8 53911.7 1.05818
1544000 0.85 301.505 -149.042 -21869.4 3372.94 -18496.5 53889.1 1.05863
1545000 0.85 299.676 -88.86 -21892.4 3352.47 -18539.9 53559.9 1.06513
1546000 0.85 299.856 5.10699 -21832.9 3354.48 -18478.4 53204.8 1.07224
1547000 0.85 300.36 -38.39 -21800.1 3360.12 -18440 53707.3 1.0622
1548000 0.85 300.326 11.6706 -21827.7 3359.75 -18468 53399.5 1.06834
1549000 0.85 298.191 84.7951 -21759.3 3335.85 -18423.5 53490.3 1.0665
1550000 0.85 299.455 150.005 -21806.4 3350 -18456.4 53373.3 1.06885
1551000 0.85 298.602 50.1716 -21799.7 3340.45 -18459.2 53494.2 1.06644
1552000 0.85 299.244 43.7807 -21776 3347.64 -18428.4 53448.7 1.06734
1553000 0.85 300.846 35.7254 -21786.8 3365.56 -18421.3 53793.4 1.06056
1554000 0.85 299.205 36.0465 -21800.1 3347.2 -18452.9 54144.9 1.05365
1555000 0.85 299.882 -119.248 -21852.6 3354.77 -18497.8 53569.2 1.06494
1556000 0.85 299.019 88.7648 -21779.2 3345.12 -18434 53898.7 1.05844
1557000 0.85 298.634 62.0245 -21766.1 3340.82 -18425.3 53468.5 1.06695
1558000 0.85 300.494 104.23 -21769 3361.62 -18407.3 53655.7 1.06323
1559000 0.85 300.425 -73.9426 -21828 3360.85 -18467.1 53533.4 1.06566
1560000 0.85 300.04 -81.0926 -21873.8 3356.54 -18517.2 53727.1 1.06181
1561000 0.85 299.867 174.439 -21766.1 3354.61 -18411.4 54007.4 1.05631
1562000 0.85 301.603 -22.0757 -21768.1 3374.02 -18394 53918.6 1.05804
1563000 0.85 300.004 201.701 -21751.3 3356.14 -18395.2 53808.2 1.06021
1564000 0.85 301.667 -54.6853 -21730.4 3374.74 -18355.7 53876.8 1.05886
1565000 0.85 300.454 -90.2749 -21747.3 3361.17 -18386.1 54022.9 1.05601
1566000 0.85 299.958 109.328 -21764.5 3355.62 -18408.9 53644.4 1.06345
1567000 0.85 299.906 100.233 -21785.2 3355.05 -18430.1 53755.4 1.06126
1568000 0.85 298.513 13.49 -21828.7 3339.46 -18489.3 53658.3 1.06319
1569000 0.85 299.778 151.317 -21756.4 3353.61 -18402.8 53450.7 1.0673
1570000 0.85 300.774 -9.5701 -21787.9 3364.76 -18423.2 53659.3 1.06317
1571000 0.85 299.046 163.338 -21774.7 3345.42 -18429.3 53543 1.06549
1572000 0.85 300.865 300.965 -21840.5 3365.77 -18474.8 53944.9 1.05754
1573000 0.85 299.733 -123.315 -21826.7 3353.11 -18473.6 53870 1.059
1574000 0.85 300.63 262.901 -21870.9 3363.14 -18507.7 53674.4 1.06288
1575000 0.85 300.951 54.877 -21807 3366.73 -18440.3 53713.6 1.06209
1576000 0.85 301.322 125.717 -21760.4 3370.89 -18389.5 53567.2 1.065
1577000 0.85 300.838 -200.114 -21830.2 3365.47 -18464.7 53810.8 1.06016
1578000 0.85 301.985 72.2651 -21818.7 3378.3 -18440.4 54076.4 1.05495
1579000 0.85 300.001 -29.5618 -21776.7 3356.1 -18420.6 53998.6 1.05647
1580000 0.85 301.997 1.20398 -21817.2 3378.43 -18438.8 53971.7 1.05701
1581000 0.85 299.621 15.0638 -21783.9 3351.85 -18432.1 53846.6 1.05945
1582000 0.85 301.261 409.215 -21818 3370.2 -18447.8 53783.4 1.06071
1583000 0.85 301.352 -166.674 -21834.1 3371.21 -18462.9 54021.9 1.05602
1584000 0.85 299.065 -35.7093 -21770.3 3345.63 -18424.7 54008.7 1.05628
1585000 0.85 300.145 -38.1669 -21830.9 3357.72 -18473.2 53985 1.05675
1586000 0.85 300.674 -187.208 -21851.1 3363.64 -18487.4 54010.4 1.05624
1587000 0.85 298.534 412.797 -21808.5 3339.69 -18468.8 53643.4 1.06348
1588000 0.85 301.735 0.169491 -21783.3 3375.51 -18407.8 53894.8 1.05851
1589000 0.85 298.841 0.683504 -21760.9 3343.13 -18417.8 53817.7 1.06003
1590000 0.85 301.444 54.5917 -21810.3 3372.25 -18438.1 54146.3 1.05361
1591000 0.85 302.295 131.075 -21732.6 3381.77 -18350.8 53799.4 1.06041
1592000 0.85 298.746 -1.03415 -21820.9 3342.07 -18478.8 53645 1.06343
1593000 0.85 299.499 172.183 -21825 3350.48 -18474.6 53738.5 1.06158
1594000 0.85 299.719 97.6075 -21787.1 3352.95 -18434.2 53984.5 1.05677
1595000 0.85 300.398 -117.881 -21844 3360.54 -18483.5 53894.9 1.05852
1596000 0.85 301.142 82.1469 -21807.7 3368.87 -18438.8 53722.5 1.0619
1597000 0.85 297.949 -38.2348 -21772.1 3333.15 -18438.9 53486.3 1.0666
1598000 0.85 299.734 -47.9566 -21773 3353.12 -18419.9 53600.9 1.06433
1599000 0.85 300.727 -2.68516 -21814.1 3364.23 -18449.9 53398.3 1.06836
1600000 0.85 301.316 21.9208 -21789.5 3370.82 -18418.7 53593.9 1.06447
