# Time-averaged data for fix thermo_avg_npt
# TimeStep v_epsilon_co v_temp v_press v_pe v_ke v_etotal v_vol v_dens
101000 1.05 299.604 144.681 -22298 3351.67 -18946.4 53326.1 1.06979
102000 1.05 297.389 169.087 -22237.8 3326.89 -18910.9 53463.2 1.06704
103000 1.05 300.823 -98.2076 -22229.5 3365.3 -18864.2 53460.1 1.06711
104000 1.05 300.973 44.7982 -22319.4 3366.98 -18952.4 53372.2 1.06886
105000 1.05 299.62 -2.07904 -22274.7 3351.85 -18922.8 53547.2 1.06537
106000 1.05 301.774 -76.5361 -22264.2 3375.95 -18888.3 53414.1 1.06803
107000 1.05 301.45 -33.1898 -22283 3372.32 -18910.6 53103.2 1.07428
108000 1.05 299.358 52.0993 -22254 3348.91 -18905.1 53213.2 1.07206
109000 1.05 300.203 -143.133 -22232.8 3358.36 -18874.4 53310.6 1.0701
110000 1.05 299.978 233.203 -22306.4 3355.85 -18950.5 53134.1 1.07366
111000 1.05 298.784 -271.601 -22254 3342.49 -18911.5 53679.8 1.06274
112000 1.05 297.867 -3.97749 -22283.9 3332.24 -18951.6 53304.8 1.07023
113000 1.05 300.586 -42.436 -22254.4 3362.65 -18891.8 52815.1 1.08014
114000 1.05 298.7 108.26 -22249.3 3341.55 -18907.7 52918.5 1.07804
115000 1.05 301.898 -157.654 -22279.8 3377.32 -18902.5 53694.7 1.06246
116000 1.05 297.775 -230.638 -22234.3 3331.21 -18903.1 53757.8 1.0612
117000 1.05 299.847 -175.567 -22240.5 3354.38 -18886.2 53289.3 1.07053
118000 1.05 300.27 481.003 -22297.9 3359.12 -18938.8 52726.7 1.08195
119000 1.05 299.737 -74.9849 -22262.2 3353.15 -18909 53263.5 1.07106
120000 1.05 300.033 -319.945 -22301.8 3356.47 -18945.3 53484.3 1.06662
121000 1.05 299.961 -202.74 -22282.9 3355.65 -18927.2 53442.5 1.06746
122000 1.05 300.628 23.6927 -22304.6 3363.12 -18941.5 53285.9 1.07059
123000 1.05 299.287 39.7368 -22270.1 3348.11 -18922 53225.9 1.0718
124000 1.05 298.428 -24.4283 -22322.6 3338.51 -18984.1 53260.4 1.0711
125000 1.05 300.084 -133.288 -22312.7 3357.03 -18955.7 53367.5 1.06896
126000 1.05 301.635 -190.961 -22199.8 3374.38 -18825.4 53576.3 1.06479
127000 1.05 299.033 -105.799 -22238.2 3345.28 -18892.9 53329.8 1.06971
128000 1.05 299.81 -129.509 -22242.3 3353.97 -18888.4 53348.2 1.06934
129000 1.05 299.693 13.765 -22252.3 3352.66 -18899.7 53208.5 1.07215
130000 1.05 297.518 164.726 -22284.9 3328.32 -18956.5 53158.5 1.07316
131000 1.05 299.591 -140.385 -22246.3 3351.51 -18894.8 53653.8 1.06325
132000 1.05 301.53 -10.4449 -22305.3 3373.21 -18932.1 53351.3 1.0693
133000 1.05 298.591 152.302 -22286 3340.33 -18945.7 52995 1.07647
134000 1.05 300.744 -97.4023 -22288.1 3364.41 -18923.7 53359.3 1.06912
135000 1.05 300.073 -22.1696 -22261.6 3356.91 -18904.7 53581.9 1.06468
136000 1.05 298.541 274.356 -22269.9 3339.78 -18930.1 53569 1.06494
137000 1.05 300.253 -69.5132 -22265.9 3358.92 -18907 53596.4 1.0644
138000 1.05 297.77 281.939 -22271.7 3331.15 -18940.5 53006.7 1.07624
139000 1.05 301.906 184.349 -22256.7 3377.41 -18879.3 52994.4 1.07649
140000 1.05 299.917 -143.527 -22258.9 3355.16 -18903.7 53854.6 1.0593
141000 1.05 297.507 -5.47576 -22274.7 3328.21 -18946.5 53850.9 1.05936
142000 1.05 300.281 -520.122 -22231.1 3359.24 -18871.9 53600.4 1.06431
143000 1.05 299.127 21.5765 -22272.9 3346.33 -18926.6 53069.7 1.07496
144000 1.05 299.899 23.329 -22370.3 3354.97 -19015.3 52821.6 1.08
145000 1.05 299.431 -206.537 -22287.1 3349.72 -18937.4 53075 1.07485
146000 1.05 300.865 45.4483 -22251.9 3365.77 -18886.1 53274.2 1.07083
147000 1.05 299.373 99.8506 -22250.3 3349.08 -18901.3 53620.3 1.06392
148000 1.05 301.085 360.99 -22204.6 3368.23 -18836.3 53180.4 1.07272
149000 1.05 300.637 172.799 -22275.8 3363.22 -18912.6 53100.4 1.07434
150000 1.05 301.277 -5.97516 -22245.9 3370.38 -18875.5 53599.4 1.06434
151000 1.05 298.69 -379.856 -22315 3341.44 -18973.5 53536.9 1.0656
152000 1.05 300.114 148.301 -22289.7 3357.37 -18932.3 53014.8 1.07607
153000 1.05 298.889 -185.836 -22245.2 3343.66 -18901.6 53555.4 1.06522
154000 1.05 302.531 38.5797 -22249.4 3384.41 -18865 53930.7 1.05779
155000 1.05 299.66 -285.569 -22280.2 3352.29 -18927.9 53857.8 1.05923
156000 1.05 298.865 260.305 -22285.1 3343.39 -18941.7 53638.7 1.06355
157000 1.05 299.908 101.57 -22313.2 3355.06 -18958.2 53397.8 1.06836
158000 1.05 299.733 -8.96095 -22278.6 3353.11 -18925.5 53145.3 1.07342
159000 1.05 300.627 12.7403 -22220.8 3363.11 -18857.7 52962.4 1.07713
160000 1.05 298.824 281.044 -22294.1 3342.94 -18951.2 52708.1 1.08233
161000 1.05 299.96 -27.1784 -22311.1 3355.65 -18955.4 53369.4 1.06895
162000 1.05 300.546 -245.403 -22243.8 3362.2 -18881.6 54049.2 1.05547
163000 1.05 299.048 44.4098 -22285.7 3345.44 -18940.2 53466.1 1.06702
164000 1.05 300.295 149.319 -22289.2 3359.39 -18929.8 52953.7 1.07731
165000 1.05 301.194 125.886 -22223.8 3369.45 -18854.3 53330.1 1.06971
166000 1.05 298.696 293.144 -22273.2 3341.5 -18931.7 52992.9 1.07652
167000 1.05 301.275 20.1757 -22324.4 3370.36 -18954 53308.9 1.07014
168000 1.05 301.266 -142.244 -22312.4 3370.26 -18942.1 53445.1 1.0674
169000 1.05 299.054 -4.00018 -22297.7 3345.51 -18952.2 53484.3 1.06662
170000 1.05 299.477 -177.333 -22270 3350.24 -18919.7 53690.9 1.06252
171000 1.05 300.581 -34.9357 -22250.3 3362.6 -18887.7 53597.3 1.06437
172000 1.05 302.409 -241.557 -22207.3 3383.05 -18824.2 53664.7 1.06304
173000 1.05 302.31 16.7353 -22250.5 3381.93 -18868.6 53112.7 1.0741
174000 1.05 298.511 11.1079 -22291.1 3339.43 -18951.6 52967 1.07704
175000 1.05 300.707 355.571 -22194.7 3364.01 -18830.7 53290.3 1.07051
176000 1.05 299.305 -182.823 -22283.7 3348.32 -18935.4 53770.4 1.06095
177000 1.05 301.205 104.925 -22342 3369.57 -18972.4 53453.4 1.06725
178000 1.05 298.82 165.383 -22315.5 3342.9 -18972.6 53072.8 1.07489
179000 1.05 298.743 180.686 -22268.9 3342.03 -18926.9 52917.7 1.07804
180000 1.05 299.49 -179.415 -22240.9 3350.39 -18890.5 53645 1.06346
181000 1.05 300.662 47.6945 -22220.6 3363.5 -18857.1 54036 1.05574
182000 1.05 299.401 196.965 -22250.3 3349.39 -18900.9 53578.5 1.06475
183000 1.05 300.694 26.048 -22197.7 3363.86 -18833.8 53448.7 1.06733
184000 1.05 301.154 138.768 -22168.9 3369 -18799.9 53163.5 1.07306
185000 1.05 299.97 266.414 -22320.7 3355.76 -18964.9 52961.3 1.07717
186000 1.05 299.856 -125.153 -22194.8 3354.48 -18840.3 53640.5 1.06352
187000 1.05 299.722 -79.336 -22203.8 3352.99 -18850.8 53322.2 1.06989
188000 1.05 298.161 167.963 -22285.5 3335.52 -18950 52885.1 1.07871
189000 1.05 301.014 174.982 -22282.7 3367.44 -18915.3 53176.3 1.07281
190000 1.05 300.299 -208.198 -22204.5 3359.43 -18845.1 53620.6 1.06391
191000 1.05 298.971 155.22 -22289.8 3344.58 -18945.2 53578.7 1.06475
192000 1.05 299.397 301.304 -22331.2 3349.35 -18981.9 53077.7 1.07479
193000 1.05 300.991 -41.3901 -22274.7 3367.19 -18907.5 53278.1 1.07075
194000 1.05 300.856 -257.682 -22220.2 3365.67 -18854.6 53401.6 1.06827
195000 1.05 301.514 -105.679 -22278.9 3373.03 -18905.9 53455.9 1.06719
196000 1.05 300.7 -81.1014 -22233 3363.92 -18869.1 53816.3 1.06004
197000 1.05 299.233 125.134 -22312.4 3347.51 -18964.9 53523.7 1.06584
198000 1.05 299.752 131.448 -22309.5 3353.32 -18956.2 53497.1 1.06637
199000 1.05 300.721 -134.35 -22312.5 3364.16 -18948.3 53808.9 1.06019
200000 1.05 300.239 -100.659 -22221.3 3358.77 -18862.5 53944.4 1.05753
201000 1.05 297.939 3.85412 -22254.5 3333.03 -18921.4 53242.2 1.0715
202000 1.05 299.946 5.38132 -22254.9 3355.49 -18899.4 52596.7 1.08462
203000 1.05 301.37 230.444 -22304.4 3371.43 -18932.9 52777.7 1.08091
204000 1.05 298.994 -319.643 -22314.4 3344.83 -18969.6 53175.1 1.07282
205000 1.05 301.492 327.556 -22305.1 3372.79 -18932.3 53080.1 1.07474
206000 1.05 299.278 88.3158 -22265.9 3348.02 -18917.8 53122.6 1.07388
207000 1.05 298.126 -326.258 -22220.4 3335.12 -18885.2 53702.5 1.0623
208000 1.05 301.671 -77.4352 -22182.5 3374.79 -18807.7 53246.1 1.07143
209000 1.05 298.459 12.3018 -22218.6 3338.85 -18879.8 52751.8 1.08143
210000 1.05 300.985 -62.2683 -22199.3 3367.12 -18832.2 53343.4 1.06946
211000 1.05 298.686 -58.7727 -22184.7 3341.4 -18843.3 53738.1 1.06158
212000 1.05 301.217 -128.117 -22196.4 3369.71 -18826.7 53422 1.06787
213000 1.05 299.262 -47.9443 -22248.3 3347.84 -18900.5 53272.4 1.07086
214000 1.05 301.856 -99.0031 -22214.7 3376.86 -18837.9 53487.1 1.06658
215000 1.05 300.661 -126.975 -22238.6 3363.49 -18875.1 53688.6 1.06258
216000 1.05 298.704 478.854 -22357.8 3341.6 -19016.2 53178.1 1.07277
217000 1.05 300.284 -192.5 -22249 3359.27 -18889.7 53905 1.05831
218000 1.05 299.35 168.521 -22281.4 3348.82 -18932.5 53826.7 1.05984
219000 1.05 301.572 -76.6019 -22313 3373.68 -18939.4 53706.2 1.06221
220000 1.05 301.842 -312.875 -22288.7 3376.7 -18912 53428.1 1.06776
221000 1.05 298.944 231.659 -22303.2 3344.28 -18958.9 53031.1 1.07574
222000 1.05 300.162 -229.043 -22225.9 3357.9 -18868 53404 1.06823
223000 1.05 300.774 209.588 -22262.3 3364.75 -18897.6 53214.7 1.07202
224000 1.05 300.475 -27.8515 -22254.9 3361.41 -18893.5 53276.2 1.07079
225000 1.05 300.705 110.447 -22295 3363.98 -18931.1 53138.4 1.07356
226000 1.05 297.824 165.678 -22301.6 3331.75 -18969.8 53302.8 1.07026
227000 1.05 300.259 162.637 -22291.9 3359 -18932.9 53443.6 1.06743
228000 1.05 300.889 -272.742 -22245.7 3366.03 -18879.7 53596.6 1.06439
229000 1.05 300.47 -220.09 -22266.8 3361.35 -18905.5 53547.7 1.06537
230000 1.05 300.243 13.315 -22276.8 3358.82 -18918 52745.2 1.08159
231000 1.05 299.136 281.538 -22294.6 3346.43 -18948.2 52672.6 1.08309
232000 1.05 299.634 -155.313 -22313.4 3351.99 -18961.4 53505.4 1.06621
233000 1.05 299.989 -411.03 -22292.1 3355.97 -18936.1 53715.8 1.06202
234000 1.05 301.154 -189.216 -22288.1 3369 -18919.1 53399.1 1.06834
235000 1.05 301.52 94.2598 -22334.2 3373.1 -18961.1 52995.8 1.07645
236000 1.05 299.639 36.9884 -22275.9 3352.05 -18923.9 53102.9 1.07428
237000 1.05 299.902 283.248 -22279 3354.99 -18924 52887.2 1.07867
238000 1.05 300.011 176.037 -22261.7 3356.22 -18905.5 52955.9 1.07728
239000 1.05 299.262 -217.157 -22232.3 3347.84 -18884.4 53622.5 1.06388
240000 1.05 299.474 197.16 -22305.4 3350.21 -18955.2 53325.6 1.0698
241000 1.05 301.749 -42.9047 -22257.6 3375.66 -18881.9 53116.9 1.07401
242000 1.05 299.84 415.764 -22326 3354.3 -18971.7 52986.4 1.07665
243000 1.05 299.752 -214.798 -22235.9 3353.32 -18882.6 53394 1.06843
244000 1.05 300.457 263.707 -22291.4 3361.21 -18930.1 53183.9 1.07265
245000 1.05 298.779 -140.209 -22262.1 3342.43 -18919.7 53511.3 1.06609
246000 1.05 299.089 181.595 -22256.2 3345.9 -18910.3 53331.5 1.06968
247000 1.05 298.701 44.119 -22255.1 3341.57 -18913.5 53137.9 1.07358
248000 1.05 301.675 -261.536 -22207.5 3374.83 -18832.6 53670.8 1.06292
249000 1.05 300.6 145.072 -22241 3362.8 -18878.2 53182 1.07271
250000 1.05 299.414 100.723 -22276.6 3349.54 -18927 52768.6 1.08109
251000 1.05 300.892 7.87156 -22283.8 3366.08 -18917.7 53004.9 1.07627
252000 1.05 298.02 49.2138 -22237.5 3333.95 -18903.5 53354.9 1.06921
253000 1.05 299.863 -160.226 -22252.4 3354.56 -18897.8 53001.3 1.07637
254000 1.05 299.657 292.018 -22292 3352.25 -18939.7 52680.5 1.0829
255000 1.05 299.214 -90.6405 -22235.5 3347.3 -18888.2 53261.6 1.07109
256000 1.05 298.262 -39.6227 -22203.1 3336.66 -18866.5 53274.4 1.07082
257000 1.05 300.209 402.959 -22265 3358.43 -18906.6 53029.5 1.07577
258000 1.05 299.823 -52.0661 -22252.5 3354.11 -18898.4 53330.2 1.0697
259000 1.05 299.176 123.067 -22237.2 3346.87 -18890.4 53243.5 1.07144
260000 1.05 301.295 -139.588 -22261.1 3370.58 -18890.5 53385.4 1.0686
261000 1.05 297.29 390.06 -22239.3 3325.78 -18913.5 53348.8 1.06933
262000 1.05 300.893 -343.902 -22281.3 3366.08 -18915.2 53514.9 1.06601
263000 1.05 299.798 -40.153 -22281.9 3353.84 -18928.1 53141.8 1.0735
264000 1.05 301.615 34.3205 -22246 3374.16 -18871.9 53044.1 1.07547
265000 1.05 300.7 -391.222 -22189.7 3363.93 -18825.8 53503.9 1.06623
266000 1.05 298.269 318.536 -22272.8 3336.73 -18936.1 53115.1 1.07404
267000 1.05 300.225 -243.088 -22249.5 3358.61 -18890.8 53241.3 1.0715
268000 1.05 299.639 -125.08 -22180.2 3352.06 -18828.2 53693.4 1.06247
269000 1.05 301.27 -150.58 -22291.4 3370.3 -18921.1 53369.4 1.06893
270000 1.05 300.47 138.059 -22280 3361.35 -18918.7 52910.7 1.07819
271000 1.05 299.358 -114.11 -22247 3348.91 -18898.1 53502.9 1.06627
272000 1.05 299.661 103.239 -22335 3352.3 -18982.7 53529.1 1.06573
273000 1.05 301.068 -103.742 -22310.6 3368.04 -18942.5 53223.6 1.07184
274000 1.05 299.144 -121.154 -22303 3346.52 -18956.4 53363.6 1.06904
275000 1.05 299.846 57.3417 -22301.2 3354.37 -18946.9 53538.2 1.06555
276000 1.05 300.294 -56.803 -22284.4 3359.38 -18925 53368.1 1.06895
277000 1.05 298.141 418.055 -22260 3335.3 -18924.7 52999.4 1.07638
278000 1.05 299.045 -195.461 -22181.6 3345.41 -18836.2 53479.2 1.06674
279000 1.05 299.532 192.892 -22269.1 3350.85 -18918.3 53120.8 1.07394
280000 1.05 298.392 387.349 -22266.3 3338.1 -18928.2 53031.1 1.07574
281000 1.05 299.259 -154.499 -22238 3347.8 -18890.2 53592.5 1.06447
282000 1.05 299.288 242.905 -22236 3348.13 -18887.8 53275.6 1.07081
283000 1.05 300.52 -333.602 -22122.2 3361.92 -18760.3 53617.8 1.06397
284000 1.05 301.761 173.056 -22248.2 3375.79 -18872.4 53177.1 1.07282
285000 1.05 299.094 408.916 -22332.4 3345.96 -18986.4 52911.8 1.07819
286000 1.05 300.458 -245.222 -22278.2 3361.22 -18917 53850.6 1.05937
287000 1.05 298.983 65.3889 -22309.2 3344.71 -18964.5 53567.4 1.06498
288000 1.05 298.628 250.697 -22302.3 3340.74 -18961.5 53063.3 1.07509
289000 1.05 301.658 65.6907 -22198.7 3374.64 -18824 52992.9 1.07651
290000 1.05 298.514 -78.5186 -22194 3339.47 -18854.5 53244.9 1.07142
291000 1.05 300.579 -185.238 -22177.3 3362.58 -18814.7 53501.8 1.06627
292000 1.05 298.565 106.378 -22221.5 3340.04 -18881.5 53123.5 1.07387
293000 1.05 300.05 231.616 -22239.3 3356.65 -18882.7 53186.9 1.07259
294000 1.05 299.365 107.784 -22278.1 3348.99 -18929.1 53489.1 1.06653
295000 1.05 300.032 115.044 -22349.7 3356.45 -18993.3 53609 1.06414
296000 1.05 300.608 -47.3734 -22286 3362.9 -18923.1 53282.1 1.07068
297000 1.05 299.4 222.424 -22252.2 3349.38 -18902.8 53062.3 1.07511
298000 1.05 301.699 -516.693 -22213.4 3375.1 -18838.3 53718.4 1.06198
299000 1.05 299.671 -90.8923 -22239 3352.42 -18886.6 53326.8 1.06978
300000 1.05 302.43 -52.8236 -22263.2 3383.28 -18879.9 53105.7 1.07423
301000 1.05 300.755 145.342 -22233.2 3364.54 -18868.7 53308.5 1.07014
302000 1.05 298.372 -160.873 -22195.9 3337.88 -18858 53589.9 1.06455
303000 1.05 302.124 213.731 -22262.1 3379.85 -18882.3 53139.8 1.07355
304000 1.05 301.691 -88.8762 -22315.7 3375.01 -18940.7 53637.4 1.0636
305000 1.05 299.531 -89.7805 -22322.8 3350.85 -18971.9 53611.5 1.06409
306000 1.05 299.383 33.4065 -22268.1 3349.19 -18918.9 53498.9 1.06634
307000 1.05 301.559 -59.6559 -22239.4 3373.54 -18865.8 53402.4 1.06829
308000 1.05 302.854 -56.5866 -22293.8 3388.02 -18905.7 53552.1 1.06527
309000 1.05 298.816 -3.3228 -22252.4 3342.85 -18909.5 53381.4 1.06868
310000 1.05 298.999 318.821 -22292 3344.9 -18947.1 53250.4 1.07131
311000 1.05 299.334 185.028 -22297.3 3348.65 -18948.6 53026.5 1.07583
312000 1.05 299.534 -93.0533 -22260.6 3350.89 -18909.7 53329.4 1.06973
313000 1.05 298.451 8.22507 -22249.6 3338.77 -18910.8 53145.8 1.07345
314000 1.05 301.244 -91.7064 -22190.5 3370.01 -18820.5 53683.7 1.06267
315000 1.05 299.267 184.153 -22261.8 3347.89 -18913.9 53253.1 1.07127
316000 1.05 302.033 68.5481 -22269.1 3378.84 -18890.3 52988.9 1.0766
317000 1.05 300.782 -77.2345 -22246.7 3364.85 -18881.9 53228.7 1.07176
318000 1.05 300.342 45.156 -22286.8 3359.92 -18926.9 53351.5 1.06928
319000 1.05 299.609 -80.015 -22301.7 3351.72 -18950 53532.9 1.0657
320000 1.05 299.943 22.9357 -22261.6 3355.46 -18906.2 53394.6 1.06842
321000 1.05 301.085 -52.5788 -22255.5 3368.23 -18887.3 53327.9 1.06977
322000 1.05 300.745 -116.286 -22241 3364.43 -18876.6 53563.6 1.06505
323000 1.05 299.1 -51.4553 -22256.3 3346.03 -18910.3 53252.3 1.07132
324000 1.05 300.862 33.5133 -22210.9 3365.73 -18845.2 52997.5 1.07642
325000 1.05 301.079 -139.871 -22273.3 3368.17 -18905.1 53486.2 1.06659
326000 1.05 302.813 121.571 -22253.9 3387.57 -18866.3 53501.1 1.0663
327000 1.05 298.691 120.69 -22220.1 3341.45 -18878.6 53329.8 1.06972
328000 1.05 300.018 207.519 -22236.7 3356.29 -18880.4 53499.1 1.06634
329000 1.05 299.245 -10.6941 -22315.5 3347.65 -18967.9 53298.2 1.07036
330000 1.05 299.557 2.5354 -22292.5 3351.13 -18941.4 53273.5 1.07086
331000 1.05 299.575 90.811 -22247.6 3351.35 -18896.3 53116.7 1.07401
332000 1.05 298.776 -163.561 -22244 3342.4 -18901.6 52964.3 1.0771
333000 1.05 300.486 -35.4487 -22309.5 3361.54 -18948 53561.3 1.06512
334000 1.05 299.014 -113.827 -22285.5 3345.07 -18940.5 53416.4 1.06802
335000 1.05 297.21 -143.507 -22275.3 3324.89 -18950.4 53457.1 1.0672
336000 1.05 298.394 113.907 -22201.6 3338.12 -18863.5 53477.1 1.06678
337000 1.05 299.354 76.6363 -22267.5 3348.86 -18918.6 53296.7 1.0704
338000 1.05 300.966 263.643 -22239.3 3366.9 -18872.4 53587.2 1.06458
339000 1.05 301.45 -57.5047 -22263.5 3372.32 -18891.2 53537.9 1.06557
340000 1.05 298.498 21.9175 -22298.3 3339.29 -18959 53394.9 1.06841
341000 1.05 300.659 85.0447 -22310.1 3363.46 -18946.6 53282.5 1.07069
342000 1.05 299.824 89.4178 -22252.5 3354.12 -18898.4 53349.6 1.06933
343000 1.05 300.091 12.5986 -22272.7 3357.11 -18915.6 53366.2 1.06901
344000 1.05 299.474 180.814 -22261 3350.21 -18910.8 53415.1 1.06802
345000 1.05 299.89 -19.7721 -22311.9 3354.86 -18957.1 53123.4 1.07389
346000 1.05 298.474 97.6947 -22318.3 3339.02 -18979.3 53076.9 1.07481
347000 1.05 299.955 50.4125 -22333.7 3355.59 -18978.1 53163.7 1.07306
348000 1.05 300.047 152.619 -22273.2 3356.62 -18916.5 53385.3 1.06863
349000 1.05 300.256 115.151 -22234.2 3358.95 -18875.3 53059.2 1.07519
350000 1.05 300.802 123.84 -22248.1 3365.07 -18883 53594.5 1.06444
351000 1.05 300.793 47.7227 -22273.2 3364.96 -18908.3 53206 1.07221
352000 1.05 299.912 -110.367 -22180.9 3355.11 -18825.8 53332.7 1.06967
353000 1.05 299.848 86.3613 -22202 3354.39 -18847.6 53167.9 1.07301
354000 1.05 298.108 171.476 -22216.3 3334.92 -18881.4 53662 1.06309
355000 1.05 300.376 -60.0946 -22309.7 3360.3 -18949.4 53448 1.06735
356000 1.05 299.246 -256.551 -22321 3347.66 -18973.4 53369.6 1.06894
357000 1.05 300.477 -302.768 -22272.3 3361.43 -18910.8 53005.1 1.07627
358000 1.05 301.579 34.9219 -22304.2 3373.75 -18930.4 53400.5 1.06838
359000 1.05 301.376 -206.49 -22247.5 3371.49 -18876 53678.4 1.06279
360000 1.05 300.625 32.2706 -22211.3 3363.09 -18848.2 53757.5 1.06121
361000 1.05 300.712 168.123 -22234.8 3364.06 -18870.8 53576.6 1.06479
362000 1.05 299.089 -317.826 -22248.8 3345.9 -18902.9 53730.6 1.06175
363000 1.05 300.736 83.375 -22258.3 3364.33 -18894 53520.5 1.06591
364000 1.05 300.405 -160.62 -22285.2 3360.63 -18924.6 53300 1.07035
365000 1.05 299.562 -80.6275 -22274.7 3351.2 -18923.6 53023.5 1.07592
366000 1.05 301.586 -11.7506 -22268.8 3373.83 -18895 53271.3 1.07089
367000 1.05 296.719 121.418 -22264.8 3319.39 -18945.4 53182 1.07269
368000 1.05 299.477 175.165 -22258.7 3350.24 -18908.4 53204.5 1.07223
369000 1.05 300.298 15.2021 -22272.6 3359.43 -18913.1 52868.3 1.0791
370000 1.05 299.807 -86.6862 -22242.6 3353.93 -18888.7 53012 1.07615
371000 1.05 301.224 84.0256 -22232 3369.79 -18862.2 53175.5 1.07283
372000 1.05 297.954 28.3833 -22270.5 3333.21 -18937.3 53173.4 1.07288
373000 1.05 301.845 -255.245 -22251.4 3376.74 -18874.7 53005.5 1.07626
374000 1.05 299.106 110.299 -22337.8 3346.09 -18991.7 52979.9 1.07679
375000 1.05 299.982 -238.874 -22369.3 3355.89 -19013.4 53523.3 1.06586
376000 1.05 298.982 410.142 -22300.7 3344.71 -18956 53487.5 1.06657
377000 1.05 300.945 -97.8753 -22305.9 3366.67 -18939.2 53625.8 1.06381
378000 1.05 301.07 98.023 -22219.2 3368.07 -18851.2 53456.3 1.06719
379000 1.05 302.005 63.5182 -22306.5 3378.52 -18928 53529.2 1.06576
380000 1.05 298.687 77.4181 -22286.7 3341.41 -18945.3 53312.9 1.07007
381000 1.05 299.455 39.6764 -22213.8 3349.99 -18863.8 53399.7 1.06832
382000 1.05 300.112 70.1238 -22256.7 3357.35 -18899.4 53411.1 1.06811
383000 1.05 299.241 206.088 -22234.8 3347.61 -18887.2 53156.6 1.07325
384000 1.05 300.225 -122.636 -22227.5 3358.62 -18868.9 53030.7 1.07577
385000 1.05 299.281 -139.711 -22234.4 3348.05 -18886.4 53359.5 1.06913
386000 1.05 301.222 -240.738 -22222.9 3369.76 -18853.2 53807.8 1.06024
387000 1.05 302.126 97.4214 -22259.9 3379.88 -18880 53523.1 1.06586
388000 1.05 298.728 130.454 -22243.9 3341.87 -18902 53413 1.06805
389000 1.05 301.166 46.6099 -22210.6 3369.14 -18841.4 53297.8 1.07036
390000 1.05 300.445 144.802 -22285.6 3361.08 -18924.5 53249.8 1.07133
391000 1.05 298.959 -69.1337 -22309 3344.45 -18964.6 53127.3 1.07379
392000 1.05 299.236 166.811 -22284.4 3347.55 -18936.8 53150.6 1.0734
393000 1.05 300.231 -32.9256 -22271.2 3358.68 -18912.5 53667.8 1.063
394000 1.05 301.12 69.0982 -22224.6 3368.63 -18855.9 53620.7 1.06392
395000 1.05 299.179 -46.3032 -22206.2 3346.91 -18859.3 53697.9 1.06239
396000 1.05 298.984 -23.6673 -22229.1 3344.73 -18884.3 53514.9 1.06604
397000 1.05 301.563 47.5353 -22294.7 3373.58 -18921.1 53225.3 1.07182
398000 1.05 297.848 83.9715 -22248.3 3332.02 -18916.3 53079.2 1.07476
399000 1.05 300.433 -10.8559 -22298.8 3360.94 -18937.9 53291.5 1.07051
400000 1.05 298.032 -53.6012 -22288 3334.08 -18953.9 53029.7 1.07578
401000 1.05 299.689 -107.288 -22242.1 3352.62 -18889.5 53431.6 1.06768
402000 1.05 298.921 -99.8893 -22199 3344.02 -18855 53221.7 1.07189
403000 1.05 301.166 -87.6758 -22268 3369.14 -18898.8 53210.2 1.07213
404000 1.05 299.422 101.244 -22277.1 3349.63 -18927.5 53332.6 1.06966
405000 1.05 299.702 -56.796 -22282.4 3352.76 -18929.7 53619.6 1.06402
406000 1.05 300.103 9.40601 -22273.9 3357.25 -18916.6 53791.4 1.06054
407000 1.05 298.625 105.122 -22231.8 3340.72 -18891.1 53344.6 1.06942
408000 1.05 299.045 -154.991 -22235.4 3345.41 -18890 53493.8 1.06643
409000 1.05 299.393 161.076 -22325.2 3349.3 -18975.9 53621 1.0639
410000 1.05 299.427 155.287 -22314.7 3349.68 -18965 53467 1.06698
411000 1.05 300.763 153.897 -22302.6 3364.63 -18938 53382.5 1.06872
412000 1.05 297.55 -227.586 -22295.9 3328.69 -18967.3 53220.2 1.07192
413000 1.05 299.509 -102.058 -22255.1 3350.6 -18904.5 54147.7 1.05357
414000 1.05 298.28 81.2754 -22328.4 3336.85 -18991.5 53857.7 1.05923
415000 1.05 298.595 61.3332 -22298.1 3340.38 -18957.7 53449.1 1.06734
416000 1.05 299.114 -342.548 -22274.7 3346.19 -18928.5 53299.3 1.07033
417000 1.05 299.42 -35.5032 -22236.1 3349.61 -18886.5 53068.5 1.07499
418000 1.05 299.293 107.826 -22256.6 3348.18 -18908.4 53195.9 1.07241
419000 1.05 300.215 22.5594 -22268.1 3358.49 -18909.6 53204.1 1.07225
420000 1.05 298.935 327.3 -22257.5 3344.18 -18913.4 53120.2 1.07396
421000 1.05 299.816 47.681 -22317.8 3354.04 -18963.8 53347.4 1.06938
422000 1.05 299.991 -38.4092 -22306.4 3355.99 -18950.4 53456.7 1.06719
423000 1.05 301.401 -278.312 -22275.2 3371.77 -18903.4 53158.9 1.07316
424000 1.05 298.739 92.0162 -22323.9 3341.99 -18981.9 53280 1.07077
425000 1.05 300.08 -43.6213 -22327.4 3356.99 -18970.4 53483.7 1.06664
426000 1.05 298.853 -104.952 -22266.7 3343.26 -18923.4 53487.9 1.06658
427000 1.05 298.993 316.207 -22252.1 3344.83 -18907.3 53150.6 1.07335
428000 1.05 300.233 10.2789 -22306.8 3358.7 -18948.1 53245.4 1.07142
429000 1.05 299.705 42.4305 -22330 3352.79 -18977.2 53427.4 1.06776
430000 1.05 301.921 147.391 -22234 3377.58 -18856.4 53644.7 1.06345
431000 1.05 300.842 -87.9694 -22301.7 3365.51 -18936.1 53265.3 1.07101
432000 1.05 299.708 81.5573 -22224.4 3352.83 -18871.6 53476.8 1.06678
433000 1.05 299.612 -109.971 -22240 3351.75 -18888.2 53175.5 1.07282
434000 1.05 299.056 -92.0973 -22281.6 3345.53 -18936 53072.2 1.07492
435000 1.05 298.941 -237.76 -22206.8 3344.25 -18862.6 53280.8 1.07073
436000 1.05 300.328 68.2306 -22253.8 3359.77 -18894.1 53285.8 1.0706
437000 1.05 300.584 -181.151 -22249.1 3362.63 -18886.5 53495 1.06644
438000 1.05 301.734 80.8905 -22238 3375.5 -18862.5 53041 1.07555
439000 1.05 299.638 98.914 -22297.1 3352.04 -18945 53184.4 1.07265
440000 1.05 299.79 -55.7203 -22317.8 3353.75 -18964 53433.3 1.0677
441000 1.05 301.952 122.306 -22227.8 3377.94 -18849.8 53325.5 1.0698
442000 1.05 299.654 107.426 -22226.5 3352.22 -18874.3 53196.2 1.07243
443000 1.05 299.971 39.6925 -22197 3355.77 -18841.2 53343.4 1.06945
444000 1.05 298.907 -63.117 -22296.8 3343.87 -18953 53408 1.06815
445000 1.05 301.441 4.60088 -22240.1 3372.21 -18867.9 53472.4 1.06687
446000 1.05 300.005 99.4061 -22198.4 3356.15 -18842.2 53546.3 1.06539
447000 1.05 300.507 11.3654 -22189 3361.77 -18827.2 53490.6 1.0665
448000 1.05 299.345 -20.6697 -22181.4 3348.77 -18832.7 53369.1 1.06894
449000 1.05 299.918 125.656 -22281 3355.18 -18925.8 53293.5 1.07045
450000 1.05 300.633 82.4271 -22211.1 3363.17 -18848 53057 1.07523
451000 1.05 301.791 -184.353 -22299.9 3376.13 -18923.8 52914.2 1.07812
452000 1.05 298.303 140.033 -22196.6 3337.1 -18859.5 53202.8 1.07227
453000 1.05 300.118 -50.3185 -22314.5 3357.41 -18957.1 53108.4 1.07417
454000 1.05 301.256 22.6428 -22277.5 3370.14 -18907.4 53545.6 1.06542
455000 1.05 297.86 -75.1327 -22320.8 3332.15 -18988.7 53489.5 1.06653
456000 1.05 299.407 39.5238 -22292.6 3349.45 -18943.2 53247 1.07138
457000 1.05 300.726 36.1019 -22308.1 3364.21 -18943.9 52887.1 1.07868
458000 1.05 300.037 -34.4935 -22199.4 3356.5 -18842.9 53508.9 1.06614
459000 1.05 299.645 -159.366 -22236.3 3352.12 -18884.2 53457.4 1.06716
460000 1.05 300.715 -116.869 -22279.8 3364.09 -18915.7 53439.6 1.06753
461000 1.05 299.278 9.86543 -22245.4 3348.01 -18897.4 53419.5 1.06792
462000 1.05 300.573 7.85525 -22255.4 3362.5 -18892.8 52952.4 1.07734
463000 1.05 299.688 44.9801 -22206.8 3352.61 -18854.2 53174.3 1.07285
464000 1.05 300.372 -184.506 -22290.8 3360.26 -18930.5 53030.5 1.07578
465000 1.05 298.649 8.80906 -22265.9 3340.98 -18924.9 53200.7 1.07232
466000 1.05 298.879 112.067 -22207.3 3343.56 -18863.7 52926.8 1.07789
467000 1.05 300.053 160.451 -22273.5 3356.69 -18916.8 53348.3 1.06939
468000 1.05 300.488 -15.4491 -22305.9 3361.56 -18944.3 53198.1 1.07236
469000 1.05 298.287 -63.5549 -22257.6 3336.93 -18920.6 53426.5 1.06779
470000 1.05 300.773 -114.741 -22290.1 3364.74 -18925.4 53480.7 1.0667
471000 1.05 298.612 30.7033 -22272.4 3340.57 -18931.8 53268.6 1.07095
472000 1.05 300.472 -98.4299 -22286 3361.37 -18924.6 53240.1 1.07153
473000 1.05 302.665 49.9336 -22264.1 3385.91 -18878.2 53370.9 1.06889
474000 1.05 301.052 136.344 -22281.5 3367.86 -18913.6 53287.2 1.07057
475000 1.05 299.933 -126.327 -22272.2 3355.34 -18916.9 53445.2 1.06742
476000 1.05 299.812 256.682 -22296.2 3353.99 -18942.2 53185.2 1.07266
477000 1.05 301.344 -124.288 -22344.5 3371.13 -18973.4 53452.9 1.06725
478000 1.05 299.357 -169.961 -22236.6 3348.9 -18887.7 53565.4 1.06503
479000 1.05 299.814 -95.4723 -22280.9 3354.01 -18926.9 53421.8 1.06788
480000 1.05 298.003 43.3552 -22216.6 3333.75 -18882.9 52885.1 1.07872
481000 1.05 297.563 35.9793 -22237 3328.83 -18908.2 53347.6 1.06938
482000 1.05 301.296 -144.213 -22275.6 3370.59 -18905 53388.5 1.06856
483000 1.05 301.906 -292.707 -22261.7 3377.42 -18884.3 53358.8 1.06914
484000 1.05 301.024 179.27 -22288.9 3367.55 -18921.4 53070 1.07495
485000 1.05 301.749 -55.3518 -22241.4 3375.66 -18865.8 53211.2 1.0721
486000 1.05 301.558 -213.635 -22275 3373.52 -18901.5 53094.9 1.07446
487000 1.05 300.691 -29.5389 -22218.2 3363.83 -18854.3 53090.8 1.07454
488000 1.05 300.389 -31.3934 -22243.3 3360.45 -18882.9 53289.5 1.07053
489000 1.05 299.202 82.1321 -22301.9 3347.16 -18954.8 53240.7 1.07152
490000 1.05 300.606 96.876 -22313.8 3362.88 -18950.9 53216.1 1.07201
491000 1.05 301.393 -192.122 -22363.7 3371.68 -18992 53204.2 1.07228
492000 1.05 299.563 71.2283 -22296.2 3351.21 -18945 53434.2 1.06764
493000 1.05 300.744 60.0084 -22334.6 3364.42 -18970.2 53479.8 1.06672
494000 1.05 301.637 -135.35 -22291.3 3374.4 -18916.9 53349.5 1.06933
495000 1.05 298.036 160.656 -22277.5 3334.13 -18943.4 53388.9 1.06853
496000 1.05 300.293 -167.718 -22278.5 3359.38 -18919.1 53563.7 1.06504
497000 1.05 300.813 -167.962 -22300.2 3365.19 -18935 53368.9 1.06894
498000 1.05 300.716 87.978 -22320.9 3364.1 -18956.8 53309 1.07013
499000 1.05 298.938 -50.4761 -22280 3344.22 -18935.8 53102.1 1.0743
500000 1.05 300.106 -76.2472 -22302.5 3357.28 -18945.2 53241.1 1.07151
501000 1.05 300.995 245.993 -22314.1 3367.23 -18946.8 53464 1.06703
502000 1.05 300.26 15.2847 -22236.4 3359 -18877.4 53464.4 1.06703
503000 1.05 299.898 -181.287 -22241.2 3354.96 -18886.3 53195.9 1.07242
504000 1.05 300.973 28.761 -22267.3 3366.98 -18900.3 53284.6 1.07062
505000 1.05 298.366 130.646 -22189.5 3337.81 -18851.6 53066.5 1.07505
506000 1.05 298.561 -124.807 -22179.7 3340 -18839.7 53412.8 1.06806
507000 1.05 300.799 58.6254 -22217.3 3365.03 -18852.2 53261 1.07109
508000 1.05 298.225 200.917 -22229.5 3336.23 -18893.3 53408 1.06815
509000 1.05 301.016 8.24123 -22268.4 3367.46 -18901 53476.7 1.06678
510000 1.05 301.097 434.061 -22197.5 3368.37 -18829.1 53343.4 1.06945
511000 1.05 301.149 -92.6424 -22265.5 3368.95 -18896.6 53326.1 1.06979
512000 1.05 298.645 -4.85919 -22224.9 3340.94 -18884 53118.6 1.07397
513000 1.05 299.65 93.0516 -22245.2 3352.18 -18893 53036 1.07565
514000 1.05 300.225 121.82 -22270.5 3358.61 -18911.9 53521 1.06592
515000 1.05 301.976 -87.1468 -22218.1 3378.2 -18839.9 53364.6 1.06903
516000 1.05 298.594 116.095 -22305.2 3340.37 -18964.9 53086.7 1.07461
517000 1.05 301.053 -28.0882 -22247.6 3367.87 -18879.7 53426.2 1.06779
518000 1.05 299.056 -185.649 -22254.4 3345.54 -18908.9 53279.6 1.07074
519000 1.05 298.617 265.765 -22265.5 3340.62 -18924.9 52935 1.07769
520000 1.05 299.732 -15.6179 -22247.9 3353.1 -18894.8 53249.6 1.07133
521000 1.05 301.144 -122.169 -22250.1 3368.89 -18881.2 53452.3 1.06726
522000 1.05 299.68 2.7527 -22235.2 3352.51 -18882.7 53484.8 1.06662
523000 1.05 299.584 24.2056 -22279 3351.44 -18927.5 53122.1 1.07391
524000 1.05 300.827 94.9347 -22273.7 3365.34 -18908.4 53826.1 1.05985
525000 1.05 299.64 124.164 -22277.9 3352.07 -18925.8 53406 1.06819
526000 1.05 301.207 70.329 -22255 3369.6 -18885.4 53586.7 1.06461
527000 1.05 300.275 -291.695 -22275.1 3359.17 -18916 53711.1 1.06212
528000 1.05 299.512 199.097 -22210.5 3350.63 -18859.9 53364.8 1.06901
529000 1.05 299.85 -102.702 -22281.3 3354.42 -18926.9 53146.4 1.0734
530000 1.05 299.947 -204.196 -22263.9 3355.5 -18908.4 53473.5 1.06687
531000 1.05 299.42 167.859 -22211.1 3349.61 -18861.5 53059.5 1.07518
532000 1.05 300.53 82.7437 -22305.2 3362.02 -18943.2 53343 1.06947
533000 1.05 301.989 -294.265 -22228.2 3378.35 -18849.9 53399.6 1.06833
534000 1.05 301.492 -40.5537 -22297.6 3372.78 -18924.8 53743.7 1.06151
535000 1.05 300.269 240.154 -22276.5 3359.1 -18917.4 53547.7 1.06537
536000 1.05 298.74 -42.4311 -22290.4 3341.99 -18948.4 53614.6 1.06404
537000 1.05 298.482 21.4424 -22281.2 3339.11 -18942.1 53451.4 1.06728
538000 1.05 299.195 27.3945 -22274 3347.09 -18926.9 53698.8 1.06239
539000 1.05 300.271 -205.495 -22319.4 3359.12 -18960.3 53312.6 1.07006
540000 1.05 300.536 -65.6904 -22216.2 3362.09 -18854.2 53494.7 1.06642
541000 1.05 302.14 83.78 -22246.2 3380.04 -18866.1 53498.8 1.06634
542000 1.05 300.784 190.018 -22187.2 3364.87 -18822.3 53325.9 1.06985
543000 1.05 299.159 105.663 -22226.5 3346.68 -18879.8 53684.7 1.06266
544000 1.05 299.152 -181.203 -22225.9 3346.61 -18879.2 53523.2 1.06585
545000 1.05 300.135 -122.558 -22319.3 3357.6 -18961.7 53571.4 1.06492
546000 1.05 300.192 430.087 -22314.1 3358.25 -18955.8 53447.2 1.0674
547000 1.05 297.994 -74.2199 -22257.7 3333.65 -18924.1 53515.2 1.06602
548000 1.05 300.392 -34.927 -22271.3 3360.48 -18910.8 53800.4 1.06037
549000 1.05 298.32 -102.375 -22291.3 3337.29 -18954 53598.6 1.06435
550000 1.05 297.894 139.683 -22260.5 3332.53 -18927.9 53404.4 1.06823
551000 1.05 299.592 171.374 -22216.2 3351.53 -18864.7 53200.4 1.07232
552000 1.05 300.352 -194.582 -22252.9 3360.03 -18892.9 53053.3 1.07529
553000 1.05 300.009 15.1949 -22279.5 3356.2 -18923.3 53488.4 1.06654
554000 1.05 301.129 14.4058 -22315.7 3368.73 -18947 52762.8 1.08122
555000 1.05 300.439 90.0679 -22255.8 3361 -18894.8 53224.2 1.0719
556000 1.05 301.027 -19.7146 -22287 3367.58 -18919.5 53296.5 1.07039
557000 1.05 299.59 47.7689 -22279.3 3351.51 -18927.8 53287.7 1.07058
558000 1.05 299.502 -161.402 -22218.7 3350.52 -18868.2 53265.6 1.07102
559000 1.05 301.097 -44.8376 -22218.3 3368.37 -18850 53157.6 1.07319
560000 1.05 302.647 38.1999 -22281.1 3385.7 -18895.4 53136.9 1.07361
561000 1.05 300.887 -257.059 -22289.9 3366.01 -18923.8 53376.1 1.06878
562000 1.05 298.774 -24.5286 -22334.2 3342.37 -18991.8 53186.6 1.0726
563000 1.05 300.87 3.15971 -22281.1 3365.82 -18915.3 53350.9 1.06933
564000 1.05 300.618 -214.027 -22258.7 3363 -18895.7 53546.9 1.06539
565000 1.05 300.312 -45.8983 -22253.7 3359.59 -18894.1 53635.2 1.0637
566000 1.05 299.448 92.7521 -22252.9 3349.92 -18902.9 53153.2 1.07333
567000 1.05 301.373 -56.1639 -22208.9 3371.46 -18837.4 53156.5 1.07321
568000 1.05 300.41 -84.7647 -22227.9 3360.68 -18867.2 53540 1.06553
569000 1.05 300.947 -130.036 -22235.5 3366.69 -18868.8 53444.4 1.06742
570000 1.05 299.333 41.4972 -22276.5 3348.64 -18927.8 53219.2 1.07194
571000 1.05 299.724 -105.663 -22262.8 3353 -18909.8 53091.8 1.07456
572000 1.05 299.127 3.71801 -22321.4 3346.33 -18975 53437.5 1.06756
573000 1.05 300.907 35.6413 -22278.2 3366.24 -18911.9 53488.6 1.06656
574000 1.05 300.83 30.0183 -22292.9 3365.38 -18927.5 53878.5 1.05885
575000 1.05 299.062 190.124 -22252.4 3345.6 -18906.8 53662.1 1.06311
576000 1.05 299.739 -17.3102 -22316.4 3353.18 -18963.2 53443.2 1.06744
577000 1.05 299.851 108.166 -22288.2 3354.42 -18933.8 53442.3 1.06747
578000 1.05 300.873 382.668 -22288.1 3365.86 -18922.2 53699.9 1.06235
579000 1.05 301.92 -50.007 -22368.8 3377.58 -18991.2 53412.2 1.06807
580000 1.05 300.272 -66.0669 -22284.1 3359.14 -18924.9 53534.6 1.06562
581000 1.05 299.073 97.6533 -22347.7 3345.72 -19002 53189.4 1.07256
582000 1.05 300.495 48.1217 -22299.2 3361.63 -18937.6 53309.2 1.07013
583000 1.05 298.212 172.351 -22258 3336.09 -18921.9 53227.8 1.07177
584000 1.05 298.389 53.0855 -22345.8 3338.07 -19007.8 52983.5 1.07672
585000 1.05 301.593 76.0292 -22347.1 3373.91 -18973.1 52931.8 1.07776
586000 1.05 299.486 -160.561 -22292.7 3350.35 -18942.3 53096 1.07444
587000 1.05 300.141 17.561 -22243.1 3357.67 -18885.4 53606.5 1.06419
588000 1.05 298.458 -101.551 -22233.8 3338.85 -18895 53269.4 1.07093
589000 1.05 300.605 -148.892 -22278.5 3362.87 -18915.6 53427.8 1.06775
590000 1.05 299.68 92.1107 -22296.3 3352.51 -18943.8 53462 1.06707
591000 1.05 300.482 -70.5993 -22307.4 3361.48 -18945.9 53852.3 1.05934
592000 1.05 299.661 -41.1522 -22311.5 3352.3 -18959.2 53603.2 1.06427
593000 1.05 301.912 -56.7746 -22260.4 3377.48 -18882.9 53638.8 1.06356
594000 1.05 300.503 6.03641 -22308.9 3361.72 -18947.2 53510.7 1.0661
595000 1.05 300.338 64.8664 -22275.9 3359.87 -18916 53362 1.06906
596000 1.05 298.854 110.133 -22309.7 3343.27 -18966.4 53200.9 1.07231
597000 1.05 300.799 340.968 -22183.8 3365.03 -18818.8 53269.5 1.07093
598000 1.05 298.562 -184.211 -22199.5 3340.01 -18859.5 53420.6 1.0679
599000 1.05 299.292 -60.6211 -22278.2 3348.17 -18930.1 53252.2 1.07129
600000 1.05 300.4 -117.673 -22293.2 3360.57 -18932.6 53399.6 1.06832
