# Time-averaged data for fix thermo_avg
# TimeStep v_epsilon_co v_temp v_press v_pe v_ke v_etotal v_vol v_dens
601000 1.05 299.77 -149.79 -22315.1 3353.52 -18961.5 53641.7 1.06352
602000 1.05 299.103 -203.848 -22208.1 3346.06 -18862.1 53459.2 1.06713
603000 1.05 298.933 70.6472 -22292.9 3344.16 -18948.7 53149 1.07336
604000 1.05 300.863 96.4785 -22220 3365.74 -18854.2 53242.6 1.07148
605000 1.05 302.45 -139.684 -22270.1 3383.5 -18886.6 53441.8 1.06749
606000 1.05 299.136 -35.5836 -22331 3346.42 -18984.6 53441.1 1.06751
607000 1.05 301.226 230.855 -22246 3369.81 -18876.2 53208.2 1.07218
608000 1.05 297.572 -217.182 -22266 3328.94 -18937 53135.9 1.07362
609000 1.05 299.309 -67.8584 -22282 3348.36 -18933.7 53219.8 1.07193
610000 1.05 299.549 -96.5334 -22249.4 3351.04 -18898.4 53491.3 1.06652
611000 1.05 301.429 61.4957 -22278.8 3372.08 -18906.8 53405 1.06822
612000 1.05 299.128 78.5661 -22282.5 3346.34 -18936.2 53642.9 1.06348
613000 1.05 300.872 -24.1985 -22235.1 3365.85 -18869.2 53343.8 1.06945
614000 1.05 299.561 50.0793 -22227.9 3351.18 -18876.7 53340 1.06952
615000 1.05 299.088 -138.265 -22235.5 3345.89 -18889.6 53207 1.07222
616000 1.05 299.709 133.742 -22262.8 3352.84 -18909.9 53547.3 1.06538
617000 1.05 299.598 186.949 -22243.6 3351.6 -18892 53421.8 1.06789
618000 1.05 299.082 71.2018 -22248.6 3345.83 -18902.8 53454.2 1.06724
619000 1.05 301.876 -40.7405 -22295.7 3377.08 -18918.6 53502.7 1.06629
620000 1.05 300.98 -15.8354 -22218.1 3367.06 -18851 53506 1.0662
621000 1.05 301.406 51.752 -22265.3 3371.82 -18893.5 53580.2 1.06472
622000 1.05 300.219 -116.324 -22266.3 3358.54 -18907.8 53225.8 1.07182
623000 1.05 299.238 -106.468 -22282.4 3347.57 -18934.8 53491.4 1.0665
624000 1.05 299.57 -93.504 -22244.2 3351.28 -18893 53024.6 1.07589
625000 1.05 301.899 -59.1403 -22263.8 3377.34 -18886.5 53401.8 1.06828
626000 1.05 299.292 -70.8441 -22305 3348.17 -18956.8 53171.8 1.0729
627000 1.05 300.744 108.154 -22262.7 3364.42 -18898.3 53277.3 1.07079
628000 1.05 299.077 -115.162 -22268.2 3345.77 -18922.5 53414.2 1.06803
629000 1.05 299.386 35.0958 -22351.1 3349.22 -19001.9 53155.1 1.07324
630000 1.05 299.96 105.912 -22268.9 3355.64 -18913.2 53175.5 1.07282
631000 1.05 300.392 47.6188 -22252.5 3360.48 -18892 53279.9 1.07074
632000 1.05 299.472 -45.6592 -22299.6 3350.18 -18949.5 53561 1.06512
633000 1.05 298.755 -45.1661 -22271 3342.17 -18928.8 53603 1.06428
634000 1.05 298.691 116.111 -22231.7 3341.45 -18890.3 53337.8 1.06956
635000 1.05 298.8 -22.1031 -22246.3 3342.67 -18903.7 53503.1 1.06627
636000 1.05 300.648 -115.445 -22267.7 3363.34 -18904.3 53498.4 1.06636
637000 1.05 299.689 -39.7324 -22285.3 3352.61 -18932.7 53530.9 1.0657
638000 1.05 298.971 170.802 -22210.6 3344.58 -18866 53689.6 1.06256
639000 1.05 302.513 -63.8429 -22262.9 3384.21 -18878.7 53279.2 1.07075
640000 1.05 299.758 -35.8396 -22239.3 3353.38 -18886 53309.3 1.07014
641000 1.05 300.752 61.8435 -22239.5 3364.51 -18875 53343.6 1.06946
642000 1.05 299.089 317.586 -22241.3 3345.91 -18895.4 53068.2 1.07502
643000 1.05 299.336 -210.866 -22270.3 3348.67 -18921.6 53347 1.06937
644000 1.05 298.963 -5.90946 -22279.2 3344.5 -18934.8 52997.7 1.07643
645000 1.05 300.115 -53.6329 -22260.6 3357.38 -18903.2 52915.3 1.07809
646000 1.05 297.988 -194.393 -22278.8 3333.59 -18945.2 52994.1 1.0765
647000 1.05 301.553 200.688 -22278.6 3373.46 -18905.2 53155.8 1.07325
648000 1.05 300.163 32.6599 -22229.5 3357.92 -18871.6 53549.7 1.06534
649000 1.05 298.103 -80.0087 -22234.1 3334.87 -18899.3 53525.9 1.06581
650000 1.05 300.034 5.08149 -22294.7 3356.48 -18938.2 53327.8 1.06976
651000 1.05 298.366 -112.329 -22244.1 3337.82 -18906.3 53213.7 1.07206
652000 1.05 301.567 -43.7585 -22271.4 3373.63 -18897.8 53170.8 1.07294
653000 1.05 300.144 105.984 -22272.7 3357.7 -18915 53300.5 1.07033
654000 1.05 300.089 -36.0444 -22312.4 3357.09 -18955.3 53449.3 1.06734
655000 1.05 301.545 252.288 -22261 3373.38 -18887.6 53536.9 1.06558
656000 1.05 301.513 56.3799 -22229.7 3373.03 -18856.6 53374.3 1.06883
657000 1.05 300.058 77.7241 -22252.4 3356.74 -18895.7 52982.9 1.07673
658000 1.05 298.027 -181.123 -22214.2 3334.03 -18880.1 53409.7 1.06812
659000 1.05 300.544 -49.5854 -22322.1 3362.18 -18959.9 53394.9 1.06842
660000 1.05 298.442 -53.5774 -22319.7 3338.66 -18981 53026.9 1.07584
661000 1.05 300.402 -19.0972 -22237.9 3360.59 -18877.4 53492.2 1.06648
662000 1.05 299.578 -22.7564 -22251.7 3351.38 -18900.4 53371.3 1.06888
663000 1.05 297.984 -241.315 -22285.3 3333.54 -18951.8 53159.7 1.07318
664000 1.05 301.354 -86.1833 -22270.9 3371.24 -18899.7 53214.4 1.07204
665000 1.05 299.552 43.0572 -22213.6 3351.08 -18862.5 53336.4 1.06959
666000 1.05 299.419 192.326 -22240.6 3349.6 -18891 53561.4 1.06511
667000 1.05 299.897 106.436 -22259.4 3354.94 -18904.4 53849.4 1.05941
668000 1.05 300.612 97.5755 -22286.2 3362.94 -18923.2 53543.2 1.06546
669000 1.05 300.125 -64.4834 -22351 3357.49 -18993.5 53415.6 1.068
670000 1.05 298.636 101.36 -22335.7 3340.84 -18994.9 53413.4 1.06806
671000 1.05 299.98 -168.142 -22257 3355.87 -18901.2 53234.8 1.07164
672000 1.05 299.048 -18.8453 -22354.3 3345.44 -19008.9 53014.5 1.07608
673000 1.05 301.264 -221.808 -22266.4 3370.24 -18896.2 53164.2 1.07305
674000 1.05 299.944 -89.1838 -22326.5 3355.47 -18971 53601.6 1.06432
675000 1.05 299.657 34.6925 -22253.2 3352.26 -18900.9 53815.8 1.06007
676000 1.05 299.074 50.0186 -22246.5 3345.74 -18900.8 53463.8 1.06704
677000 1.05 299.995 -84.7601 -22266.9 3356.04 -18910.9 53689.9 1.06256
678000 1.05 299.132 90.7862 -22289.2 3346.39 -18942.8 53772.3 1.06093
679000 1.05 300.014 291.36 -22278.5 3356.25 -18922.3 53388.4 1.06856
680000 1.05 299.028 -109.609 -22243.7 3345.22 -18898.5 53319.6 1.06993
681000 1.05 299.754 47.1906 -22287.5 3353.35 -18934.1 52882.3 1.07877
682000 1.05 299.975 -111.58 -22331.3 3355.81 -18975.5 53202.4 1.07228
683000 1.05 302.191 92.979 -22260.5 3380.6 -18879.9 53355.1 1.06922
684000 1.05 302.23 -143.824 -22302.1 3381.04 -18921 53238.9 1.07156
685000 1.05 302.2 5.2988 -22288.8 3380.7 -18908.1 53180.9 1.07272
686000 1.05 302.171 -121.652 -22252.7 3380.38 -18872.3 52951.7 1.07739
687000 1.05 299.856 259.909 -22205.6 3354.49 -18851.1 53171 1.07291
688000 1.05 300.07 -17.4754 -22262.1 3356.88 -18905.2 53518.7 1.06595
689000 1.05 300.471 -33.6235 -22209.9 3361.36 -18848.6 53483.2 1.06666
690000 1.05 299.994 41.9715 -22238 3356.02 -18881.9 53107.3 1.0742
691000 1.05 299.602 -130.651 -22246.9 3351.64 -18895.3 53244 1.07145
692000 1.05 299.176 202.005 -22297.4 3346.88 -18950.5 52968.5 1.07703
693000 1.05 300.114 -94.1834 -22281.7 3357.37 -18924.3 53515.1 1.06607
694000 1.05 299.643 150.835 -22317.8 3352.1 -18965.7 53499.6 1.06633
695000 1.05 297.597 -35.0868 -22315.8 3329.21 -18986.6 53511.8 1.06608
696000 1.05 298.998 -17.1005 -22291.5 3344.88 -18946.6 53599 1.06436
697000 1.05 301.845 -23.2391 -22318.9 3376.74 -18942.1 53659.2 1.06317
698000 1.05 299.366 210.077 -22272.5 3349 -18923.5 53654.4 1.06326
699000 1.05 299.613 16.7135 -22288.3 3351.76 -18936.6 53394.4 1.06843
700000 1.05 298.927 -139.102 -22276.1 3344.09 -18932 53455.6 1.0672
701000 1.05 301.037 24.3381 -22292.6 3367.7 -18924.9 53124.8 1.07385
702000 1.05 298.697 192.484 -22272.2 3341.52 -18930.7 53238.7 1.07155
703000 1.05 301.247 -132.078 -22312.8 3370.04 -18942.8 53238 1.07158
704000 1.05 298.86 111.169 -22241.3 3343.34 -18898 53322.5 1.06986
705000 1.05 300.095 -86.6995 -22275.6 3357.15 -18918.5 53491 1.0665
706000 1.05 300.307 129.853 -22246.9 3359.53 -18887.4 53491.4 1.0665
707000 1.05 300.127 -13.7179 -22302.4 3357.52 -18944.9 53232.8 1.07168
708000 1.05 300.274 37.4502 -22273.3 3359.16 -18914.1 53393.8 1.06848
709000 1.05 299.424 -63.7376 -22246.6 3349.65 -18897 53348.8 1.06934
710000 1.05 299.353 -62.6854 -22292 3348.85 -18943.2 53407.3 1.06817
711000 1.05 300.057 258.933 -22290.2 3356.73 -18933.4 53806.3 1.06025
712000 1.05 298.561 -236.828 -22289.4 3340 -18949.4 53532.7 1.06568
713000 1.05 300.189 -71.3118 -22251.7 3358.21 -18893.5 53449.8 1.06731
714000 1.05 299.343 97.9526 -22246.1 3348.75 -18897.3 53203.9 1.07226
715000 1.05 298.882 -17.9105 -22236 3343.59 -18892.4 53314.5 1.07005
716000 1.05 300.432 75.5734 -22251.8 3360.93 -18890.9 53430.7 1.0677
717000 1.05 298.276 272.117 -22203.9 3336.8 -18867.1 53488.8 1.06654
718000 1.05 300.453 -21.3194 -22250.1 3361.16 -18889 53398.5 1.06836
719000 1.05 300.085 123.701 -22245.4 3357.05 -18888.4 53387.1 1.06856
720000 1.05 300.249 -182.045 -22256.1 3358.88 -18897.2 53447.2 1.06739
721000 1.05 299.25 56.6046 -22271 3347.7 -18923.3 53370.1 1.06891
722000 1.05 301.733 -357.787 -22338.9 3375.48 -18963.4 53246.6 1.07139
723000 1.05 299.447 209.424 -22294.2 3349.91 -18944.3 53191.7 1.07249
724000 1.05 300.646 143.419 -22279.2 3363.32 -18915.9 53121.6 1.07392
725000 1.05 300.198 -13 -22231.1 3358.31 -18872.8 53366.2 1.069
726000 1.05 299.933 136.207 -22257.9 3355.35 -18902.5 53162 1.07316
727000 1.05 302.467 -191.072 -22223.4 3383.7 -18839.7 53434.4 1.06765
728000 1.05 299.971 -43.7607 -22237.5 3355.77 -18881.7 53456.6 1.06719
729000 1.05 301.349 137.829 -22274 3371.18 -18902.8 53506.8 1.06619
730000 1.05 301.395 -211.762 -22210.5 3371.7 -18838.8 53357.4 1.06921
731000 1.05 297.801 -20.1207 -22207 3331.49 -18875.5 53506.3 1.06621
732000 1.05 299.554 215.941 -22281.4 3351.11 -18930.3 52998.6 1.07641
733000 1.05 300.156 61.8306 -22244.2 3357.84 -18886.3 53205 1.07223
734000 1.05 300.523 -305.213 -22293.2 3361.95 -18931.3 53397.5 1.06838
735000 1.05 299.994 11.9675 -22339.5 3356.03 -18983.5 53202 1.0723
736000 1.05 302.879 -75.7895 -22280.3 3388.3 -18892 53173.3 1.07288
737000 1.05 297.792 114.188 -22241.1 3331.39 -18909.7 53233.1 1.07166
738000 1.05 300.568 93.5495 -22219.1 3362.45 -18856.6 53484.2 1.06664
739000 1.05 300.377 15.1114 -22196.6 3360.31 -18836.3 53363.9 1.06904
740000 1.05 302.107 138.134 -22224.7 3379.67 -18845 53556.7 1.0652
741000 1.05 301.258 -136.104 -22215.8 3370.17 -18845.6 53431.8 1.06767
742000 1.05 299.707 -154.863 -22224.5 3352.82 -18871.7 53279.5 1.07074
743000 1.05 299.451 -100.709 -22261.1 3349.95 -18911.2 53517.4 1.06599
744000 1.05 300.082 40.5512 -22294.8 3357.01 -18937.8 53328.6 1.06974
745000 1.05 301.814 -168.737 -22271.2 3376.39 -18894.8 53593.3 1.06446
746000 1.05 301.672 21.3813 -22224.6 3374.8 -18849.8 53388.7 1.06855
747000 1.05 300.273 -62.852 -22211.8 3359.15 -18852.7 53202.9 1.07228
748000 1.05 300.705 75.1334 -22278.5 3363.98 -18914.5 53237 1.07158
749000 1.05 300.995 -63.461 -22311.8 3367.23 -18944.5 53431.7 1.06771
750000 1.05 299.634 29.4938 -22264.8 3352 -18912.8 53350.2 1.06932
751000 1.05 301.158 50.7879 -22206.6 3369.05 -18837.5 53234.4 1.07165
752000 1.05 302.416 -45.0332 -22243.6 3383.13 -18860.4 53450.8 1.06736
753000 1.05 298.879 68.7668 -22279.2 3343.55 -18935.6 53413.5 1.06806
754000 1.05 300.115 -230.414 -22163.3 3357.38 -18805.9 53536 1.0656
755000 1.05 299.468 90.0125 -22292.5 3350.14 -18942.4 53601.1 1.06431
756000 1.05 299.396 104.639 -22261 3349.33 -18911.6 53153 1.07329
757000 1.05 299.972 -426.857 -22249.2 3355.78 -18893.4 53345.8 1.0694
758000 1.05 299.657 -202.272 -22331.4 3352.26 -18979.1 53201.7 1.07231
759000 1.05 298.722 -317.97 -22288.8 3341.8 -18947 53288.2 1.07056
760000 1.05 300.33 -21.252 -22273.2 3359.79 -18913.4 53449.4 1.06733
761000 1.05 299.664 -149.552 -22276.4 3352.33 -18924.1 52890.6 1.07861
762000 1.05 300.649 -53.4543 -22237.3 3363.35 -18874 53180 1.07274
763000 1.05 300.169 -46.9987 -22249.7 3357.99 -18891.7 53252.3 1.07129
764000 1.05 298.739 -228.203 -22234.3 3341.99 -18892.3 53376.4 1.06879
765000 1.05 299.552 -108.742 -22300.2 3351.08 -18949.1 53179.6 1.07276
766000 1.05 298.85 27.3353 -22318 3343.23 -18974.8 53205.6 1.07221
767000 1.05 300.312 -129.748 -22249.2 3359.59 -18889.6 53280.9 1.07071
768000 1.05 300.816 199.173 -22271.7 3365.22 -18906.5 53083.8 1.07467
769000 1.05 300.292 73.2201 -22230.9 3359.36 -18871.6 53291.6 1.07049
770000 1.05 302.19 -79.8822 -22231.3 3380.59 -18850.7 53156.9 1.07321
771000 1.05 297.731 -204.562 -22273 3330.71 -18942.3 53320.4 1.06992
772000 1.05 300.316 55.7054 -22287.4 3359.63 -18927.7 53494 1.06646
773000 1.05 300.094 -94.7284 -22270.5 3357.14 -18913.4 53050.6 1.07534
774000 1.05 300.768 -134.81 -22286.4 3364.68 -18921.7 53541.7 1.06549
775000 1.05 302.09 157.971 -22307.4 3379.47 -18927.9 53601 1.06431
776000 1.05 300.215 -106.597 -22299.9 3358.5 -18941.4 53660 1.06314
777000 1.05 298.105 60.5843 -22286.9 3334.9 -18952 53587.9 1.06459
778000 1.05 299.758 233.64 -22322.1 3353.38 -18968.7 53707 1.06221
779000 1.05 298.735 180.844 -22229.4 3341.95 -18887.5 53271.1 1.07091
780000 1.05 300.401 186.073 -22258.4 3360.58 -18897.8 53154.9 1.07325
781000 1.05 299.112 3.67975 -22296.6 3346.16 -18950.4 53065.4 1.07507
782000 1.05 302.154 88.0227 -22267.3 3380.19 -18887.1 53258.3 1.0712
783000 1.05 300.303 -75.3476 -22251.9 3359.49 -18892.4 53292.9 1.07046
784000 1.05 300.205 -31.1464 -22239 3358.38 -18880.6 53408.7 1.06816
785000 1.05 300.283 116.71 -22262.4 3359.26 -18903.1 53660.7 1.06313
786000 1.05 301.86 -282 -22257.1 3376.9 -18880.2 53568.3 1.06496
787000 1.05 298.146 -160.329 -22347.4 3335.35 -19012 53913.8 1.05814
788000 1.05 298.036 170.685 -22318.9 3334.13 -18984.8 53835.8 1.05968
789000 1.05 300.136 84.3364 -22330.2 3357.62 -18972.6 53865.7 1.05908
790000 1.05 301.746 -67.9003 -22331.2 3375.63 -18955.6 53817.4 1.06003
791000 1.05 298.859 76.5663 -22333.6 3343.33 -18990.3 53724.3 1.06188
792000 1.05 301.266 -29.5395 -22349.3 3370.26 -18979.1 53402.8 1.06826
793000 1.05 301.493 -91.9887 -22320 3372.79 -18947.2 53583.9 1.06467
794000 1.05 299.878 -5.79564 -22260.8 3354.73 -18906.1 53457.4 1.06716
795000 1.05 301.035 -131.157 -22253.6 3367.67 -18886 53366.3 1.069
796000 1.05 298.944 -116.489 -22224.2 3344.28 -18879.9 53483.3 1.06666
797000 1.05 300.521 -134.788 -22283.9 3361.93 -18922 53234.5 1.07164
798000 1.05 299.134 -25.9178 -22274.8 3346.41 -18928.4 53160.5 1.07313
799000 1.05 300.315 211.019 -22273.3 3359.62 -18913.7 53311.6 1.07009
800000 1.05 299.558 53.9895 -22340.1 3351.15 -18988.9 53438.9 1.06754
801000 1.05 300.105 -5.87021 -22268.5 3357.26 -18911.2 53629.8 1.06375
802000 1.05 298.234 22.4726 -22230 3336.34 -18893.6 53578.1 1.06477
803000 1.05 300.475 -101.295 -22288.8 3361.41 -18927.3 53215.6 1.07203
804000 1.05 298.651 -28.7881 -22288.7 3341 -18947.7 53267.2 1.07098
805000 1.05 300.515 70.8671 -22250.1 3361.86 -18888.2 52959.1 1.0772
806000 1.05 299.372 125.757 -22223.1 3349.07 -18874 53191.7 1.0725
807000 1.05 299.875 251.155 -22235.7 3354.7 -18881 53045.3 1.07547
808000 1.05 300.275 -29.1343 -22202 3359.17 -18842.8 53575.8 1.06482
809000 1.05 299.858 57.5261 -22209.7 3354.5 -18855.2 53250 1.07132
810000 1.05 300.923 216.295 -22231.7 3366.42 -18865.3 53178.8 1.07276
811000 1.05 300.56 198.58 -22239.2 3362.35 -18876.9 53372.8 1.06886
812000 1.05 301.995 -111.73 -22311.3 3378.41 -18932.9 53595.9 1.06443
813000 1.05 299.518 -96.0298 -22265.8 3350.7 -18915.1 53282.5 1.07068
814000 1.05 299.82 -29.2768 -22238.6 3354.08 -18884.6 53632 1.06372
815000 1.05 301.362 -125.537 -22273.7 3371.33 -18902.3 53174.5 1.07284
816000 1.05 299.385 -40.3939 -22185 3349.22 -18835.8 53190.3 1.07253
817000 1.05 300.634 -5.57512 -22218.2 3363.18 -18855 53394.8 1.06842
818000 1.05 301.22 42.6727 -22274.4 3369.74 -18904.7 53728.1 1.06181
819000 1.05 299.532 93.6792 -22297.4 3350.86 -18946.5 53687.8 1.06259
820000 1.05 300.176 -22.2975 -22290.7 3358.06 -18932.6 53774 1.06088
821000 1.05 299.2 -3.81769 -22304.6 3347.14 -18957.5 53522 1.0659
822000 1.05 300.044 196.845 -22306.1 3356.59 -18949.5 53667.6 1.06301
823000 1.05 298.742 -172.073 -22304.2 3342.02 -18962.2 53473.3 1.06686
824000 1.05 299.325 218.902 -22246.3 3348.55 -18897.8 53476.1 1.06685
825000 1.05 300.648 12.4713 -22267.8 3363.34 -18904.5 53279.3 1.07074
826000 1.05 299.914 -43.7298 -22229.8 3355.14 -18874.6 53337.9 1.06956
827000 1.05 298.489 1.92185 -22286.5 3339.19 -18947.3 53090.6 1.07454
828000 1.05 300.309 -158.65 -22248.8 3359.55 -18889.3 53452 1.06729
829000 1.05 300.25 145.397 -22287.9 3358.89 -18929 53459.1 1.06714
830000 1.05 299.445 -77.9846 -22234.8 3349.89 -18884.9 53071.6 1.07494
831000 1.05 300.015 246.293 -22200.2 3356.27 -18843.9 52986.9 1.07664
832000 1.05 300.837 -89.7449 -22292.4 3365.46 -18927 52943.4 1.07753
833000 1.05 300.052 -383.595 -22211 3356.67 -18854.3 53459.7 1.06712
834000 1.05 299.811 -99.1174 -22270.5 3353.98 -18916.5 53109.7 1.07417
835000 1.05 299.678 -66.4613 -22278.9 3352.5 -18926.4 53350.4 1.06931
836000 1.05 299.667 -171.634 -22275.3 3352.37 -18923 53656.6 1.06322
837000 1.05 299.232 446.952 -22348.8 3347.5 -19001.3 53497.7 1.06638
838000 1.05 300.848 128.536 -22351.7 3365.58 -18986.1 53289.2 1.07054
839000 1.05 300.89 -131.949 -22287.3 3366.05 -18921.2 53305.9 1.07021
840000 1.05 297.573 -14.2369 -22338.6 3328.95 -19009.6 53248.4 1.07138
841000 1.05 300.79 -85.3671 -22322.1 3364.93 -18957.1 52938.3 1.07763
842000 1.05 300.78 -93.2083 -22248.6 3364.83 -18883.8 53203.3 1.07227
843000 1.05 299.503 -44.9642 -22253.9 3350.54 -18903.3 53539.6 1.06554
844000 1.05 299.783 -120.011 -22271.4 3353.67 -18917.8 53106.3 1.07422
845000 1.05 300.526 84.4153 -22281.7 3361.98 -18919.7 53003.4 1.07631
846000 1.05 300.907 39.0203 -22287.5 3366.24 -18921.3 53096.7 1.07441
847000 1.05 299.952 59.6963 -22329.3 3355.56 -18973.7 53075.9 1.07487
848000 1.05 300.415 -30.486 -22221.8 3360.74 -18861 53312.5 1.07007
849000 1.05 298.656 96.3923 -22269.4 3341.06 -18928.4 53121.7 1.07391
850000 1.05 299.442 35.8008 -22275.8 3349.86 -18926 53220.2 1.07193
851000 1.05 301.189 -8.7441 -22227.1 3369.39 -18857.8 53343 1.06947
852000 1.05 300.788 -154.207 -22308.1 3364.91 -18943.2 53362.1 1.06908
853000 1.05 298.898 -68.3078 -22298.8 3343.77 -18955 53722.5 1.0619
854000 1.05 300.055 49.1383 -22255.2 3356.71 -18898.5 53637.6 1.06358
855000 1.05 299.398 123.508 -22310.1 3349.36 -18960.7 53053.3 1.0753
856000 1.05 299.993 50.1262 -22276.2 3356.02 -18920.2 53443 1.06748
857000 1.05 301.039 -68.3462 -22276.2 3367.72 -18908.5 53505.5 1.0662
858000 1.05 300.388 34.3401 -22282.7 3360.43 -18922.3 53071.5 1.07495
859000 1.05 300.828 -105.949 -22265.4 3365.35 -18900 53336.1 1.06964
860000 1.05 299.499 -134.568 -22304 3350.49 -18953.5 53506.1 1.0662
861000 1.05 300.192 159.75 -22224.1 3358.24 -18865.9 53301.2 1.07031
862000 1.05 301.064 104.963 -22216.1 3368 -18848.1 53099.9 1.07437
863000 1.05 298.109 236.061 -22224 3334.93 -18889.1 52862.5 1.07918
864000 1.05 299.905 249.311 -22224.7 3355.03 -18869.7 53196.9 1.07241
865000 1.05 299.413 -4.69496 -22262.9 3349.53 -18913.4 53313.1 1.07007
866000 1.05 301.476 5.19146 -22273.6 3372.6 -18901 53473.9 1.06685
867000 1.05 297.396 125.448 -22273.7 3326.96 -18946.7 53213.8 1.07207
868000 1.05 300.445 186.719 -22327.4 3361.07 -18966.3 53319.9 1.06993
869000 1.05 299.072 96.4629 -22330.9 3345.72 -18985.2 53296.9 1.07039
870000 1.05 299.917 -78.0202 -22301.5 3355.16 -18946.3 53092.3 1.07451
871000 1.05 299.301 41.3042 -22324.7 3348.28 -18976.4 53267.9 1.07097
872000 1.05 298.016 40.1691 -22265.5 3333.9 -18931.6 53668.9 1.06297
873000 1.05 300.047 159.4 -22288 3356.62 -18931.4 53436.7 1.06759
874000 1.05 300.316 -22.0823 -22279.9 3359.63 -18920.2 53218.3 1.07199
875000 1.05 299.443 11.2078 -22260.8 3349.86 -18910.9 53504.2 1.06623
876000 1.05 299.425 84.7759 -22196 3349.66 -18846.4 53363.5 1.06905
877000 1.05 302.404 -53.9231 -22325.5 3382.99 -18942.5 53333.2 1.06965
878000 1.05 300.575 -9.83386 -22293.8 3362.52 -18931.3 53318.9 1.06995
879000 1.05 300.331 76.9921 -22229.4 3359.79 -18869.6 53243.8 1.07146
880000 1.05 300.993 -68.6568 -22141.2 3367.2 -18774 53655.9 1.06322
881000 1.05 301.291 -105.212 -22277.9 3370.54 -18907.4 53255.4 1.07122
882000 1.05 300.544 211.793 -22276.6 3362.17 -18914.4 53560.3 1.06511
883000 1.05 299.714 -185.201 -22312.6 3352.89 -18959.7 53507.9 1.06617
884000 1.05 300.921 271.801 -22282.7 3366.4 -18916.3 53228.4 1.07177
885000 1.05 299.834 -279.304 -22288.9 3354.24 -18934.6 53125.1 1.07385
886000 1.05 299.454 -28.6693 -22245.2 3349.99 -18895.3 53318.8 1.06995
887000 1.05 300.482 -92.5321 -22301.8 3361.48 -18940.3 53449.5 1.06737
888000 1.05 302.007 141.735 -22214.3 3378.55 -18835.8 53066.9 1.07502
889000 1.05 301.408 -58.4819 -22224.3 3371.84 -18852.4 53300.3 1.07031
890000 1.05 298.628 8.79917 -22194.4 3340.74 -18853.7 53430.9 1.06772
891000 1.05 303.598 -56.7939 -22274 3396.34 -18877.6 53402.7 1.06828
892000 1.05 300.383 0.365235 -22257.4 3360.38 -18897 53359.9 1.06914
893000 1.05 299.852 -12.1634 -22212.1 3354.44 -18857.7 53472.5 1.06688
894000 1.05 298.767 9.99563 -22216.1 3342.3 -18873.8 53543.5 1.06549
895000 1.05 300.116 181.152 -22236.1 3357.39 -18878.7 53308.1 1.07016
896000 1.05 299.663 114.479 -22253.3 3352.32 -18901 53669.4 1.06295
897000 1.05 301.824 -126.925 -22238.1 3376.49 -18861.6 53510.7 1.06612
898000 1.05 300.056 58.9514 -22273.4 3356.72 -18916.7 53374.6 1.06883
899000 1.05 298.478 316.563 -22255.8 3339.06 -18916.8 52979.1 1.07682
900000 1.05 300.353 104.272 -22209.2 3360.05 -18849.2 53126.1 1.07385
901000 1.05 298.883 35.183 -22258.6 3343.59 -18915 53430.3 1.06772
902000 1.05 300.118 -84.3186 -22222.6 3357.42 -18865.2 53320.7 1.06991
903000 1.05 297.331 -122.254 -22201.1 3326.24 -18874.9 53317.3 1.06998
904000 1.05 298.473 5.8989 -22308.5 3339.01 -18969.5 53503 1.06626
905000 1.05 299.136 41.3395 -22292.9 3346.43 -18946.5 53756.2 1.06124
906000 1.05 302.084 63.3899 -22329.6 3379.41 -18950.2 53318.6 1.06994
907000 1.05 299.189 265.614 -22297.5 3347.02 -18950.5 53487.7 1.06656
908000 1.05 300.495 33.0006 -22285.4 3361.64 -18923.7 53937.2 1.05768
909000 1.05 299.288 202.009 -22310.1 3348.13 -18961.9 53572.8 1.06488
910000 1.05 299.512 -119.488 -22294.9 3350.63 -18944.2 53498.1 1.06635
911000 1.05 300.707 -117.904 -22261.7 3364 -18897.7 52986.7 1.07666
912000 1.05 299.548 98.6767 -22287 3351.04 -18935.9 53329.4 1.06973
913000 1.05 300.348 1.75711 -22320 3359.98 -18960 53392.9 1.06848
914000 1.05 299.823 -24.0197 -22267.9 3354.11 -18913.8 53488.6 1.06657
915000 1.05 299.944 -52.4545 -22210.9 3355.47 -18855.4 53299.9 1.07032
916000 1.05 300.069 40.3415 -22204.5 3356.87 -18847.6 53198.5 1.07239
917000 1.05 301.351 -47.9926 -22247.9 3371.21 -18876.7 53060.5 1.07517
918000 1.05 300.572 220.317 -22273.8 3362.49 -18911.3 53298.5 1.07035
919000 1.05 298.986 181.827 -22305.7 3344.75 -18960.9 53172.8 1.07289
920000 1.05 299.478 -152.541 -22227.4 3350.25 -18877.2 52960.9 1.07717
921000 1.05 300.802 -198.51 -22266.6 3365.07 -18901.6 53002.8 1.07638
922000 1.05 300.435 -59.8273 -22258.8 3360.96 -18897.8 53502.8 1.06627
923000 1.05 300.407 -49.8865 -22312.9 3360.65 -18952.2 53741.3 1.06155
924000 1.05 299.759 -34.3269 -22268.3 3353.4 -18914.9 53118.1 1.07398
925000 1.05 299.849 -113.177 -22301.9 3354.41 -18947.5 53204.5 1.07224
926000 1.05 301.265 -124.322 -22255.7 3370.25 -18885.5 53447.2 1.0674
927000 1.05 299.956 139.28 -22190.9 3355.6 -18835.3 53767.3 1.06103
928000 1.05 301.129 1.97814 -22242.7 3368.73 -18874 53365.3 1.06901
929000 1.05 298.939 176.342 -22227.2 3344.23 -18883 53471 1.0669
930000 1.05 299.559 -147.357 -22306.7 3351.16 -18955.6 53487.9 1.06658
931000 1.05 298.439 -120.761 -22279.8 3338.64 -18941.1 53506.9 1.06619
932000 1.05 300.234 -78.2716 -22251.5 3358.71 -18892.8 53589.4 1.06455
933000 1.05 301.218 -22.878 -22283.3 3369.72 -18913.6 53881.5 1.05878
934000 1.05 301.904 -30.0804 -22251.2 3377.4 -18873.9 53805.8 1.06027
935000 1.05 299.182 82.3075 -22296.1 3346.95 -18949.2 53790.9 1.06057
936000 1.05 299.959 302.633 -22228 3355.64 -18872.4 53426.1 1.06779
937000 1.05 301.228 82.4469 -22242.2 3369.83 -18872.4 53362.4 1.06907
938000 1.05 299.597 75.9417 -22231.2 3351.58 -18879.7 53237.2 1.0716
939000 1.05 299.524 -128.241 -22210.7 3350.76 -18859.9 53666.5 1.06303
940000 1.05 302.181 110.705 -22247.2 3380.5 -18866.7 53288.2 1.07059
941000 1.05 302.289 225.313 -22262.2 3381.7 -18880.5 53108.8 1.07418
942000 1.05 300.336 -78.5605 -22278.9 3359.85 -18919 53506.5 1.0662
943000 1.05 298.405 148.469 -22349.4 3338.25 -19011.2 53448.3 1.06737
944000 1.05 299.648 184.322 -22285.6 3352.16 -18933.4 53399.4 1.06836
945000 1.05 299.916 188.332 -22260.1 3355.15 -18904.9 53464 1.06706
946000 1.05 299.164 99.1417 -22197.6 3346.74 -18850.8 53473.9 1.06686
947000 1.05 299.653 -63.8552 -22118.3 3352.22 -18766.1 53402.7 1.06828
948000 1.05 300.624 -55.3968 -22296.5 3363.07 -18933.5 53226.3 1.0718
949000 1.05 300.383 9.96322 -22239.5 3360.38 -18879.1 53778.3 1.06079
950000 1.05 300.502 -1.64364 -22256.2 3361.71 -18894.5 53503.8 1.06627
951000 1.05 300.098 2.02376 -22299.9 3357.19 -18942.7 53457.2 1.06718
952000 1.05 300.299 -211.976 -22290 3359.44 -18930.6 53820.7 1.05996
953000 1.05 301.523 -135.172 -22269.7 3373.13 -18896.5 53657.7 1.06318
954000 1.05 300.678 120.128 -22223.7 3363.67 -18860 53448.7 1.06734
955000 1.05 300.452 -21.8056 -22279.1 3361.15 -18917.9 53763.8 1.06108
956000 1.05 298.937 -49.117 -22235.6 3344.2 -18891.4 53670.7 1.06293
957000 1.05 299.051 203.436 -22216.7 3345.47 -18871.2 53544.9 1.06544
958000 1.05 298.787 -158.608 -22274.1 3342.52 -18931.6 53447.2 1.06739
959000 1.05 299.881 -122.763 -22311.8 3354.77 -18957.1 53244.4 1.07144
960000 1.05 297.186 -94.5899 -22247.5 3324.61 -18922.9 53379.7 1.06873
961000 1.05 299.2 -35.5387 -22246.4 3347.14 -18899.3 53379 1.06873
962000 1.05 300.63 151.332 -22249.6 3363.14 -18886.5 53359.9 1.06912
963000 1.05 299.309 -31.7005 -22280.3 3348.36 -18931.9 53394.1 1.06843
964000 1.05 299.478 -265.315 -22262.3 3350.26 -18912.1 53242.9 1.07147
965000 1.05 299.457 247.942 -22315.8 3350.02 -18965.8 53151.2 1.07332
966000 1.05 298.759 -196.739 -22264.9 3342.21 -18922.7 53352.1 1.06928
967000 1.05 298.456 -18.8717 -22242.1 3338.82 -18903.3 53298.5 1.07037
968000 1.05 301.438 11.6073 -22271 3372.18 -18898.8 53324.5 1.06984
969000 1.05 302.452 31.4425 -22282.9 3383.53 -18899.4 53333.8 1.06967
970000 1.05 300.542 71.0362 -22306.9 3362.15 -18944.7 53363.1 1.06906
971000 1.05 301.291 47.1568 -22277.7 3370.54 -18907.1 53444.6 1.06742
972000 1.05 300.506 -120.747 -22268.2 3361.75 -18906.4 53471.1 1.0669
973000 1.05 299.914 -1.7474 -22217.5 3355.13 -18862.3 53297.3 1.07038
974000 1.05 300.839 -172.945 -22226.2 3365.48 -18860.7 53229.8 1.07173
975000 1.05 299.171 -63.098 -22352.1 3346.82 -19005.2 53373.8 1.06884
976000 1.05 301.228 -29.5661 -22362.3 3369.84 -18992.4 53217.4 1.07199
977000 1.05 301.376 240.725 -22277 3371.49 -18905.5 53207.3 1.07218
978000 1.05 299.104 52.0022 -22249.3 3346.07 -18903.2 53019.8 1.07599
979000 1.05 299.37 16.2222 -22276 3349.05 -18926.9 53250.1 1.07133
980000 1.05 299.941 210.406 -22304.9 3355.44 -18949.5 53146.3 1.07342
981000 1.05 298.571 -211.512 -22272.5 3340.11 -18932.4 53471.8 1.06689
982000 1.05 300.218 86.7608 -22264.3 3358.54 -18905.8 53320 1.06993
983000 1.05 300.95 34.4556 -22314.5 3366.72 -18947.8 53266.8 1.07098
984000 1.05 299.947 -80.7882 -22264.6 3355.5 -18909.1 53471.1 1.06689
985000 1.05 301.614 -51.3692 -22295.1 3374.15 -18920.9 53478.7 1.06677
986000 1.05 301.379 191.281 -22276.6 3371.52 -18905.1 53307.6 1.07019
987000 1.05 300.759 28.611 -22299.7 3364.59 -18935.1 53433.1 1.06768
988000 1.05 300.301 -73.5466 -22272.1 3359.47 -18912.7 53674.9 1.06285
989000 1.05 298.254 -86.1016 -22327.1 3336.56 -18990.5 53405.6 1.06822
990000 1.05 298.017 -69.1854 -22233.7 3333.91 -18899.8 53431.3 1.06772
991000 1.05 299.416 -184.973 -22247.5 3349.56 -18897.9 53413.4 1.06804
992000 1.05 299.487 -156.511 -22293.6 3350.36 -18943.3 53452.6 1.06727
993000 1.05 300.363 46.2209 -22228.6 3360.16 -18868.5 53209.5 1.07215
994000 1.05 300.183 -112.413 -22268.8 3358.15 -18910.6 53073.1 1.07489
995000 1.05 299.356 -275.171 -22248.9 3348.88 -18900 53321.1 1.06991
996000 1.05 300.21 4.05721 -22322.9 3358.44 -18964.5 53946.4 1.05749
997000 1.05 300.731 115.627 -22263.7 3364.27 -18899.4 53241.3 1.07151
998000 1.05 300.02 6.62935 -22286.6 3356.32 -18930.2 53244.2 1.07144
999000 1.05 301.856 55.477 -22254.3 3376.85 -18877.4 53723.9 1.06188
1000000 1.05 300.37 -170.316 -22295.7 3360.24 -18935.4 53451.3 1.0673
1001000 1.05 300.091 60.2011 -22279.2 3357.11 -18922 53262.7 1.07107
1002000 1.05 298.045 203.12 -22231.2 3334.23 -18897 53178.6 1.07276
1003000 1.05 299.111 -43.4904 -22214.4 3346.15 -18868.2 53489.3 1.06653
1004000 1.05 298.896 140.644 -22234.2 3343.74 -18890.4 53184.5 1.07264
1005000 1.05 300.502 -74.9443 -22302.2 3361.71 -18940.5 53021.1 1.07596
1006000 1.05 301.013 -5.03715 -22253.3 3367.43 -18885.9 53230 1.07176
1007000 1.05 301.077 -80.8612 -22242.7 3368.15 -18874.5 53083.8 1.0747
1008000 1.05 300.573 12.5351 -22311.9 3362.51 -18949.4 53313.2 1.07006
1009000 1.05 297.696 92.5086 -22258.3 3330.32 -18928 53484.5 1.06663
1010000 1.05 299.837 -103.817 -22240.4 3354.27 -18886.1 53422.8 1.06786
1011000 1.05 299.844 11.1656 -22264.1 3354.34 -18909.8 53503.5 1.06626
1012000 1.05 298.907 308.95 -22301.1 3343.87 -18957.2 53384.9 1.06863
1013000 1.05 299.733 -103.586 -22245.7 3353.11 -18892.6 53641.4 1.06351
1014000 1.05 301.395 100.608 -22250 3371.7 -18878.3 53662.2 1.0631
1015000 1.05 299.995 -110.203 -22259.5 3356.04 -18903.4 52912.3 1.07817
1016000 1.05 300.358 -109.842 -22299.6 3360.1 -18939.5 53326.8 1.06981
1017000 1.05 298.857 30.9336 -22286.3 3343.31 -18943 53119.7 1.07397
1018000 1.05 300.349 38.6185 -22340.1 3359.99 -18980.2 53145.5 1.07344
1019000 1.05 300.505 218.415 -22219.3 3361.75 -18857.5 53241.4 1.0715
1020000 1.05 301.593 229.218 -22310.8 3373.92 -18936.9 53444.5 1.06742
1021000 1.05 300.08 -221.176 -22312.5 3356.99 -18955.5 53127.4 1.0738
1022000 1.05 300.821 -4.68209 -22248.7 3365.28 -18883.5 53163.4 1.07307
1023000 1.05 300.003 -103.642 -22217.8 3356.13 -18861.7 53576.9 1.06478
1024000 1.05 302.636 112.444 -22208.5 3385.58 -18822.9 53132.6 1.0737
1025000 1.05 300.597 185.619 -22281.7 3362.77 -18919 53532.6 1.06567
1026000 1.05 299.714 -92.2442 -22293 3352.9 -18940.1 53619.1 1.06396
1027000 1.05 300.439 82.4177 -22319.5 3361 -18958.5 53586.1 1.06462
1028000 1.05 299.677 81.9024 -22268.3 3352.48 -18915.8 53651.9 1.06329
1029000 1.05 300.673 167.129 -22269.9 3363.62 -18906.3 53293 1.07047
1030000 1.05 298.879 32.9094 -22283.8 3343.56 -18940.3 53302.9 1.07026
1031000 1.05 299.083 35.7736 -22285.8 3345.84 -18940 53323.4 1.06985
1032000 1.05 301.321 -103.49 -22272.4 3370.87 -18901.5 53073.1 1.07492
1033000 1.05 301.53 -81.6712 -22263.2 3373.21 -18890 53195.4 1.07243
1034000 1.05 297.878 90.3073 -22284 3332.36 -18951.6 53830.6 1.05978
1035000 1.05 299.671 -35.2113 -22300.9 3352.41 -18948.5 53618.9 1.06398
1036000 1.05 300.637 -206.782 -22257.5 3363.23 -18894.3 53476.9 1.06679
1037000 1.05 299.891 -206.387 -22287 3354.87 -18932.1 53585 1.06462
1038000 1.05 299.811 115.164 -22283.6 3353.98 -18929.7 53508.4 1.06616
1039000 1.05 300.049 -34.1027 -22222.4 3356.64 -18865.8 53521.1 1.0659
1040000 1.05 299.393 -110.484 -22198.3 3349.3 -18849 53513.1 1.06605
1041000 1.05 298.838 215.506 -22285 3343.1 -18941.9 53221.3 1.07191
1042000 1.05 300.73 -60.9983 -22220.9 3364.26 -18856.7 53291.7 1.07048
1043000 1.05 298.953 -32.5575 -22224.1 3344.38 -18879.7 53241.2 1.07152
1044000 1.05 300.081 33.3503 -22309.4 3357 -18952.4 53257 1.07119
1045000 1.05 300.154 -9.04218 -22307.6 3357.81 -18949.8 53490 1.06652
1046000 1.05 296.425 328.32 -22342.4 3316.1 -19026.3 53232.5 1.07169
1047000 1.05 301.87 67.4964 -22372.6 3377.01 -18995.6 53218.8 1.07196
1048000 1.05 301.071 -99.393 -22371 3368.07 -19002.9 53445.7 1.06741
1049000 1.05 299.81 -88.3158 -22310.3 3353.97 -18956.3 53553.1 1.06526
1050000 1.05 300.031 -65.8019 -22292.7 3356.45 -18936.2 53408.7 1.06814
1051000 1.05 298.981 -199.997 -22335.3 3344.69 -18990.6 53439 1.06753
1052000 1.05 299.116 61.2914 -22260.7 3346.21 -18914.5 53383.7 1.06865
1053000 1.05 299.729 -31.9163 -22272.1 3353.06 -18919 53290.3 1.07051
1054000 1.05 299.768 -232.231 -22226.4 3353.5 -18872.9 53283.3 1.07066
1055000 1.05 300.021 -202.555 -22251.6 3356.33 -18895.3 53477.9 1.06676
1056000 1.05 301.123 17.44 -22314.4 3368.66 -18945.8 53537.9 1.06556
1057000 1.05 299.827 108.438 -22277.5 3354.16 -18923.3 53373 1.06885
1058000 1.05 300.321 -109.524 -22290.8 3359.69 -18931.2 53369.2 1.06894
1059000 1.05 297.998 -4.02062 -22264.6 3333.69 -18930.9 53247 1.07138
1060000 1.05 299.991 -58.5269 -22260.8 3355.99 -18904.8 53664.5 1.06305
1061000 1.05 299.722 7.2802 -22219.3 3352.99 -18866.3 53665.8 1.06303
1062000 1.05 300.366 34.1483 -22295.8 3360.19 -18935.7 53581.7 1.0647
1063000 1.05 299.606 8.83082 -22218.3 3351.68 -18866.6 53642.2 1.0635
1064000 1.05 298.615 -105.57 -22234.1 3340.6 -18893.5 53636.5 1.06362
1065000 1.05 299.449 -170.22 -22282 3349.93 -18932.1 53513.9 1.06605
1066000 1.05 298.913 -109.624 -22309.9 3343.94 -18966 53322.7 1.06987
1067000 1.05 301.441 -160.86 -22264.8 3372.22 -18892.6 53130.1 1.07374
1068000 1.05 300.381 -98.7329 -22230.2 3360.36 -18869.8 53027.9 1.07583
1069000 1.05 299.796 -38.4229 -22210.6 3353.81 -18856.8 53199.6 1.07234
1070000 1.05 298.651 98.7592 -22223.5 3341.01 -18882.5 53325.5 1.06983
1071000 1.05 299.513 123.488 -22245.8 3350.65 -18895.2 53391.9 1.06848
1072000 1.05 299.435 139.936 -22257.9 3349.77 -18908.1 53182.4 1.07272
1073000 1.05 301.675 -101.174 -22245.9 3374.84 -18871 53181.4 1.07271
1074000 1.05 300.005 152.634 -22338.6 3356.15 -18982.4 53061.9 1.07514
1075000 1.05 299.777 -105.301 -22280.7 3353.6 -18927.1 53230.7 1.07172
1076000 1.05 299.61 -49.0989 -22296.3 3351.73 -18944.5 53333 1.06965
1077000 1.05 300.783 165.931 -22274.7 3364.85 -18909.9 53452.4 1.06726
1078000 1.05 300.035 177.357 -22260.3 3356.49 -18903.8 53846.8 1.05947
1079000 1.05 301.487 228.886 -22283.1 3372.72 -18910.4 53424.8 1.06784
1080000 1.05 301.553 -97.7257 -22301.5 3373.47 -18928 53450.8 1.06729
1081000 1.05 301.011 189.412 -22237.5 3367.4 -18870.1 53480.2 1.06672
1082000 1.05 299.792 -66.9834 -22242.6 3353.76 -18888.8 53311.3 1.07014
1083000 1.05 301.417 191.343 -22208.6 3371.94 -18836.7 53668.7 1.06298
1084000 1.05 298.422 96.4499 -22334.6 3338.45 -18996.2 53478.4 1.06676
1085000 1.05 299.474 -160.64 -22220.9 3350.21 -18870.7 53584.8 1.06463
1086000 1.05 300.831 -109.157 -22254.9 3365.39 -18889.5 53392 1.06847
1087000 1.05 302.549 -104.421 -22272.4 3384.61 -18887.8 53337.6 1.06958
1088000 1.05 300.11 -21.1235 -22274.9 3357.32 -18917.5 53672.2 1.0629
1089000 1.05 301.53 -104.643 -22325.9 3373.21 -18952.7 53955 1.05732
1090000 1.05 300.538 46.0576 -22274.6 3362.11 -18912.4 53234.8 1.07165
1091000 1.05 299.606 114.815 -22253.9 3351.69 -18902.2 53584 1.06465
1092000 1.05 301.292 92.2845 -22273.3 3370.55 -18902.8 53234.4 1.07164
1093000 1.05 299.904 124.683 -22241.2 3355.02 -18886.1 53236.5 1.0716
1094000 1.05 299.056 -159.758 -22284.9 3345.53 -18939.3 53485.9 1.06662
1095000 1.05 300.784 -129.397 -22323.1 3364.86 -18958.3 53416 1.06799
1096000 1.05 299.075 52.035 -22274.8 3345.75 -18929.1 53492.2 1.06649
1097000 1.05 300.221 -11.782 -22304.7 3358.57 -18946.2 53351.3 1.06929
1098000 1.05 300.456 6.56785 -22253.5 3361.2 -18892.3 53320.9 1.0699
1099000 1.05 299.338 -87.1074 -22254.3 3348.69 -18905.6 53121 1.07392
1100000 1.05 299.637 74.0502 -22282.7 3352.04 -18930.6 53303.3 1.07025
1101000 1.05 298.577 95.8373 -22265 3340.17 -18924.8 53145.6 1.07342
1102000 1.05 300.491 -198.917 -22234.3 3361.59 -18872.7 53017.6 1.07605
1103000 1.05 298.191 69.8981 -22202.3 3335.86 -18866.4 52875.7 1.07891
1104000 1.05 301.087 -162.507 -22248.3 3368.26 -18880 52973.4 1.07693
1105000 1.05 296.703 79.1341 -22231.8 3319.21 -18912.6 53307.8 1.07016
1106000 1.05 301.752 22.5671 -22328.3 3375.69 -18952.6 53606.6 1.06421
1107000 1.05 299.967 96.905 -22282.3 3355.73 -18926.6 53250.9 1.07132
1108000 1.05 300.126 -101.385 -22261.6 3357.5 -18904.1 53528.2 1.06578
1109000 1.05 297.992 -10.3953 -22286.5 3333.63 -18952.9 53309.1 1.07014
1110000 1.05 299.421 -16.4558 -22286 3349.61 -18936.4 53987.9 1.05668
1111000 1.05 299.614 -165.644 -22255.9 3351.77 -18904.2 53722 1.06192
1112000 1.05 299.406 -44.8079 -22278.1 3349.45 -18928.6 53540.7 1.0655
1113000 1.05 300.527 -313.1 -22293.4 3361.99 -18931.4 53342.6 1.06946
1114000 1.05 299.417 -65.7982 -22293 3349.57 -18943.4 53267.2 1.07099
1115000 1.05 299.547 -7.17679 -22259.9 3351.02 -18908.8 53323.1 1.06986
1116000 1.05 299.334 30.7746 -22265.1 3348.64 -18916.5 53372.1 1.06889
1117000 1.05 300.274 -85.4672 -22272.4 3359.16 -18913.3 53200.8 1.07233
1118000 1.05 300.223 -84.2839 -22237.6 3358.59 -18879 53293.1 1.07048
1119000 1.05 299.075 -108.785 -22225.4 3345.75 -18879.7 53241.4 1.0715
1120000 1.05 301.19 -30.9468 -22291.2 3369.41 -18921.8 53387.5 1.06857
1121000 1.05 300.037 -6.06669 -22197.6 3356.51 -18841.1 53343.7 1.06944
1122000 1.05 299.767 127.369 -22299.5 3353.49 -18946.1 53556.9 1.06521
1123000 1.05 300.385 -174.362 -22260.2 3360.4 -18899.8 53955.5 1.05732
1124000 1.05 301.051 -192.813 -22204.4 3367.85 -18836.5 53715.3 1.06204
1125000 1.05 301.342 -302.043 -22226.1 3371.1 -18855 53632.7 1.06368
1126000 1.05 301.418 213.351 -22261.6 3371.95 -18889.6 53380 1.06873
1127000 1.05 299.702 -2.33483 -22308.7 3352.76 -18955.9 53339.6 1.06953
1128000 1.05 299.235 149.47 -22236.2 3347.54 -18888.7 53511.8 1.06609
1129000 1.05 299.427 92.4396 -22244.1 3349.69 -18894.4 53405.6 1.06821
1130000 1.05 297.838 10.4407 -22252 3331.91 -18920.1 53628.8 1.06375
1131000 1.05 300.57 11.6783 -22294.1 3362.47 -18931.6 53745.3 1.06148
1132000 1.05 299.83 -63.031 -22319.6 3354.2 -18965.4 53713.1 1.06209
1133000 1.05 299.209 34.8638 -22223.6 3347.24 -18876.4 53689 1.06256
1134000 1.05 300.947 272.632 -22277.1 3366.69 -18910.4 53567.7 1.06499
1135000 1.05 300.031 -224.703 -22291 3356.44 -18934.6 53515.6 1.06601
1136000 1.05 298.116 -93.3641 -22253.5 3335.02 -18918.5 53118.5 1.07399
1137000 1.05 300.172 -170.47 -22283.1 3358.01 -18925.1 53089.1 1.0746
1138000 1.05 298.893 276.708 -22247.6 3343.71 -18903.9 53398.2 1.06836
1139000 1.05 301.261 161.838 -22235 3370.2 -18864.8 53324.8 1.06982
1140000 1.05 300.141 -119.417 -22256.4 3357.67 -18898.7 53341.4 1.06949
1141000 1.05 299.779 -104.936 -22287.5 3353.62 -18933.9 53394.6 1.06844
1142000 1.05 300.94 -37.3015 -22285.1 3366.61 -18918.5 53157.3 1.07319
1143000 1.05 300.564 -240.662 -22249.9 3362.4 -18887.5 53423.3 1.06786
1144000 1.05 298.543 165.996 -22280.7 3339.8 -18940.9 53474.8 1.06684
1145000 1.05 298.579 145.771 -22315 3340.19 -18974.8 53356.8 1.06919
1146000 1.05 298.945 -171.183 -22307.4 3344.29 -18963.1 53151.7 1.07332
1147000 1.05 299.591 -470.448 -22296.3 3351.52 -18944.8 52852.3 1.07939
1148000 1.05 299.867 -210.969 -22267.5 3354.61 -18912.8 53153.3 1.07328
1149000 1.05 300.107 -35.5872 -22273.4 3357.29 -18916.1 53258.7 1.07115
1150000 1.05 300.041 -128.896 -22231.8 3356.56 -18875.3 53387.5 1.06856
1151000 1.05 298.85 49.9035 -22261.3 3343.23 -18918 53082.8 1.07472
1152000 1.05 299.951 -49.6709 -22300.2 3355.55 -18944.6 53299.3 1.07034
1153000 1.05 300.062 75.4455 -22284.8 3356.79 -18928 53357.2 1.06917
1154000 1.05 300.131 131.21 -22254.5 3357.56 -18897 53569.5 1.06493
1155000 1.05 299.49 -229.725 -22299.9 3350.39 -18949.5 53432.3 1.06767
1156000 1.05 298.331 83.8028 -22316.8 3337.42 -18979.4 53581.8 1.0647
1157000 1.05 301.58 60.7023 -22250.1 3373.76 -18876.4 53335.5 1.06962
1158000 1.05 300.171 -192.483 -22227.1 3358 -18869.1 53418.7 1.06795
1159000 1.05 299.39 225.315 -22221.1 3349.27 -18871.8 53478.4 1.06676
1160000 1.05 298.455 77.8533 -22248.6 3338.82 -18909.8 53842.1 1.05954
1161000 1.05 299.095 215.18 -22310.5 3345.97 -18964.5 53488.6 1.06655
1162000 1.05 300.848 -16.5949 -22209.1 3365.58 -18843.5 53569.2 1.06495
1163000 1.05 299.327 70.7658 -22280.3 3348.56 -18931.8 53253.7 1.07126
1164000 1.05 299.742 -110.498 -22261.9 3353.2 -18908.7 53564.2 1.06504
1165000 1.05 300.876 -3.27165 -22290.2 3365.89 -18924.3 53520.6 1.06591
1166000 1.05 299.723 -137.306 -22290.6 3353 -18937.6 53252.6 1.07129
1167000 1.05 302.145 29.2309 -22292.6 3380.09 -18912.5 53444.2 1.06744
1168000 1.05 300.348 165.438 -22255.5 3359.99 -18895.5 53272.8 1.0709
1169000 1.05 301.273 -19.0245 -22260.8 3370.34 -18890.5 53472.1 1.06688
1170000 1.05 299.125 -10.3062 -22242.7 3346.31 -18896.4 53252.8 1.07131
1171000 1.05 299.485 -48.924 -22232.6 3350.33 -18882.2 52991.6 1.07659
1172000 1.05 300.916 -41.8631 -22292.6 3366.34 -18926.3 53197.1 1.07241
1173000 1.05 298.519 31.1577 -22239.7 3339.53 -18900.2 53183 1.07268
1174000 1.05 301.242 106.528 -22237.9 3369.99 -18867.9 53234.1 1.07167
1175000 1.05 300.207 -18.8802 -22249.1 3358.41 -18890.7 53652.2 1.06335
1176000 1.05 300.214 -81.0031 -22255.9 3358.49 -18897.4 53273.2 1.07085
1177000 1.05 299.916 -106.759 -22273.4 3355.16 -18918.3 53361.3 1.06911
1178000 1.05 300.376 130.799 -22264 3360.3 -18903.7 53743.2 1.06152
1179000 1.05 301.749 -162.448 -22397.5 3375.66 -19021.8 53603.2 1.06427
1180000 1.05 301.157 24.6618 -22348.9 3369.04 -18979.8 53119.5 1.07396
1181000 1.05 300.284 57.8122 -22277.5 3359.27 -18918.2 53514.7 1.06603
1182000 1.05 300.723 98.6853 -22283.5 3364.18 -18919.3 53430 1.06774
1183000 1.05 299.757 59.3423 -22271.1 3353.38 -18917.7 53161.3 1.07311
1184000 1.05 300.065 -55.5991 -22297.1 3356.82 -18940.3 53182.4 1.07268
1185000 1.05 300.097 -65.9438 -22232.7 3357.18 -18875.5 53201.5 1.0723
1186000 1.05 301.797 95.9817 -22179.8 3376.2 -18803.6 53302.7 1.07026
1187000 1.05 299.496 113.969 -22251.3 3350.46 -18900.8 53072.1 1.07494
1188000 1.05 300.356 5.7877 -22215.8 3360.07 -18855.8 53225.2 1.07182
1189000 1.05 299.397 35.7341 -22228.2 3349.35 -18878.9 53572.7 1.06488
1190000 1.05 300.026 30.6254 -22245.2 3356.39 -18888.8 53369.4 1.06893
1191000 1.05 300.2 63.2938 -22232.8 3358.33 -18874.4 53451.1 1.06729
1192000 1.05 299.254 -67.5083 -22245.7 3347.75 -18897.9 53266.9 1.07098
1193000 1.05 301.429 -97.8574 -22308.2 3372.08 -18936.1 53129.6 1.07376
1194000 1.05 298.952 252.259 -22272.6 3344.37 -18928.2 53327.6 1.06976
1195000 1.05 298.159 -73.338 -22239.5 3335.49 -18904 53684 1.06267
1196000 1.05 299.296 -49.6758 -22232.3 3348.22 -18884.1 53750.9 1.06137
1197000 1.05 300.538 -64.6642 -22283.8 3362.11 -18921.7 53759 1.06119
1198000 1.05 301.256 19.6243 -22330.9 3370.15 -18960.8 53152.7 1.07329
1199000 1.05 301.967 -300.378 -22293.6 3378.1 -18915.5 53051.6 1.07534
1200000 1.05 300.487 26.1339 -22226.7 3361.54 -18865.1 53128.4 1.07378
1201000 1.05 297.249 40.2047 -22288.4 3325.32 -18963.1 53016.9 1.07604
1202000 1.05 301.391 58.3232 -22300 3371.66 -18928.3 53404.4 1.06824
1203000 1.05 300.544 -85.5283 -22275.8 3362.18 -18913.6 53502.9 1.06628
1204000 1.05 300.108 -0.789608 -22314.5 3357.3 -18957.2 53376.9 1.06879
1205000 1.05 299.096 -132.684 -22320.1 3345.98 -18974.1 53224 1.07185
1206000 1.05 300.868 -124.498 -22286.4 3365.8 -18920.6 53504.6 1.06624
1207000 1.05 299.084 184.789 -22278.6 3345.84 -18932.8 53208.7 1.07216
1208000 1.05 301.296 -291.191 -22240.4 3370.59 -18869.8 53515.8 1.066
1209000 1.05 301.449 -224.401 -22334.5 3372.31 -18962.2 53257.7 1.0712
1210000 1.05 300.192 173.266 -22164.4 3358.25 -18806.1 53298.7 1.07035
1211000 1.05 298.455 -11.5062 -22239.3 3338.81 -18900.5 53367.3 1.06898
1212000 1.05 299.521 73.5553 -22269.7 3350.73 -18918.9 53247.8 1.07137
1213000 1.05 299.977 15.375 -22270 3355.84 -18914.1 53117.1 1.07401
1214000 1.05 300.692 -214.738 -22274.8 3363.84 -18910.9 53209.5 1.07215
1215000 1.05 299.324 109.656 -22241.2 3348.53 -18892.7 53516.7 1.06599
1216000 1.05 301.03 176.338 -22248.2 3367.62 -18880.5 53603.8 1.06426
1217000 1.05 301.342 343.857 -22220.3 3371.11 -18849.2 53471.2 1.0669
1218000 1.05 300.322 42.3 -22234 3359.7 -18874.3 53320.5 1.06992
1219000 1.05 300.095 -111.161 -22248.9 3357.16 -18891.8 53609.1 1.06415
1220000 1.05 299.37 -17.1112 -22275.7 3349.04 -18926.7 53427.8 1.06777
1221000 1.05 300.437 109.879 -22269.5 3360.98 -18908.5 53683 1.06269
1222000 1.05 299.239 -145.714 -22311.3 3347.58 -18963.7 53692.2 1.0625
1223000 1.05 300.25 6.16678 -22280.4 3358.89 -18921.5 53534.8 1.06564
1224000 1.05 301.097 10.3852 -22278.5 3368.37 -18910.2 53163.6 1.0731
1225000 1.05 299.704 -114.567 -22211.3 3352.79 -18858.5 53281 1.07071
1226000 1.05 300.376 -90.6459 -22284.9 3360.3 -18924.6 53037.7 1.07562
1227000 1.05 300.076 -135.359 -22246.7 3356.95 -18889.7 53148.5 1.07342
1228000 1.05 299.767 105.853 -22300.6 3353.49 -18947.1 53345.3 1.06941
1229000 1.05 299.856 -84.4758 -22221.9 3354.48 -18867.4 53531.1 1.0657
1230000 1.05 298.993 -84.3133 -22236.3 3344.83 -18891.4 53447 1.06738
1231000 1.05 297.401 67.6493 -22271.6 3327.02 -18944.6 53405.6 1.0682
1232000 1.05 300.741 -282.063 -22235.5 3364.39 -18871.1 53717.8 1.062
1233000 1.05 300.334 150.587 -22235.9 3359.83 -18876.1 53491.1 1.06649
1234000 1.05 300.838 118.711 -22253.8 3365.47 -18888.3 53378.1 1.06877
1235000 1.05 298.715 -255.035 -22285.3 3341.72 -18943.6 52904.4 1.07833
1236000 1.05 299.093 262.882 -22265.8 3345.95 -18919.8 53345.2 1.06942
1237000 1.05 301.617 -20.4712 -22247.8 3374.18 -18873.6 53490.5 1.06651
1238000 1.05 301.437 -110.153 -22252.9 3372.17 -18880.8 53268.6 1.07095
1239000 1.05 299.247 -161.564 -22209.1 3347.67 -18861.5 53460.8 1.06712
1240000 1.05 300.126 113.064 -22257.8 3357.5 -18900.3 53653.4 1.06327
1241000 1.05 300.983 28.6872 -22272.4 3367.1 -18905.3 53508.2 1.06616
1242000 1.05 298.193 183.732 -22236.5 3335.87 -18900.7 53370.7 1.06891
1243000 1.05 299.511 52.7224 -22225.5 3350.62 -18874.9 53158.3 1.07317
1244000 1.05 300.529 11.7524 -22206.8 3362.01 -18844.8 53227.2 1.07179
1245000 1.05 301.461 216.69 -22216.5 3372.44 -18844.1 53279.1 1.07077
1246000 1.05 299.958 90.029 -22259.5 3355.62 -18903.9 53279.9 1.07072
1247000 1.05 300.624 -224.535 -22314.6 3363.08 -18951.5 53082.4 1.07472
1248000 1.05 298.299 -169.554 -22281.4 3337.06 -18944.4 53100 1.07435
1249000 1.05 303.463 -177.033 -22267 3394.84 -18872.1 53258.3 1.07117
1250000 1.05 299.39 -90.9415 -22330.3 3349.27 -18981 53407.4 1.06818
1251000 1.05 299.254 219.996 -22332.6 3347.75 -18984.8 53431.1 1.06769
1252000 1.05 300.497 -39.7925 -22332.7 3361.65 -18971.1 53742.1 1.06154
1253000 1.05 299.372 -71.9352 -22353.2 3349.07 -19004.2 53743.2 1.0615
1254000 1.05 297.566 -186.909 -22297.2 3328.87 -18968.3 53376.8 1.06879
1255000 1.05 301.616 99.6875 -22264.9 3374.18 -18890.8 53438.4 1.06755
1256000 1.05 298.175 73.8886 -22221.8 3335.67 -18886.2 53295.4 1.07046
1257000 1.05 298.531 17.5589 -22225.5 3339.66 -18885.8 53772.4 1.06094
1258000 1.05 300.744 -98.8941 -22221.7 3364.42 -18857.3 53371.2 1.0689
1259000 1.05 299.607 -88.6334 -22282.7 3351.69 -18931 53413.8 1.06803
1260000 1.05 300.649 -30.2173 -22236.2 3363.35 -18872.9 53160.3 1.07313
1261000 1.05 300.516 237.497 -22296.5 3361.86 -18934.6 53287.2 1.07057
1262000 1.05 299.885 97.8828 -22299 3354.81 -18944.2 53430.5 1.06771
1263000 1.05 301.508 37.0286 -22278.8 3372.96 -18905.9 53519.2 1.06596
1264000 1.05 302.301 115.265 -22287.1 3381.83 -18905.2 53635.8 1.06365
1265000 1.05 299.048 -168.454 -22332.2 3345.44 -18986.8 53172.1 1.07291
1266000 1.05 301.379 79.6024 -22261.2 3371.52 -18889.7 53407.2 1.06818
1267000 1.05 301.398 -182.23 -22240.1 3371.73 -18868.4 53279.4 1.07074
1268000 1.05 300.831 105.054 -22203.3 3365.39 -18837.9 53450.4 1.06731
1269000 1.05 299.476 -124.712 -22240.4 3350.23 -18890.1 53429.5 1.06776
1270000 1.05 301.16 61.3415 -22232.4 3369.07 -18863.4 53479.2 1.06674
1271000 1.05 300.328 132.021 -22224.6 3359.77 -18864.8 53243.7 1.07144
1272000 1.05 301.011 124.185 -22243.9 3367.4 -18876.5 52781.3 1.08085
1273000 1.05 300.952 45.5479 -22317.1 3366.75 -18950.4 53238.3 1.07156
1274000 1.05 298.167 109.292 -22283.6 3335.59 -18948 53631.2 1.0637
1275000 1.05 301.449 78.6712 -22297.8 3372.3 -18925.5 53377.3 1.06878
1276000 1.05 299.952 179.809 -22265.3 3355.56 -18909.7 53447.6 1.06737
1277000 1.05 300.761 205.951 -22292.6 3364.61 -18928 53478.6 1.06675
1278000 1.05 301.76 -121.177 -22236.1 3375.78 -18860.4 53335.4 1.06962
1279000 1.05 299.108 102.39 -22322.4 3346.11 -18976.3 53138.1 1.07358
1280000 1.05 298.315 -143.02 -22258.5 3337.24 -18921.2 53264.3 1.07106
1281000 1.05 301.42 48.8764 -22293 3371.98 -18921 53345.2 1.06942
1282000 1.05 299.003 120.388 -22273.3 3344.94 -18928.4 53327.5 1.06977
1283000 1.05 301.414 -61.2355 -22251.7 3371.92 -18879.8 53396 1.06841
1284000 1.05 300.554 -57.6107 -22245.8 3362.29 -18883.5 53361.9 1.06909
1285000 1.05 302.336 -130.712 -22276.1 3382.22 -18893.9 53180.4 1.07274
1286000 1.05 301.834 150.269 -22332.9 3376.61 -18956.3 53342.4 1.06946
1287000 1.05 296.843 -45.33 -22354.6 3320.78 -19033.8 53430.2 1.06772
1288000 1.05 298.457 -162.214 -22323.7 3338.84 -18984.9 53241.8 1.07148
1289000 1.05 301.51 155.564 -22313.7 3372.99 -18940.8 52970.8 1.07698
1290000 1.05 300.198 82.5717 -22304.1 3358.31 -18945.8 53151.1 1.07333
1291000 1.05 300.566 72.0633 -22301.8 3362.42 -18939.4 53435 1.06763
1292000 1.05 301.878 -69.6958 -22296.4 3377.1 -18919.3 53304.5 1.07023
1293000 1.05 298.871 -99.3426 -22277.8 3343.46 -18934.3 53320.7 1.06993
1294000 1.05 300.326 -181.095 -22285.8 3359.74 -18926.1 53789.7 1.06061
1295000 1.05 300.166 156.843 -22242.2 3357.95 -18884.3 53580.7 1.06472
1296000 1.05 299.608 208.242 -22255.6 3351.71 -18903.9 53364.9 1.06904
1297000 1.05 299.151 32.3443 -22241.5 3346.6 -18894.9 53095.4 1.07443
1298000 1.05 298.335 265.273 -22308.2 3337.47 -18970.7 53294.5 1.07043
1299000 1.05 299.245 19.105 -22315.2 3347.64 -18967.5 53379.1 1.06873
1300000 1.05 299.907 -164.638 -22224.9 3355.05 -18869.8 53784.5 1.0607
1301000 1.05 299.411 146.449 -22279.2 3349.51 -18929.7 53513 1.06607
1302000 1.05 300.437 -115.68 -22283.1 3360.98 -18922.1 53476.4 1.06681
1303000 1.05 303.438 221.899 -22363.9 3394.56 -18969.3 53317 1.06998
1304000 1.05 301.649 87.0375 -22298 3374.54 -18923.4 53403.5 1.06824
1305000 1.05 300.333 -166.798 -22265.7 3359.82 -18905.9 53356.9 1.0692
1306000 1.05 298.405 -1.87488 -22258.5 3338.25 -18920.3 53127.2 1.0738
1307000 1.05 299.715 -88.4655 -22198.5 3352.91 -18845.6 53100.6 1.07435
1308000 1.05 301.657 25.7327 -22232.5 3374.64 -18857.8 53070.4 1.07497
1309000 1.05 298.26 -172.061 -22287.5 3336.63 -18950.9 53350.4 1.06934
1310000 1.05 300.921 67.6895 -22272.2 3366.4 -18905.8 53237.6 1.07158
1311000 1.05 298.596 21.2431 -22276.2 3340.39 -18935.8 53304.8 1.07023
1312000 1.05 299.452 -33.1123 -22280 3349.97 -18930 53444 1.06745
1313000 1.05 302.929 11.2049 -22287.1 3388.86 -18898.2 52975.3 1.07687
1314000 1.05 299.93 47.7368 -22277.1 3355.31 -18921.7 53833.3 1.05972
1315000 1.05 301.036 -107.322 -22359.4 3367.68 -18991.7 53487.2 1.06658
1316000 1.05 299.701 -43.7888 -22269.5 3352.75 -18916.7 53482.6 1.06667
1317000 1.05 298.92 -35.0633 -22296.7 3344.01 -18952.7 53323.5 1.06984
1318000 1.05 299.516 -24.8343 -22307 3350.67 -18956.3 52894.4 1.07852
1319000 1.05 299.663 53.0835 -22245.9 3352.33 -18893.6 53403.5 1.06825
1320000 1.05 302.145 -38.9262 -22339.7 3380.09 -18959.7 53379.2 1.06874
1321000 1.05 301.891 -26.3025 -22241.4 3377.25 -18864.2 53402.7 1.06828
1322000 1.05 299.358 330.36 -22196.7 3348.91 -18847.8 53416.6 1.06798
1323000 1.05 299.72 100.613 -22258.4 3352.96 -18905.4 53194.7 1.07244
1324000 1.05 299.1 -74.6746 -22302.9 3346.03 -18956.9 53421.3 1.0679
1325000 1.05 300.584 64.5418 -22251.2 3362.63 -18888.5 53344.2 1.06944
1326000 1.05 300.374 -64.1544 -22266.6 3360.28 -18906.3 53009.1 1.07619
1327000 1.05 297.87 201.931 -22328.8 3332.27 -18996.5 53109 1.07417
1328000 1.05 299.04 258.615 -22263 3345.36 -18917.7 53274.1 1.07085
1329000 1.05 298.107 -17.3397 -22296.1 3334.92 -18961.2 53664.5 1.06306
1330000 1.05 299.779 -109.949 -22283 3353.62 -18929.3 53565.6 1.06502
1331000 1.05 301.322 97.3439 -22195.9 3370.89 -18825 53523.3 1.06585
1332000 1.05 300.693 82.6603 -22184.5 3363.85 -18820.7 53457.1 1.06717
1333000 1.05 298.475 28.8541 -22221 3339.04 -18882 53581.8 1.06469
1334000 1.05 300.908 82.4895 -22297.1 3366.25 -18930.9 53238.9 1.07155
1335000 1.05 300.793 122.307 -22250.4 3364.96 -18885.5 53380.4 1.06871
1336000 1.05 301.099 124.108 -22261.7 3368.39 -18893.3 53314.1 1.07006
1337000 1.05 300.67 154.145 -22266.3 3363.59 -18902.7 52948.6 1.07743
1338000 1.05 300.156 -219.886 -22255.4 3357.84 -18897.6 53342.5 1.06947
1339000 1.05 299.998 50.7573 -22218.2 3356.08 -18862.1 53683.5 1.06267
1340000 1.05 298.739 -14.5354 -22188.2 3341.99 -18846.2 53535.5 1.06563
1341000 1.05 301.859 7.1935 -22218.3 3376.89 -18841.5 53601.5 1.06433
1342000 1.05 300.566 90.8778 -22231.6 3362.42 -18869.2 53549.6 1.06533
1343000 1.05 298.658 196.999 -22266.4 3341.08 -18925.3 53420.3 1.06792
1344000 1.05 301.919 270.735 -22250.2 3377.56 -18872.6 53222.4 1.07191
1345000 1.05 299.76 -77.0209 -22332.8 3353.4 -18979.4 53520 1.06592
1346000 1.05 299.375 -52.259 -22336.9 3349.1 -18987.8 53538.5 1.06557
1347000 1.05 300.058 124.799 -22220 3356.74 -18863.2 53480.4 1.06671
1348000 1.05 302.512 -70.9514 -22228.5 3384.2 -18844.3 53539.2 1.06556
1349000 1.05 300 119.269 -22287 3356.09 -18930.9 53218.5 1.07196
1350000 1.05 300.966 -104.852 -22311 3366.9 -18944.1 53402.1 1.06828
1351000 1.05 300.347 54.867 -22327.6 3359.98 -18967.6 53427.7 1.06776
1352000 1.05 300.219 131.469 -22263.4 3358.54 -18904.9 53744.2 1.06148
1353000 1.05 299.456 51.2258 -22339.1 3350 -18989.1 53560.2 1.06512
1354000 1.05 301.281 4.74963 -22321.1 3370.42 -18950.7 53225.5 1.07183
1355000 1.05 298.946 -57.5971 -22277.6 3344.3 -18933.3 53386 1.06863
1356000 1.05 297.723 87.1449 -22266.9 3330.62 -18936.3 53424.8 1.06782
1357000 1.05 302.091 -44.4671 -22238.5 3379.49 -18859 53309.6 1.07013
1358000 1.05 299.278 180.241 -22232.4 3348.01 -18884.4 53300.6 1.07031
1359000 1.05 299.306 100.834 -22214.4 3348.33 -18866.1 53211.6 1.07209
1360000 1.05 299.754 57.1043 -22276.7 3353.34 -18923.4 53342.1 1.06947
1361000 1.05 302.123 -131.298 -22260.9 3379.84 -18881 53338.7 1.06954
1362000 1.05 299.615 -82.6269 -22288.4 3351.79 -18936.6 53346.5 1.06938
1363000 1.05 301.319 -127.598 -22230.1 3370.85 -18859.2 53168 1.07297
1364000 1.05 297.11 98.1323 -22284.4 3323.76 -18960.6 53175.8 1.07282
1365000 1.05 300.962 -52.9137 -22270.8 3366.85 -18903.9 53225.5 1.07181
1366000 1.05 298.617 -7.46559 -22262.8 3340.62 -18922.2 53273.9 1.07084
1367000 1.05 300.787 -83.4719 -22203.9 3364.9 -18839 53447.7 1.06736
1368000 1.05 299.729 53.1748 -22236.7 3353.07 -18883.7 53385.7 1.0686
1369000 1.05 299.072 71.7047 -22276.6 3345.71 -18930.9 53177.6 1.07279
1370000 1.05 301.467 189.84 -22257.7 3372.5 -18885.2 53263.7 1.07107
1371000 1.05 298.571 -4.2141 -22323.5 3340.11 -18983.4 53363.7 1.06904
1372000 1.05 302.723 -148.421 -22233 3386.56 -18846.5 53316.9 1.07
1373000 1.05 300.586 194.263 -22223.2 3362.65 -18860.6 53031.3 1.07574
1374000 1.05 301.749 -283.028 -22286.6 3375.66 -18910.9 53147.8 1.07344
1375000 1.05 300.413 228.052 -22287 3360.71 -18926.3 53363.6 1.06905
1376000 1.05 300.96 -252.869 -22266.2 3366.83 -18899.3 53382.9 1.06865
1377000 1.05 300.428 221.641 -22195.1 3360.88 -18834.2 53246.1 1.0714
1378000 1.05 298.868 118.379 -22196 3343.43 -18852.5 53164 1.07305
1379000 1.05 299.789 -115.874 -22308.3 3353.73 -18954.6 52938.6 1.07763
1380000 1.05 300.097 64.9713 -22260.2 3357.18 -18903 52735.8 1.08177
1381000 1.05 298.238 290.225 -22201.4 3336.38 -18865 53531.1 1.0657
1382000 1.05 301.014 85.4828 -22239.2 3367.44 -18871.8 53441.7 1.06749
1383000 1.05 298.982 133.543 -22286.7 3344.71 -18942 53067.9 1.07502
1384000 1.05 298.884 -183.304 -22267.4 3343.61 -18923.8 53401.7 1.06828
1385000 1.05 300.657 92.9651 -22297.5 3363.44 -18934 53537.1 1.06558
1386000 1.05 298.875 114.808 -22287.1 3343.51 -18943.6 53355.7 1.06921
1387000 1.05 300.025 -80.5876 -22242.7 3356.37 -18886.3 53417 1.06798
1388000 1.05 300.603 -131.604 -22275.5 3362.83 -18912.7 53300.6 1.07031
1389000 1.05 300.016 155.558 -22236.7 3356.28 -18880.4 53308.5 1.07014
1390000 1.05 299.395 -139.839 -22255.8 3349.32 -18906.5 53345.7 1.0694
1391000 1.05 300.548 107.098 -22256.4 3362.22 -18894.2 53314.5 1.07003
1392000 1.05 300.355 29.0977 -22212.7 3360.07 -18852.7 52937.2 1.07765
1393000 1.05 299.256 219.769 -22248.8 3347.77 -18901 53288.6 1.07057
1394000 1.05 299.806 24.0649 -22317.2 3353.92 -18963.3 53443.3 1.06747
1395000 1.05 301.706 155.707 -22278.3 3375.18 -18903.1 53220.2 1.07193
1396000 1.05 299.505 -189.975 -22255.8 3350.55 -18905.2 53344.5 1.06944
1397000 1.05 299.751 33.4254 -22241.4 3353.3 -18888.1 53086.2 1.07464
1398000 1.05 298.781 -5.10479 -22241.7 3342.46 -18899.2 52952.5 1.07735
1399000 1.05 300.158 -147.575 -22251.9 3357.86 -18894 53090.3 1.07456
1400000 1.05 299.567 -109.242 -22296.3 3351.25 -18945 53191.9 1.07252
1401000 1.05 300.188 20.0767 -22222.4 3358.19 -18864.2 53445.3 1.06741
1402000 1.05 298.864 -185.827 -22275.1 3343.38 -18931.7 53589.4 1.06456
1403000 1.05 298.879 26.7422 -22242.7 3343.56 -18899.2 53431.1 1.06769
1404000 1.05 301.568 278.147 -22194.8 3373.64 -18821.1 53510.7 1.06613
1405000 1.05 300.114 -17.5002 -22273 3357.36 -18915.7 53289.3 1.07055
1406000 1.05 299.676 329.619 -22254.5 3352.47 -18902 53365.2 1.06902
1407000 1.05 301.997 74.5981 -22328.2 3378.44 -18949.8 53358.8 1.06916
1408000 1.05 300.506 124.68 -22293.9 3361.76 -18932.1 53627.8 1.0638
1409000 1.05 301.246 20.3491 -22293.3 3370.04 -18923.2 53472.7 1.06687
1410000 1.05 301.277 383.683 -22262.6 3370.38 -18892.2 53644.9 1.06344
1411000 1.05 301.14 88.6313 -22235.8 3368.85 -18867 53630.9 1.06375
1412000 1.05 300.595 -131.908 -22263.6 3362.75 -18900.9 53466.4 1.067
1413000 1.05 300.299 -168.971 -22323.7 3359.44 -18964.3 53415.8 1.068
1414000 1.05 301.33 173.683 -22325.3 3370.97 -18954.4 53491 1.0665
1415000 1.05 300.495 71.5362 -22352.7 3361.63 -18991.1 53625.4 1.06384
1416000 1.05 300.838 -105.973 -22325.9 3365.47 -18960.4 53485.6 1.06662
1417000 1.05 300.357 56.6747 -22247.3 3360.09 -18887.2 53786.6 1.06065
1418000 1.05 300.163 -117.412 -22285.6 3357.92 -18927.7 52944.3 1.07751
1419000 1.05 300.781 9.6525 -22243.1 3364.83 -18878.3 53008.2 1.07623
1420000 1.05 299.653 197.583 -22208.9 3352.21 -18856.7 53080.3 1.07476
1421000 1.05 299.029 77.0261 -22265 3345.23 -18919.8 53088.4 1.07459
1422000 1.05 301.898 -10.1508 -22272 3377.33 -18894.7 53492.4 1.06647
1423000 1.05 299.581 -76.5951 -22340.7 3351.41 -18989.3 53714.9 1.06208
1424000 1.05 299.621 -9.6095 -22327.5 3351.85 -18975.7 53797.8 1.06043
1425000 1.05 299.579 -176.245 -22325.6 3351.39 -18974.2 53383.6 1.06864
1426000 1.05 298.028 7.68043 -22271.9 3334.04 -18937.8 53240.1 1.07153
1427000 1.05 297.91 -50.3385 -22266.8 3332.72 -18934.1 53601.2 1.0643
1428000 1.05 298.936 -69.7477 -22272.4 3344.2 -18928.2 53281.8 1.07074
1429000 1.05 299.381 324.076 -22277.3 3349.17 -18928.1 53184.2 1.07266
1430000 1.05 300.083 -89.8806 -22288.4 3357.02 -18931.3 53519.7 1.06594
1431000 1.05 300.756 105.698 -22252.2 3364.55 -18887.7 53503 1.06631
1432000 1.05 299.555 22.1943 -22215.2 3351.11 -18864 53511.9 1.06609
1433000 1.05 299.031 54.2913 -22250.3 3345.25 -18905 53325.7 1.06984
1434000 1.05 301.069 -228.726 -22267.5 3368.05 -18899.4 53268 1.07098
1435000 1.05 300.083 -215.764 -22233 3357.02 -18876 53176.4 1.07283
1436000 1.05 299.495 76.9636 -22232 3350.44 -18881.6 53302.5 1.0703
1437000 1.05 300.902 -57.8703 -22268.9 3366.19 -18902.7 53283.4 1.07068
1438000 1.05 301.245 124.432 -22254.1 3370.02 -18884.1 53504.2 1.06624
1439000 1.05 299.591 -123.964 -22238.1 3351.52 -18886.6 53418.8 1.06794
1440000 1.05 299.706 254.124 -22284.1 3352.8 -18931.3 53502.8 1.06629
1441000 1.05 302.681 -167.436 -22221.9 3386.08 -18835.8 53841.9 1.05955
1442000 1.05 299.642 333.338 -22299.4 3352.09 -18947.3 53057.4 1.07522
1443000 1.05 298.15 -106.519 -22254.4 3335.4 -18919 53213.7 1.07206
1444000 1.05 300.696 -89.9746 -22254 3363.88 -18890.1 53326.3 1.06981
1445000 1.05 299.589 167.805 -22286 3351.5 -18934.5 53318.9 1.06994
1446000 1.05 301.862 -199.413 -22255.1 3376.92 -18878.2 53386.4 1.06858
1447000 1.05 298.687 -68.2646 -22221.8 3341.41 -18880.4 53578 1.06477
1448000 1.05 299.806 -26.5634 -22257.7 3353.92 -18903.8 53489.3 1.06653
1449000 1.05 298.422 -141.406 -22243.6 3338.44 -18905.1 53070 1.075
1450000 1.05 300.339 115.442 -22252.3 3359.89 -18892.4 53213.7 1.07205
1451000 1.05 301.04 -37.477 -22264.6 3367.72 -18896.9 53676.9 1.06284
1452000 1.05 298.387 207.942 -22247.2 3338.05 -18909.2 53338.9 1.06955
1453000 1.05 299.148 -208.26 -22201.5 3346.56 -18854.9 53738.4 1.06159
1454000 1.05 299.4 -91.1964 -22268.5 3349.38 -18919.1 53387 1.06858
1455000 1.05 300.091 283.314 -22216.3 3357.11 -18859.2 53433.5 1.06765
1456000 1.05 299.366 351.84 -22234.1 3349 -18885.1 53467.1 1.06699
1457000 1.05 299.131 -258.197 -22286.1 3346.38 -18939.7 53444.6 1.06744
1458000 1.05 300.568 138.682 -22299.5 3362.45 -18937 53275.3 1.07081
1459000 1.05 299.119 -110.27 -22191 3346.23 -18844.8 53294.2 1.07045
1460000 1.05 300.005 -169.29 -22227.7 3356.15 -18871.5 53116 1.07403
1461000 1.05 298.927 -137.345 -22254.8 3344.09 -18910.7 53212.1 1.07208
1462000 1.05 298.552 57.8191 -22213.5 3339.89 -18873.7 52919.5 1.07802
1463000 1.05 301.345 -210.667 -22292.2 3371.14 -18921 53287.7 1.07058
1464000 1.05 299.119 113.509 -22313.1 3346.24 -18966.9 53397.4 1.06836
1465000 1.05 297.985 -125.767 -22304 3333.55 -18970.4 53385.6 1.06861
1466000 1.05 298.807 -1.90508 -22281.5 3342.74 -18938.8 53426.9 1.06779
1467000 1.05 298.919 -67.5638 -22303.2 3344 -18959.2 53258.9 1.07114
1468000 1.05 301.003 -46.7255 -22283.4 3367.32 -18916.1 53397 1.06839
1469000 1.05 300.648 -274.905 -22301.6 3363.34 -18938.3 53742.1 1.06151
1470000 1.05 301.311 187.961 -22266.6 3370.76 -18895.8 53515.4 1.06601
1471000 1.05 299.297 106.404 -22255.5 3348.22 -18907.3 53537.4 1.06558
1472000 1.05 299.605 233.489 -22273.5 3351.68 -18921.8 53263.3 1.07106
1473000 1.05 301.882 58.8233 -22279.8 3377.15 -18902.6 53488.8 1.06656
1474000 1.05 299.499 119.34 -22262.1 3350.49 -18911.6 53036.2 1.07567
1475000 1.05 300.137 83.4013 -22252.2 3357.62 -18894.6 53154.4 1.07326
1476000 1.05 298.642 89.9543 -22275.7 3340.9 -18934.8 53075.6 1.07485
1477000 1.05 299.513 220.419 -22270.4 3350.65 -18919.8 53452.9 1.06726
1478000 1.05 299.456 157.625 -22237.7 3350.01 -18887.7 53628.2 1.06377
1479000 1.05 301.4 -506.401 -22292.6 3371.76 -18920.8 53741.5 1.06153
1480000 1.05 301.654 125.647 -22299.9 3374.59 -18925.3 53460.6 1.0671
1481000 1.05 300.677 62.0896 -22287.4 3363.67 -18923.7 53157.3 1.07321
1482000 1.05 300.529 212.166 -22250.1 3362.01 -18888.1 52943.3 1.07752
1483000 1.05 298.173 201.251 -22229.6 3335.65 -18893.9 53274.1 1.07084
1484000 1.05 299.116 -50.0387 -22279.5 3346.2 -18933.3 53193.7 1.07247
1485000 1.05 299.774 134.238 -22266.1 3353.57 -18912.6 53510.6 1.06611
1486000 1.05 300.468 39.7165 -22331.5 3361.33 -18970.2 53396.1 1.06839
1487000 1.05 301.545 -1.56083 -22357.5 3373.37 -18984.2 53358.7 1.06915
1488000 1.05 300.461 30.989 -22306.7 3361.25 -18945.5 53112.2 1.07411
1489000 1.05 299.402 38.216 -22265.8 3349.4 -18916.4 53251.6 1.07131
1490000 1.05 301.037 -46.1581 -22263 3367.7 -18895.3 53117.5 1.07401
1491000 1.05 301.335 -245.536 -22264.7 3371.03 -18893.7 53008.6 1.07622
1492000 1.05 300.074 -12.8332 -22332.6 3356.92 -18975.7 53079.2 1.07477
1493000 1.05 300.922 -48.35 -22272.5 3366.41 -18906.1 53164.4 1.07307
1494000 1.05 300.76 -0.517725 -22256 3364.6 -18891.4 53094.6 1.07447
1495000 1.05 300.173 -52.3525 -22242.3 3358.03 -18884.3 53543.8 1.06544
1496000 1.05 299.134 80.5389 -22269.8 3346.4 -18923.4 53303 1.07029
1497000 1.05 297.998 65.389 -22240.2 3333.7 -18906.5 53284.9 1.07063
1498000 1.05 299.986 1.70872 -22254.8 3355.94 -18898.9 53179.4 1.07279
1499000 1.05 299.533 -554.074 -22356.1 3350.86 -19005.2 53397.5 1.06839
1500000 1.05 300.64 151.913 -22326.1 3363.25 -18962.8 53444.8 1.06742
1501000 1.05 300.649 -7.6548 -22199.2 3363.35 -18835.8 53616.5 1.064
1502000 1.05 300.348 -126.937 -22265.4 3359.98 -18905.4 52905.9 1.0783
1503000 1.05 301.83 -91.6783 -22243.4 3376.57 -18866.9 52994.9 1.0765
1504000 1.05 299.422 38.1426 -22260.6 3349.63 -18910.9 53171.8 1.07289
1505000 1.05 300.926 292.092 -22212 3366.45 -18845.6 53279 1.07074
1506000 1.05 299.226 68.3997 -22278.4 3347.44 -18930.9 53353.6 1.06925
1507000 1.05 299.739 98.414 -22332.2 3353.17 -18979.1 52971 1.07697
1508000 1.05 300.446 129.773 -22286.5 3361.08 -18925.4 52770.2 1.08106
1509000 1.05 298.905 225.913 -22219.7 3343.84 -18875.9 53029.5 1.07578
1510000 1.05 299.211 -45.627 -22215.9 3347.27 -18868.6 53227.6 1.07178
1511000 1.05 299.933 -44.1123 -22215.4 3355.34 -18860.1 53259.5 1.07113
1512000 1.05 299.828 144.786 -22268.4 3354.17 -18914.2 53322.1 1.06988
1513000 1.05 299.454 -61.6092 -22250.8 3349.99 -18900.8 53163 1.07308
1514000 1.05 299.455 -108.823 -22218.1 3350 -18868.1 53532.9 1.06567
1515000 1.05 299.807 164.313 -22245 3353.93 -18891.1 53615.8 1.06402
1516000 1.05 297.114 91.3355 -22354.1 3323.81 -19030.3 53681.8 1.06272
1517000 1.05 300.734 -102.413 -22288.3 3364.3 -18924 53395.8 1.06841
1518000 1.05 301.792 179.235 -22276 3376.14 -18899.8 53021.7 1.07593
1519000 1.05 300.323 70.4819 -22247.9 3359.7 -18888.2 53114.2 1.07407
1520000 1.05 300.164 -48.2068 -22309.5 3357.93 -18951.5 53028 1.07582
1521000 1.05 300.714 -221.885 -22323.8 3364.08 -18959.7 53284.7 1.07063
1522000 1.05 299.989 -102.336 -22342.6 3355.97 -18986.6 53101.7 1.07434
1523000 1.05 299.396 54.1112 -22348.1 3349.33 -18998.7 53036.9 1.07565
1524000 1.05 298.634 50.8703 -22249.3 3340.81 -18908.5 53405.4 1.0682
1525000 1.05 300.021 73.1099 -22257.7 3356.33 -18901.4 53353 1.06925
1526000 1.05 299.291 1.24586 -22254.8 3348.16 -18906.6 53069.5 1.07499
1527000 1.05 298.44 -121.945 -22323 3338.64 -18984.4 52991.7 1.07655
1528000 1.05 298.968 -100.594 -22200 3344.55 -18855.4 53137.4 1.0736
1529000 1.05 299.781 29.5829 -22239.8 3353.64 -18886.2 53300.1 1.07033
1530000 1.05 299.137 -39.5927 -22242.2 3346.44 -18895.8 52878.5 1.07889
1531000 1.05 301.055 -83.2089 -22256.1 3367.9 -18888.2 53061.3 1.07513
1532000 1.05 302.159 -63.1774 -22254.2 3380.25 -18873.9 53182 1.07269
1533000 1.05 299.808 68.1253 -22258.9 3353.95 -18905 53206.2 1.07222
1534000 1.05 299.612 14.0526 -22266.8 3351.75 -18915 53357 1.06919
1535000 1.05 301.935 -110.221 -22253.1 3377.74 -18875.4 53391.1 1.06849
1536000 1.05 299.994 -146.71 -22295.7 3356.03 -18939.6 53518.9 1.06594
1537000 1.05 299.66 254.729 -22258.8 3352.29 -18906.5 53518.1 1.06598
1538000 1.05 298.562 225.287 -22245.4 3340.01 -18905.4 53589.6 1.06453
1539000 1.05 297.882 3.55532 -22241.2 3332.4 -18908.8 53368.6 1.06895
1540000 1.05 301.404 -27.7348 -22209.2 3371.8 -18837.4 53224.5 1.07186
1541000 1.05 302.483 185.094 -22256.3 3383.87 -18872.5 53261.5 1.07111
1542000 1.05 298.591 9.49123 -22267.6 3340.33 -18927.3 53230.4 1.07173
1543000 1.05 299.159 117.272 -22271.5 3346.68 -18924.8 53475.5 1.06681
1544000 1.05 299.963 89.9683 -22255.9 3355.68 -18900.2 53142.2 1.0735
1545000 1.05 297.756 36.8521 -22263.6 3330.99 -18932.6 53181.4 1.07273
1546000 1.05 302.122 143.094 -22263.1 3379.84 -18883.2 53162 1.07312
1547000 1.05 299.261 -112.892 -22222.3 3347.82 -18874.5 53443.1 1.06745
1548000 1.05 300.532 64.4055 -22246.8 3362.05 -18884.7 53349.8 1.06934
1549000 1.05 300.03 83.4786 -22255.6 3356.43 -18899.2 52803.2 1.08042
1550000 1.05 300.727 -47.4515 -22295 3364.22 -18930.8 53079.9 1.07481
1551000 1.05 299.097 -123.105 -22234.5 3346 -18888.5 53027 1.07582
1552000 1.05 300.493 -85.0915 -22180.3 3361.61 -18818.7 53227 1.0718
1553000 1.05 297.92 -164.716 -22238.3 3332.83 -18905.5 53159.3 1.07315
1554000 1.05 300.007 -63.448 -22254.7 3356.18 -18898.5 53247.6 1.07138
1555000 1.05 303.115 -3.94247 -22317.1 3390.94 -18926.2 53029.7 1.07581
1556000 1.05 299.614 -149.235 -22268.9 3351.78 -18917.1 52725.7 1.08198
1557000 1.05 298.546 3.56717 -22243.6 3339.83 -18903.8 53015.9 1.07606
1558000 1.05 299.313 -101.723 -22229.2 3348.41 -18880.8 53502.3 1.0663
1559000 1.05 299.842 -36.6163 -22217.6 3354.32 -18863.3 53279.2 1.07075
1560000 1.05 299.988 -122.72 -22304.9 3355.96 -18949 53148 1.07339
1561000 1.05 299.091 88.8477 -22248 3345.92 -18902.1 53390.7 1.06852
1562000 1.05 298.445 -185.978 -22229.6 3338.69 -18890.9 53333.6 1.06969
1563000 1.05 300.053 125.258 -22224.2 3356.69 -18867.5 53501.4 1.06629
1564000 1.05 299.897 -156.845 -22255.7 3354.94 -18900.8 53278.6 1.07075
1565000 1.05 300.718 -133.891 -22192.6 3364.13 -18828.5 53299.9 1.07032
1566000 1.05 300.858 24.4552 -22268.8 3365.7 -18903.1 53226 1.07182
1567000 1.05 298.479 160.899 -22219.4 3339.08 -18880.3 53219.8 1.07193
1568000 1.05 301.955 -46.8039 -22277.7 3377.96 -18899.7 53279.6 1.07073
1569000 1.05 300.776 -90.8558 -22243.8 3364.78 -18879 53353.3 1.06926
1570000 1.05 299.899 55.6574 -22238.4 3354.96 -18883.4 53362.3 1.06907
1571000 1.05 300.263 12.3108 -22210.9 3359.03 -18851.9 52962.3 1.07716
1572000 1.05 298.533 55.2705 -22250.4 3339.68 -18910.7 52834.8 1.07973
1573000 1.05 299.619 5.08821 -22304.1 3351.83 -18952.3 53050.8 1.07535
1574000 1.05 300.516 -92.7203 -22284.8 3361.87 -18922.9 53226 1.07186
1575000 1.05 299.647 9.61084 -22234 3352.14 -18881.8 52889.2 1.07864
1576000 1.05 299.829 103.743 -22158.1 3354.18 -18803.9 53022.3 1.07593
1577000 1.05 300.951 -28.5939 -22204.4 3366.73 -18837.6 52830.3 1.07984
1578000 1.05 300.927 -110.101 -22275.1 3366.47 -18908.6 53231.8 1.0717
1579000 1.05 300.168 -165.085 -22266.4 3357.97 -18908.4 53008.5 1.0762
1580000 1.05 299.133 -276.416 -22330 3346.4 -18983.6 52937.7 1.07765
1581000 1.05 300.365 186.102 -22250.3 3360.18 -18890.2 53343.2 1.0695
1582000 1.05 301.201 -58.4529 -22254.6 3369.53 -18885.1 53203.8 1.07228
1583000 1.05 300.155 -228.069 -22259.9 3357.83 -18902.1 53577.8 1.06479
1584000 1.05 297.763 3.94887 -22273.4 3331.07 -18942.4 53480.6 1.06673
1585000 1.05 299.405 -123.552 -22281.6 3349.43 -18932.1 53390.6 1.06851
1586000 1.05 299.016 163.508 -22262.5 3345.09 -18917.4 53462.1 1.06708
1587000 1.05 301.55 41.9679 -22283 3373.44 -18909.5 53278.4 1.07078
1588000 1.05 299.474 23.7695 -22364.4 3350.21 -19014.2 53413.2 1.06805
1589000 1.05 299.983 15.8874 -22311.3 3355.9 -18955.4 53159.1 1.07316
1590000 1.05 300.947 -88.8497 -22266.9 3366.69 -18900.3 53170.3 1.07294
1591000 1.05 298.724 91.1553 -22250.6 3341.81 -18908.8 53402.1 1.06826
1592000 1.05 301.992 -132.176 -22283.5 3378.38 -18905.2 53148.2 1.07339
1593000 1.05 300.585 -40.7906 -22274 3362.64 -18911.4 53086 1.07463
1594000 1.05 299.551 178.116 -22290.3 3351.08 -18939.2 53381.3 1.06872
1595000 1.05 301.649 29.8796 -22259.4 3374.54 -18884.8 53268.3 1.07095
1596000 1.05 298.358 11.6312 -22259.3 3337.72 -18921.6 53541.6 1.0655
1597000 1.05 299.178 128.62 -22274.9 3346.9 -18928 53464.8 1.06702
1598000 1.05 297.573 -34.2486 -22249.8 3328.94 -18920.9 53380.2 1.06871
1599000 1.05 299.44 199.992 -22254.5 3349.82 -18904.7 53178.8 1.07278
1600000 1.05 298.995 122.872 -22274.5 3344.85 -18929.7 52834.2 1.07975
