# Time-averaged data for fix msd_avg
# TimeStep c_msd_water[1] c_msd_water[2] c_msd_water[3] c_msd_water[4]
601000 0.67184 0.663581 0.651889 1.98731
602000 1.59833 1.59385 1.61588 4.80805
603000 2.60834 2.48682 2.57215 7.66731
604000 3.60913 3.39621 3.63058 10.6359
605000 4.68081 4.57587 4.8412 14.0979
606000 5.74285 5.32722 5.92172 16.9918
607000 6.27527 6.39527 6.75802 19.4285
608000 6.94598 7.45208 7.55494 21.953
609000 7.6752 7.8776 8.33457 23.8874
610000 8.66296 8.74414 9.59152 26.9986
611000 9.56118 9.87221 10.7572 30.1906
612000 10.5256 11.0239 11.5146 33.0641
613000 11.346 12.2303 12.5521 36.1284
614000 11.998 12.7161 14.0669 38.781
615000 12.4872 14.0872 15.2788 41.8532
616000 13.4522 15.6171 16.3856 45.455
617000 14.2862 16.3728 17.9488 48.6078
618000 15.7847 17.5663 18.8804 52.2314
619000 17.0123 18.2843 19.812 55.1086
620000 18.1685 19.2284 21.2275 58.6245
621000 19.0123 20.3605 22.4073 61.7801
622000 19.8276 21.2725 22.9267 64.0267
623000 20.5153 22.4981 24.0358 67.0492
624000 21.5529 23.5361 25.1018 70.1907
625000 22.6856 24.2086 25.8224 72.7165
626000 23.4416 25.1497 26.3283 74.9196
627000 24.5189 26.037 27.7078 78.2637
628000 25.9434 27.3262 28.5429 81.8125
629000 27.3075 27.6007 29.6352 84.5434
630000 29.2236 28.3965 30.7685 88.3886
631000 30.0412 29.2265 31.8984 91.1661
632000 31.6307 30.4045 33.0414 95.0766
633000 32.6363 30.8849 33.3933 96.9146
634000 33.139 32.3362 33.8687 99.3439
635000 34.5281 34.6355 34.3448 103.508
636000 34.6727 34.7811 35.045 104.499
637000 35.3259 35.4839 36.9464 107.756
638000 37.2497 37.0467 38.0116 112.308
639000 37.9212 37.3189 38.3075 113.548
640000 39.1085 38.2795 39.1945 116.583
641000 39.5104 39.1647 40.2764 118.952
642000 39.9563 40.045 40.5187 120.52
643000 40.4973 41.4106 40.8944 122.802
644000 41.1493 41.7666 41.9175 124.833
645000 42.2219 43.4684 42.6341 128.324
646000 42.9238 45.4973 43.5252 131.946
647000 44.8708 47.4301 44.9672 137.268
648000 45.9051 48.2215 46.2382 140.365
649000 46.4484 49.2107 47.7151 143.374
650000 48.7218 49.7227 48.8944 147.339
651000 50.2545 51.0251 50.3234 151.603
652000 51.0069 51.371 51.4177 153.796
653000 53.0737 52.3176 52.9667 158.358
654000 53.8975 54.3281 53.4872 161.713
655000 54.7285 55.4329 53.422 163.583
656000 55.775 55.6074 54.8264 166.209
657000 57.3431 55.9521 56.5962 169.891
658000 57.7841 57.7148 58.6214 174.12
659000 58.8292 58.6522 60.5114 177.993
660000 60.1184 58.7461 61.0783 179.943
661000 60.0537 59.7601 62.7988 182.613
662000 60.4486 60.7458 63.5107 184.705
663000 62.2236 61.3936 64.7966 188.414
664000 62.5159 62.4326 65.7553 190.704
665000 62.4895 63.0235 65.8987 191.412
666000 63.9372 64.1861 66.9566 195.08
667000 64.9073 65.3596 68.5808 198.848
668000 66.2162 66.7569 68.531 201.504
669000 66.2438 67.3251 68.432 202.001
670000 66.8193 68.4228 69.6806 204.923
671000 67.3167 69.7253 70.7263 207.768
672000 68.7709 69.7303 71.1945 209.696
673000 69.6237 70.0137 72.7934 212.431
674000 69.9078 70.4373 73.8199 214.165
675000 70.017 71.2593 74.8594 216.136
676000 70.9929 72.8155 76.0049 219.813
677000 72.0591 73.8221 77.1613 223.042
678000 73.7654 75.2625 77.2806 226.308
679000 75.1508 76.3788 78.6012 230.131
680000 74.9402 77.6872 79.5545 232.182
681000 75.7169 78.5537 80.2273 234.498
682000 76.4465 79.8237 80.2969 236.567
683000 77.3412 80.5517 81.547 239.44
684000 78.1059 81.0458 83.3726 242.524
685000 78.0151 82.2976 84.2062 244.519
686000 78.3813 82.7429 84.3508 245.475
687000 80.4302 83.84 86.178 250.448
688000 80.8893 84.3104 87.3365 252.536
689000 81.4316 85.9978 87.8966 255.326
690000 82.364 87.6842 89.7085 259.757
691000 83.0647 89.0558 91.2434 263.364
692000 83.7307 90.3835 92.4237 266.538
693000 84.0516 90.7737 93.3487 268.174
694000 84.9236 91.8717 94.0755 270.871
695000 85.554 93.6152 95.8849 275.054
696000 86.2758 94.3235 96.4992 277.098
697000 86.3178 95.9002 97.5892 279.807
698000 86.926 97.5394 98.3085 282.774
699000 88.4991 98.8243 99.8501 287.173
700000 88.6179 98.6273 100.017 287.262
701000 89.9836 100.384 101.076 291.444
702000 90.9419 100.158 102.827 293.926
703000 91.4866 100.107 103.193 294.786
704000 91.1781 100.694 103.924 295.795
705000 91.8235 102.713 105.484 300.021
706000 92.4594 104.769 106.384 303.612
707000 92.6451 106.388 107.39 306.423
708000 93.4842 107.107 107.442 308.033
709000 95.246 107.289 108.205 310.74
710000 96.1208 108.559 109.454 314.133
711000 97.747 110.35 110.654 318.752
712000 98.4008 111.65 111.15 321.202
713000 99.3006 112.025 112.033 323.359
714000 99.9456 112.098 112.322 324.365
715000 100.063 111.58 112.922 324.564
716000 101.26 113.264 114.597 329.121
717000 100.994 114.343 114.91 330.247
718000 102.172 116.869 117.016 336.057
719000 103.363 117.536 118.455 339.354
720000 104.649 119.613 118.655 342.917
721000 105.403 120.086 118.908 344.397
722000 107.25 121.818 119.751 348.819
723000 109.055 123.202 120.613 352.87
724000 110.617 123.289 121.704 355.61
725000 112.327 123.934 122.413 358.673
726000 112.064 123.571 122.787 358.422
727000 112.584 124.536 124.565 361.685
728000 114.189 125.913 126.072 366.174
729000 114.252 126.145 125.932 366.328
730000 115.128 126.281 126.828 368.237
731000 116.689 127.055 127.637 371.381
732000 117.08 129.152 128.678 374.91
733000 117.96 129.986 129.536 377.483
734000 118.272 130.493 130.287 379.051
735000 119.51 131.409 130.933 381.852
736000 119.885 131.282 131.666 382.833
737000 121.226 132.323 133.232 386.78
738000 122.331 133.027 135.087 390.445
739000 122.733 133.509 135.57 391.812
740000 123.021 134.377 136.433 393.831
741000 124.015 134.964 137.179 396.158
742000 124.545 135.547 136.876 396.968
743000 125.499 137.385 138.497 401.382
744000 125.814 138.986 139.934 404.734
745000 126.533 139.287 140.982 406.803
746000 127.289 140.489 141.964 409.742
747000 127.865 140.308 143.012 411.186
748000 128.857 141.545 144.04 414.443
749000 130.191 143.637 144.351 418.178
750000 130.367 144.195 144.858 419.42
751000 131.009 144.604 145.895 421.508
752000 130.979 145.046 147.278 423.303
753000 132.962 145.818 148.361 427.14
754000 133.495 148.472 149.018 430.986
755000 135.636 151.126 150.185 436.947
756000 134.182 151.988 149.689 435.859
757000 134.575 152.809 150.535 437.919
758000 135.699 154.281 151.915 441.895
759000 136.76 155.213 153.274 445.247
760000 135.694 154.708 152.471 442.873
761000 136.922 155.91 153.932 446.763
762000 137.838 158.337 154.911 451.086
763000 138.506 160.053 155.611 454.17
764000 139.983 162.943 157.354 460.281
765000 140.265 163.886 157.823 461.974
766000 139.407 163.912 158.21 461.529
767000 139.619 164.687 159.05 463.356
768000 140.209 165.598 160.691 466.499
769000 141.2 167.755 162.023 470.978
770000 142.115 167.252 162.73 472.097
771000 143.576 168.41 163.863 475.849
772000 142.25 167.942 163.378 473.57
773000 142.866 168.553 164.345 475.764
774000 144.066 170.116 165.459 479.64
775000 145.296 172.178 167.243 484.718
776000 146.903 175.199 169.257 491.359
777000 147.523 176.341 169.782 493.646
778000 149.189 177.528 170.35 497.067
779000 150.006 177.242 171.176 498.424
780000 152.04 178.595 173.128 503.763
781000 153.13 179.052 174.46 506.642
782000 153.658 179.971 174.767 508.396
783000 154.079 181.141 175.434 510.655
784000 154.891 182.798 176.755 514.443
785000 155.988 183.518 176.803 516.308
786000 157.61 183.854 178.157 519.622
787000 158.212 183.986 179.082 521.28
788000 158.131 185.32 180.744 524.195
789000 158.703 185.93 181.746 526.379
790000 159.398 186.79 182.373 528.561
791000 159.7 188.082 183.944 531.726
792000 161.097 190.908 185.547 537.552
793000 160.984 190.988 184.788 536.76
794000 162.815 193.118 186.232 542.164
795000 164.053 195.21 186.327 545.59
796000 165.407 194.697 186.338 546.442
797000 165.222 195.602 187.997 548.821
798000 167.024 197.092 190.347 554.463
799000 166.686 196.599 190.219 553.505
800000 166.97 196.075 190.269 553.314
801000 169.286 196.303 192.443 558.032
802000 171.144 196.738 191.769 559.652
803000 172.78 197.234 192.834 562.849
804000 172.852 197.904 193.642 564.398
805000 173.981 199.047 194.678 567.707
806000 176.27 200.139 195.945 572.354
807000 177.697 201.578 197.328 576.603
808000 179.243 202.708 197.152 579.103
809000 179.341 204.072 196.948 580.362
810000 180.731 206.196 198.424 585.351
811000 181.99 206.575 198.289 586.854
812000 183.262 208.437 199.898 591.597
813000 184.013 208.628 199.905 592.546
814000 184.677 207.968 200.781 593.426
815000 185.913 209.566 201.105 596.583
816000 186.67 211.191 201.743 599.603
817000 188.851 213.342 204.494 606.688
818000 189.555 215.236 204.547 609.338
819000 191.173 215.36 204.401 610.934
820000 194.867 218.167 207.281 620.315
821000 195.327 218.417 208.051 621.796
822000 196.727 220.361 208.956 626.044
823000 196.561 220.569 207.829 624.959
824000 197.624 223.112 208.675 629.411
825000 197.957 224.137 209.479 631.572
826000 199.023 224.23 209.411 632.663
827000 200.258 225.324 210.67 636.251
828000 198.424 223.092 209.689 631.204
829000 200.618 226.352 212.271 639.241
830000 202.079 228.297 213.377 643.754
831000 201.563 228.121 213.795 643.48
832000 204.125 230.702 214.38 649.207
833000 205.412 233.195 215.095 653.702
834000 204.283 232.431 214.766 651.481
835000 204.983 232.147 214.589 651.719
836000 205.663 232.157 215.248 653.068
837000 205.946 232.865 216.088 654.898
838000 207.645 234.164 217.939 659.748
839000 208.146 233.697 218.406 660.248
840000 208.11 233.434 219.027 660.57
841000 208.725 234.258 220.722 663.705
842000 211.003 235.471 222.731 669.205
843000 210.734 234.966 224.987 670.688
844000 211.099 236.128 226.265 673.492
845000 211.934 236.634 227.205 675.772
846000 211.562 236.655 226.929 675.146
847000 213.213 237.826 227.621 678.66
848000 214.694 239.34 230.27 684.304
849000 215.082 240.252 231.52 686.853
850000 216.829 242.522 233.952 693.303
851000 216.484 242.883 233.803 693.17
852000 217.637 244.121 235.488 697.247
853000 218.853 246.175 236.48 701.507
854000 218.726 247.147 236.695 702.567
855000 220.703 249.183 239.257 709.143
856000 220.827 250.174 238.177 709.178
857000 221.96 250.947 237.183 710.09
858000 224.412 252.668 237.966 715.046
859000 224.874 254.527 239.12 718.521
860000 224.782 253.961 238.994 717.737
861000 226.477 255.093 239.598 721.167
862000 227.461 254.993 240.468 722.922
863000 228.623 256.253 241.799 726.675
864000 231.34 257.168 242.627 731.135
865000 233.624 258.417 243.642 735.683
866000 231.391 257.858 242.828 732.077
867000 233.024 260.284 243.301 736.608
868000 234.097 262.481 243.619 740.196
869000 234.891 264.251 244.994 744.136
870000 234.867 263.921 246.487 745.276
871000 235.965 264.764 249.018 749.747
872000 236.702 266.106 249.144 751.952
873000 238.402 267.42 251.608 757.43
874000 239.182 268.285 251.559 759.026
875000 240.525 269.611 251.731 761.867
876000 240.699 271.566 252.3 764.564
877000 242.241 272.619 251.905 766.765
878000 242.379 272.746 252.79 767.915
879000 242.189 273.196 253.19 768.575
880000 241.883 272.621 254.171 768.675
881000 242.937 274.795 256.917 774.65
882000 242.088 274.443 257.152 773.683
883000 243.687 277.178 258.712 779.577
884000 245.501 278.215 259.714 783.43
885000 243.291 275.904 257.611 776.806
886000 244.912 277.1 259.585 781.598
887000 247.029 278.59 260.738 786.357
888000 246.619 279.505 260.391 786.515
889000 246.715 279.719 261.728 788.162
890000 246.979 279.595 262.883 789.457
891000 247.552 278.632 263.116 789.3
892000 247.909 279.523 263.324 790.756
893000 250.651 283.393 265.784 799.828
894000 250.975 284.436 266.853 802.264
895000 251.23 284.472 266.221 801.924
896000 252.617 286.677 268.342 807.635
897000 253.739 287.526 269.221 810.486
898000 254.877 287.745 268.195 810.818
899000 256.755 289.949 271.473 818.178
900000 257.291 292.141 274.406 823.838
901000 256.373 292.112 274.782 823.267
902000 256.536 294.006 275.513 826.055
903000 258.68 296.54 278.059 833.28
904000 259.722 297.115 277.857 834.694
905000 260.894 297.697 278.467 837.057
906000 263.817 300.846 280.596 845.259
907000 265.547 300.758 281.432 847.736
908000 264.666 300.174 280.317 845.158
909000 266.324 301.576 281.089 848.988
910000 268.107 302.182 280.837 851.126
911000 268.606 303.197 280.556 852.359
912000 269.486 305.841 282.119 857.446
913000 269.111 306.176 282.791 858.078
914000 269.637 307.98 283.065 860.682
915000 268.468 306.651 283.16 858.278
916000 268.38 306.359 283.072 857.811
917000 269.942 307.867 283.807 861.617
918000 269.724 308.277 283.986 861.987
919000 271.005 309.608 286.216 866.83
920000 272.768 310.129 287.06 869.957
921000 273.779 310.827 287.479 872.086
922000 273.564 311.383 287.436 872.382
923000 275.29 311.609 288.038 874.938
924000 277.531 313.433 289.674 880.637
925000 276.862 313.867 288.447 879.176
926000 278.732 315.96 289.453 884.145
927000 280.705 317.217 290.215 888.137
928000 281.596 318.382 290.537 890.516
929000 282.12 317.473 289.658 889.252
930000 283.008 317.829 290.65 891.486
931000 285.957 320.226 293.135 899.318
932000 285.925 319.824 294.292 900.041
933000 286.74 319.976 294.84 901.557
934000 288.244 321.067 298.231 907.541
935000 288.153 322.204 298.462 908.819
936000 289.936 325.139 299.963 915.038
937000 291.337 325.862 299.898 917.097
938000 290.62 326.505 298.112 915.237
939000 292.06 327.245 298.881 918.186
940000 293.248 328.363 300.173 921.784
941000 294.431 329.285 302.211 925.927
942000 294.872 331.17 303.035 929.076
943000 294.323 330.385 303.143 927.851
944000 296.208 332.224 304.106 932.538
945000 296.996 334.244 306.649 937.889
946000 298.799 334.868 308.382 942.049
947000 299.168 334.511 309.641 943.319
948000 300.02 336.504 312.104 948.628
949000 301.017 338.522 313.739 953.278
950000 301.362 339.638 315.273 956.273
951000 302.755 340.978 316.042 959.776
952000 305.486 342.299 317.634 965.419
953000 307.565 343.773 319.376 970.714
954000 308.713 346.034 321.477 976.223
955000 308.05 347.07 321.524 976.644
956000 307.792 346.845 321.249 975.886
957000 309.328 347.712 321.403 978.444
958000 309.551 347.358 320.667 977.576
959000 310.346 350.333 322.594 983.274
960000 311.311 352.251 322.749 986.31
961000 311.509 352.479 322.639 986.626
962000 313.213 354.211 323.621 991.045
963000 314.489 354.365 324.1 992.955
964000 317.612 357.168 324.73 999.51
965000 317.78 357.702 325.375 1000.86
966000 319.278 360.104 327.507 1006.89
967000 317.928 359.636 328.061 1005.63
968000 318.616 359.797 328.816 1007.23
969000 319.408 358.776 329.56 1007.74
970000 320.627 360.209 330.718 1011.55
971000 319.527 362.92 332.423 1014.87
972000 318.496 362.429 330.407 1011.33
973000 319.704 363.183 330.993 1013.88
974000 319.848 362.721 332.257 1014.83
975000 321.892 365.106 335.803 1022.8
976000 322.691 366.847 336.875 1026.41
977000 324.14 366.876 337.573 1028.59
978000 325.752 367.356 337.954 1031.06
979000 326.229 369.284 340.875 1036.39
980000 327.186 371.114 342.076 1040.38
981000 328.602 372.686 343.008 1044.3
982000 329.054 373.986 344.448 1047.49
983000 330.325 374.679 345.089 1050.09
984000 329.298 373.684 344.979 1047.96
985000 330.972 378.288 348.197 1057.46
986000 330.421 380.337 349.443 1060.2
987000 332.434 380.858 350.007 1063.3
988000 334.498 382.876 351.753 1069.13
989000 336.583 383.23 352.477 1072.29
990000 335.945 382.507 350.775 1069.23
991000 336.227 383.437 352.639 1072.3
992000 336.174 383.167 353.728 1073.07
993000 339.769 384.898 357.389 1082.06
994000 341.321 387.078 360.001 1088.4
995000 340.278 385.8 358.273 1084.35
996000 342.329 384.356 358.684 1085.37
997000 342.617 383.658 357.994 1084.27
998000 342.858 382.071 357.748 1082.68
999000 343.603 382.346 360.089 1086.04
1000000 345.737 385.168 363.824 1094.73
1001000 347.499 386.915 364.179 1098.59
1002000 349.544 388.767 365.785 1104.1
1003000 353.45 388.363 367.985 1109.8
1004000 353.345 387.93 367.994 1109.27
1005000 353.095 387.376 367.83 1108.3
1006000 355.213 389.398 371.706 1116.32
1007000 354.437 388.897 371.801 1115.13
1008000 356.641 390.024 373.607 1120.27
1009000 357.923 392.413 374.684 1125.02
1010000 357.946 393.243 374.131 1125.32
1011000 357.974 394.904 374.605 1127.48
1012000 357.56 393.791 372.958 1124.31
1013000 361.767 397.69 377.183 1136.64
1014000 361.548 397.894 377.728 1137.17
1015000 363.505 398.08 378.638 1140.22
1016000 365.699 399.076 380.193 1144.97
1017000 366.618 400.575 381.981 1149.17
1018000 367.432 401.766 383.349 1152.55
1019000 367.059 403.062 385.285 1155.41
1020000 369.367 405.72 388.211 1163.3
1021000 371.481 406.666 390.721 1168.87
1022000 370.365 406.399 390.543 1167.31
1023000 370.92 406.353 390.338 1167.61
1024000 372.739 407.987 392.347 1173.07
1025000 375.34 410.182 394.886 1180.41
1026000 375.25 410.48 395.114 1180.84
1027000 379.07 412.149 397.101 1188.32
1028000 384.021 416.111 399.764 1199.9
1029000 383.705 416.82 399.208 1199.73
1030000 383.872 419.111 399.764 1202.75
1031000 382.982 418.284 398.994 1200.26
1032000 383.809 419.818 399.117 1202.74
1033000 385.16 420.395 400.445 1206
1034000 386.234 419.141 400.417 1205.79
1035000 385.408 419.346 401.241 1205.99
1036000 386.765 422.66 401.504 1210.93
1037000 389.774 426.122 406.051 1221.95
1038000 390.69 428.428 405.213 1224.33
1039000 387.907 427.265 402.722 1217.89
1040000 389.533 429.775 404.19 1223.5
1041000 394.283 432.398 406.405 1233.09
1042000 395.485 431.39 405.831 1232.71
1043000 395.714 432.166 406.436 1234.32
1044000 397.612 434.295 407.28 1239.19
1045000 401.735 437.78 409.737 1249.25
1046000 399.114 435.831 408.835 1243.78
1047000 400.979 438.429 411.314 1250.72
1048000 400.755 438.941 410.863 1250.56
1049000 401.253 439.93 412.181 1253.36
1050000 402.156 439.655 414.924 1256.73
1051000 402.66 438.874 414.82 1256.35
1052000 404.638 440.551 417.396 1262.59
1053000 407.001 441.518 420.333 1268.85
1054000 408.247 441.627 420.611 1270.49
1055000 411.393 442.751 420.868 1275.01
1056000 413.356 443.275 421.914 1278.55
1057000 415.32 443.685 422.641 1281.65
1058000 416.131 442.992 422.177 1281.3
1059000 419.693 445.315 426.585 1291.59
1060000 421.464 446.096 426.998 1294.56
1061000 422.194 447.773 429.055 1299.02
1062000 421.245 446.315 428.206 1295.77
1063000 423.692 446.55 428.877 1299.12
1064000 424.704 447.342 429.906 1301.95
1065000 426.489 449.416 430.449 1306.35
1066000 425.943 449.656 429.76 1305.36
1067000 425.408 450.262 430.074 1305.74
1068000 425.039 448.985 429.802 1303.83
1069000 425.704 450.417 429.671 1305.79
1070000 430.338 453.984 430.81 1315.13
1071000 432.804 455.983 432.743 1321.53
1072000 432.585 457.657 434.003 1324.25
1073000 431.248 456.607 433.175 1321.03
1074000 433.176 457.46 433.203 1323.84
1075000 433.497 458.07 432.863 1324.43
1076000 435.207 459.603 434.986 1329.8
1077000 436.448 461.555 438.185 1336.19
1078000 435.102 459.926 435.969 1331
1079000 436.091 460.886 439.831 1336.81
1080000 439.042 464.579 444.107 1347.73
1081000 438.049 464.267 443.946 1346.26
1082000 437.925 466.034 443.249 1347.21
1083000 440.494 467.375 446.332 1354.2
1084000 441.627 468.482 448.75 1358.86
1085000 442.11 469.09 450.492 1361.69
1086000 444.551 470.417 453.029 1368
1087000 442.792 467.305 452.185 1362.28
1088000 442.996 469.246 455.02 1367.26
1089000 444.182 472.501 456.971 1373.65
1090000 445.467 472.134 457.979 1375.58
1091000 444.873 470.198 458.303 1373.37
1092000 446.984 472.229 459.759 1378.97
1093000 448.499 474 461.282 1383.78
1094000 449.112 474.253 462.491 1385.86
1095000 450.153 475.02 463.723 1388.89
1096000 453.062 480.931 469.754 1403.75
1097000 454.551 481.957 470.065 1406.57
1098000 455.557 483.154 470.837 1409.55
1099000 455.471 480.403 470.559 1406.43
1100000 455.371 479.326 469.558 1404.26
1101000 459.525 482.501 472.973 1415
1102000 461.743 484.06 476.236 1422.04
1103000 459.352 479.18 472.361 1410.89
1104000 462.258 482.762 477.118 1422.14
1105000 461.876 481.325 477.799 1421
1106000 462.626 480.248 478.805 1421.68
1107000 462.837 481.367 479.977 1424.18
1108000 464.653 484.704 484.445 1433.8
1109000 462.094 483.227 483.116 1428.44
1110000 464.18 486.224 487.034 1437.44
1111000 463.647 488.331 487.647 1439.62
1112000 462.814 488.039 488.847 1439.7
1113000 461.035 486.409 487.761 1435.2
1114000 462.768 489.271 490.087 1442.13
1115000 466.292 494.892 495.354 1456.54
1116000 465.513 494.557 494.089 1454.16
1117000 467.42 497.643 494.694 1459.76
1118000 469.161 496.823 494.232 1460.22
1119000 470.931 497.423 496.22 1464.57
1120000 471.997 498.774 497.003 1467.77
1121000 468.201 498.161 495.986 1462.35
1122000 469.589 501.115 499.266 1469.97
1123000 468.94 500.762 499.635 1469.34
1124000 469.027 501.268 499.662 1469.96
1125000 471.387 503.522 501.376 1476.29
1126000 471.633 503.813 499.608 1475.05
1127000 471.419 503.165 499.065 1473.65
1128000 473.242 504.673 502.077 1479.99
1129000 473.833 505.899 504.339 1484.07
1130000 474.086 507.252 504.852 1486.19
1131000 473.979 507.45 505.991 1487.42
1132000 473.945 506.516 506.161 1486.62
1133000 473.224 503.736 505.571 1482.53
1134000 475.476 504.612 505.526 1485.61
1135000 477.441 505.863 506.164 1489.47
1136000 478.082 506.295 507.503 1491.88
1137000 479.411 509.015 509.938 1498.36
1138000 480.821 510.62 508.923 1500.36
1139000 481.691 510.741 509.238 1501.67
1140000 482.242 509.522 508.834 1500.6
1141000 484.959 511.561 510.553 1507.07
1142000 487.452 514.784 513.396 1515.63
1143000 487.267 514.705 512.978 1514.95
1144000 488.494 514.227 512.022 1514.74
1145000 488.816 513.312 511.424 1513.55
1146000 491.147 516.033 514.304 1521.48
1147000 490.22 515.623 512.485 1518.33
1148000 491.315 515.831 514.175 1521.32
1149000 491.304 514.763 515.91 1521.98
1150000 489.212 513.075 515.683 1517.97
1151000 490.141 512.11 517.633 1519.88
1152000 493.336 514.358 520.656 1528.35
1153000 493.502 515.016 519.107 1527.63
1154000 495.576 516.496 518.343 1530.41
1155000 497.022 518.348 520.584 1535.95
1156000 494.303 517.257 517.84 1529.4
1157000 497.935 519.004 519.972 1536.91
1158000 501.297 522.172 524.328 1547.8
1159000 500.986 521.977 523.149 1546.11
1160000 502.597 525.831 524.894 1553.32
1161000 501.015 523.491 523.219 1547.73
1162000 501.598 526.961 525.779 1554.34
1163000 500.602 527.346 527.988 1555.94
1164000 501.944 529.115 529.136 1560.19
1165000 502.269 528.482 527.137 1557.89
1166000 504.355 530.229 528.262 1562.85
1167000 502.052 526.71 526.592 1555.35
1168000 505.134 530.053 527.476 1562.66
1169000 506.371 532.254 529.562 1568.19
1170000 512.962 538.058 535.887 1586.91
1171000 513.501 537.767 537.027 1588.3
1172000 511.644 536.154 535.362 1583.16
1173000 512.409 536.995 534.92 1584.32
1174000 512.823 538.642 533.698 1585.16
1175000 516.129 542.713 536.976 1595.82
1176000 514.62 542.503 536.077 1593.2
1177000 515.369 544.733 539.057 1599.16
1178000 516.197 546.973 541.884 1605.05
1179000 516.135 548.612 543.07 1607.82
1180000 517.869 552.106 546.217 1616.19
1181000 519.384 554.627 547.865 1621.87
1182000 518.475 555.652 548.185 1622.31
1183000 519.486 555.317 549.406 1624.21
1184000 517.434 553.316 546.591 1617.34
1185000 517.749 552.596 546.629 1616.97
1186000 519.112 554.085 547.571 1620.77
1187000 519.209 554.157 548.312 1621.68
1188000 520.585 555.823 548.553 1624.96
1189000 525.96 559.167 550.908 1636.04
1190000 526.296 560.933 551.3 1638.53
1191000 527.159 560.413 549.932 1637.5
1192000 527.463 561.311 549.884 1638.66
1193000 528.244 563.945 551.326 1643.52
1194000 527.949 563.952 548.609 1640.51
1195000 526.385 563.088 547.915 1637.39
1196000 528.708 565.682 550.082 1644.47
1197000 530.943 567.943 550.503 1649.39
1198000 528.104 568.212 551.089 1647.41
1199000 527.403 570.728 553.485 1651.62
1200000 525.957 569.468 553.568 1648.99
1201000 526.624 570.573 553.268 1650.47
1202000 528.193 573.937 554.821 1656.95
1203000 530.633 575.857 556.858 1663.35
1204000 530.948 575.872 557.059 1663.88
1205000 533.889 577.878 560.301 1672.07
1206000 532.786 577.566 558.164 1668.52
1207000 535.191 581.368 561.586 1678.15
1208000 537.937 584.524 565.484 1687.94
1209000 538.253 585.33 564.026 1687.61
1210000 538.879 585.614 562.016 1686.51
1211000 538.106 584.779 560.526 1683.41
1212000 539.044 587.039 564.367 1690.45
1213000 544.167 592.765 569.521 1706.45
1214000 542.975 591.97 568.517 1703.46
1215000 544.882 594.343 569.946 1709.17
1216000 547.044 592.431 568.905 1708.38
1217000 553.79 597.422 574.97 1726.18
1218000 555.128 597.339 573.173 1725.64
1219000 553.978 596.561 569.699 1720.24
1220000 553.745 595.07 568.59 1717.4
1221000 556.56 597.047 570.464 1724.07
1222000 558.258 598.107 571.968 1728.33
1223000 557.002 595.207 568.945 1721.15
1224000 556.32 593.998 567.383 1717.7
1225000 560.783 597.79 572.157 1730.73
1226000 559.664 594.638 569.04 1723.34
1227000 560.54 593.662 569.979 1724.18
1228000 564.03 594.765 571.698 1730.49
1229000 562.715 590.9 569.659 1723.27
1230000 565.114 592.468 571.228 1728.81
1231000 566.123 594.871 573.637 1734.63
1232000 564.518 594.824 575.03 1734.37
1233000 564.185 595.953 576.682 1736.82
1234000 567.058 598.41 579.493 1744.96
1235000 565.338 599.282 579.684 1744.3
1236000 563.268 598.098 580.012 1741.38
1237000 564.548 599.275 583.123 1746.95
1238000 563.557 598.425 582.926 1744.91
1239000 565.458 602.376 586.864 1754.7
1240000 565.051 605.23 587.442 1757.72
1241000 566.856 608.649 591.226 1766.73
1242000 567.669 608.265 593.577 1769.51
1243000 566.985 605.396 594.486 1766.87
1244000 570.024 606.931 596.895 1773.85
1245000 573.713 609.635 598.204 1781.55
1246000 573.287 607.827 597.481 1778.59
1247000 576.185 610.251 597.943 1784.38
1248000 574.819 610.478 597.944 1783.24
1249000 574.902 610.725 598.4 1784.03
1250000 574.699 611.07 596.979 1782.75
1251000 575.561 614.772 597.016 1787.35
1252000 574.747 614.368 595.671 1784.79
1253000 574.024 613.894 593.514 1781.43
1254000 575.184 618.142 594.134 1787.46
1255000 578.472 622.538 597.261 1798.27
1256000 578.77 624.313 598.782 1801.87
1257000 583.234 626.685 601.289 1811.21
1258000 580.601 624.939 601.447 1806.99
1259000 578.256 621.924 598.21 1798.39
1260000 580.542 624.959 600.579 1806.08
1261000 580.826 627.599 599.622 1808.05
1262000 581.271 629.257 599.761 1810.29
1263000 581.615 630.058 599.274 1810.95
1264000 582.71 631.874 599.989 1814.57
1265000 580.827 630.523 597.021 1808.37
1266000 582.407 629.61 599.139 1811.16
1267000 586.145 630.493 601.29 1817.93
1268000 586.934 628.304 602.328 1817.57
1269000 585.83 628.166 602.605 1816.6
1270000 588.58 632.221 606.292 1827.09
1271000 587.337 633.558 605.825 1826.72
1272000 590.989 638.637 607.769 1837.4
1273000 591.172 639.329 608.139 1838.64
1274000 589.501 638.976 607.723 1836.2
1275000 592.293 641.945 610.391 1844.63
1276000 593.468 644.554 613.017 1851.04
1277000 595.174 650.067 615.114 1860.35
1278000 595.122 649.536 612.474 1857.13
1279000 594.979 646.484 611.429 1852.89
1280000 598.252 650.98 615.622 1864.85
1281000 599.995 653.553 618.157 1871.7
1282000 600.912 655.822 618.62 1875.35
1283000 597.548 653.912 615.673 1867.13
1284000 597.891 652.545 616.154 1866.59
1285000 604.811 657.521 621.822 1884.15
1286000 605.465 658.634 623.595 1887.69
1287000 605.31 656.096 622.58 1883.99
1288000 606.352 655.973 624.331 1886.66
1289000 605.339 653.656 622.025 1881.02
1290000 612.993 659.97 628.589 1901.55
1291000 612.673 656.023 626.431 1895.13
1292000 612.387 656.487 627.942 1896.82
1293000 616.241 659.536 632.537 1908.31
1294000 615.458 660.843 632.014 1908.31
1295000 616.431 664.187 633.494 1914.11
1296000 615.128 662.525 633.487 1911.14
1297000 616.919 664.453 637.224 1918.6
1298000 617.046 663.944 637.429 1918.42
1299000 620.109 666.423 638.553 1925.08
1300000 620.063 665.141 636.52 1921.72
1301000 620.194 665.809 636.584 1922.59
1302000 617.656 662.1 635.293 1915.05
1303000 620.822 664.892 636.43 1922.14
1304000 623.723 668.038 639.445 1931.21
1305000 627.94 671.974 641.626 1941.54
1306000 627.953 673.888 641.673 1943.51
1307000 628.204 674.96 644.024 1947.19
1308000 627.061 670.812 641.751 1939.62
1309000 629.09 672.559 643.321 1944.97
1310000 631.644 675.071 644.906 1951.62
1311000 634.749 677.627 646.677 1959.05
1312000 632.982 675.898 644.017 1952.9
1313000 634.5 677.884 645.484 1957.87
1314000 636.201 680.422 644.295 1960.92
1315000 635.056 677.136 643.134 1955.33
1316000 636.779 680.208 646.778 1963.77
1317000 641.883 685.546 651.264 1978.69
1318000 639.723 682.72 650.732 1973.17
1319000 641.888 687.216 653.525 1982.63
1320000 642.457 686.648 655.551 1984.66
1321000 642.524 686.126 656.207 1984.86
1322000 647.277 691.085 661.098 1999.46
1323000 643.547 687.412 658.765 1989.72
1324000 644.987 690.89 659.633 1995.51
1325000 648.514 691.883 659.307 1999.7
1326000 649.475 689.496 659.694 1998.67
1327000 650.288 691.436 659.399 2001.12
1328000 651.86 692.134 658.58 2002.57
1329000 655.922 692.534 659.37 2007.83
1330000 655.664 691.157 658.906 2005.73
1331000 658.276 694.046 662.192 2014.51
1332000 657.634 693.355 662.749 2013.74
1333000 654.66 693.193 660.221 2008.07
1334000 655.15 693.889 660.874 2009.91
1335000 657.958 697.306 663.889 2019.15
1336000 657.832 698.524 665.205 2021.56
1337000 659.687 702.425 668.662 2030.77
1338000 659.836 703.435 669.849 2033.12
1339000 663.302 706.65 670.392 2040.34
1340000 664.564 706.835 671.147 2042.55
1341000 665.391 708.732 674.031 2048.15
1342000 664.035 708.481 673.889 2046.41
1343000 669.031 712.942 679.228 2061.2
1344000 668.458 712.495 679.209 2060.16
1345000 666.362 711.069 677.576 2055.01
1346000 668.101 711.674 678.288 2058.06
1347000 667.972 713.442 679.398 2060.81
1348000 670.034 716.393 681.053 2067.48
1349000 669.666 712.955 678.866 2061.49
1350000 672.187 714.827 682.46 2069.47
1351000 674.437 716.205 683.869 2074.51
1352000 673.377 716.739 683.244 2073.36
1353000 674.654 719.359 686.588 2080.6
1354000 675.274 719.742 684.66 2079.68
1355000 673.215 716.917 682.51 2072.64
1356000 676.265 722.307 686.694 2085.27
1357000 675.643 726.454 687.849 2089.95
1358000 679.1 730.682 690.241 2100.02
1359000 677.754 729.547 688.574 2095.88
1360000 678.559 730.042 689.548 2098.15
1361000 682.143 731.285 693.583 2107.01
1362000 682.875 732.302 694.377 2109.55
1363000 682.082 732.718 694.316 2109.12
1364000 683.035 734.581 696.635 2114.25
1365000 683.625 734.417 695.36 2113.4
1366000 686.091 740.018 697.593 2123.7
1367000 685.778 740.15 695.429 2121.36
1368000 686.562 740.497 695.198 2122.26
1369000 683.595 739.155 694.485 2117.24
1370000 685.588 740.402 696.734 2122.72
1371000 684.77 741.07 697.327 2123.17
1372000 685.298 743.651 697.817 2126.77
1373000 689.049 751.364 701.058 2141.47
1374000 684.572 747.142 694.65 2126.36
1375000 684.307 748.992 695.605 2128.91
1376000 688.404 752.199 697.728 2138.33
1377000 690.666 755.766 700.093 2146.53
1378000 690.993 757.551 702.037 2150.58
1379000 692.052 757.416 703.602 2153.07
1380000 691.907 757.463 703.076 2152.45
1381000 694.967 759.94 706.172 2161.08
1382000 696.081 759.753 707.232 2163.07
1383000 700.182 760.587 708.128 2168.9
1384000 700.87 762.137 707.837 2170.84
1385000 705.646 764.998 712.048 2182.69
1386000 707.301 764.086 713.138 2184.53
1387000 707.366 760.379 710.742 2178.49
1388000 705.276 758.423 706.706 2170.4
1389000 708.284 763.358 710.617 2182.26
1390000 710.731 765.189 713.088 2189.01
1391000 711.372 766.032 713.148 2190.55
1392000 712.169 766.608 715.788 2194.56
1393000 716.446 769.595 717.564 2203.6
1394000 714.677 767.932 716.412 2199.02
1395000 717.094 768.627 718.851 2204.57
1396000 716.657 768.545 719.81 2205.01
1397000 716.116 768.157 718.51 2202.78
1398000 720.242 771.346 721.896 2213.48
1399000 719.928 770.079 720.575 2210.58
1400000 718.147 770.501 721.021 2209.67
1401000 718.958 771.705 723.186 2213.85
1402000 718.873 772.177 723.202 2214.25
1403000 719.309 770.514 723.215 2213.04
1404000 719.889 770.278 723.376 2213.54
1405000 722.899 774.755 727.511 2225.17
1406000 721.178 774.015 727.978 2223.17
1407000 722.128 774.688 728.558 2225.37
1408000 721.394 774.084 726.509 2221.99
1409000 722.677 775.971 727.41 2226.06
1410000 725.144 780.772 730.39 2236.31
1411000 724.3 778.837 730.772 2233.91
1412000 727.498 783.229 736.22 2246.95
1413000 723.482 779.786 733.75 2237.02
1414000 724.418 779.79 735.809 2240.02
1415000 726.778 781.831 736.753 2245.36
1416000 724.05 782.619 734.826 2241.49
1417000 726.746 785.803 737.472 2250.02
1418000 730.577 789.436 738.254 2258.27
1419000 735.14 794.36 742.448 2271.95
1420000 729.38 789.451 737.516 2256.35
1421000 730.165 790.732 739.886 2260.78
1422000 730.764 791.81 740.535 2263.11
1423000 732.712 792.181 744.21 2269.1
1424000 734.435 796.217 747.442 2278.09
1425000 732.515 796.578 748.245 2277.34
1426000 735.706 798.608 749.275 2283.59
1427000 732.53 797.301 745.147 2274.98
1428000 734.767 799.981 750.027 2284.77
1429000 734.637 801.508 753.859 2290.01
1430000 734.959 800.611 752.938 2288.51
1431000 737.229 801.839 751.605 2290.67
1432000 740.22 802.667 750.622 2293.51
1433000 743.767 803.46 753.007 2300.23
1434000 742.443 803.261 752.76 2298.46
1435000 743.978 803.065 753.306 2300.35
1436000 744.064 804.022 752.898 2300.98
1437000 750.1 809.609 756.592 2316.3
1438000 750.363 807.641 753.999 2312
1439000 754.465 812.724 757.974 2325.16
1440000 749.153 808.206 753.796 2311.16
1441000 747.467 806.621 752.06 2306.15
1442000 748.902 806.552 752.86 2308.31
1443000 753.287 809.042 760.271 2322.6
1444000 754.687 809.218 761.275 2325.18
1445000 752.911 807.731 760.847 2321.49
1446000 751.76 809.216 761.05 2322.03
1447000 752.86 809.692 764.431 2326.98
1448000 755.281 810.726 767.47 2333.48
1449000 758.341 814.943 773.897 2347.18
1450000 757.814 815.143 776.662 2349.62
1451000 758.015 814.171 773.975 2346.16
1452000 754.887 813.436 772.406 2340.73
1453000 756.042 814.338 773.012 2343.39
1454000 757.728 814.013 774.306 2346.05
1455000 760.793 814.284 775.077 2350.15
1456000 757.851 812.496 769.627 2339.97
1457000 762.999 817.272 776.587 2356.86
1458000 765.426 820.196 779.511 2365.13
1459000 763.216 815.485 775.226 2353.93
1460000 765.317 816.735 777.003 2359.05
1461000 766.209 818.224 776.605 2361.04
1462000 766.7 818.585 779.265 2364.55
1463000 768.168 820.013 779.412 2367.59
1464000 771.242 821.746 779.454 2372.44
1465000 768.921 819.196 777.716 2365.83
1466000 770.076 821.167 782.155 2373.4
1467000 769.735 821.475 783.316 2374.53
1468000 773.008 823.486 786.568 2383.06
1469000 775.56 823.706 787.581 2386.85
1470000 777.567 822.083 789.211 2388.86
1471000 777.902 820.985 785.866 2384.75
1472000 776.657 819.082 782.725 2378.46
1473000 778.788 821.262 785.718 2385.77
1474000 782.845 822.386 786.981 2392.21
1475000 786.956 827.303 789.718 2403.98
1476000 790.146 829.824 793.899 2413.87
1477000 795.959 834.268 799.847 2430.07
1478000 794.079 832.018 796.649 2422.75
1479000 792.399 829.444 793.95 2415.79
1480000 792.718 829.543 794.067 2416.33
1481000 790.193 826.096 793.046 2409.34
1482000 792.405 828.932 796.584 2417.92
1483000 792.312 832.291 798.452 2423.06
1484000 797.05 834.113 801.081 2432.24
1485000 800.751 836.737 803.577 2441.07
1486000 799.766 835.597 803.489 2438.85
1487000 799.373 838.526 805.946 2443.84
1488000 798.094 838.704 807.215 2444.01
1489000 799.875 841.138 811.44 2452.45
1490000 797.983 840.382 810.897 2449.26
1491000 802.611 846.501 815.233 2464.35
1492000 799.654 843.364 813.349 2456.37
1493000 797.756 843.653 811.659 2453.07
1494000 796.378 846.439 809.886 2452.7
1495000 793.626 845.132 808.775 2447.53
1496000 796.483 846.36 812.07 2454.91
1497000 799.927 848.785 815.114 2463.83
1498000 805.174 852.781 820.292 2478.25
1499000 802.616 851.745 818.571 2472.93
1500000 803.982 851.873 820.122 2475.98
1501000 804.626 850.992 821.143 2476.76
1502000 809.648 854.672 827.2 2491.52
1503000 809.314 852.774 825.351 2487.44
1504000 815.003 855.774 829.001 2499.78
1505000 811.776 854.283 827.619 2493.68
1506000 811.424 854.81 828.592 2494.83
1507000 808.535 852.835 823.891 2485.26
1508000 811.57 856.563 828.508 2496.64
1509000 814.923 860.563 831.762 2507.25
1510000 812.187 860.811 833.516 2506.51
1511000 808.655 857.17 834.368 2500.19
1512000 812.004 858.919 837.841 2508.76
1513000 813.152 856.816 835.885 2505.85
1514000 813.404 856.103 832.654 2502.16
1515000 815.257 859.686 836.307 2511.25
1516000 813.283 859.678 834.374 2507.33
1517000 813.449 859.902 836.622 2509.97
1518000 813.734 858.069 835.387 2507.19
1519000 813.122 857.805 836.434 2507.36
1520000 814.565 858.429 839.985 2512.98
1521000 817.398 859.747 839.149 2516.29
1522000 819.59 862.976 841.423 2523.99
1523000 819.778 863.128 844.281 2527.19
1524000 818.497 861.702 843.387 2523.59
1525000 819.955 861.894 841.808 2523.66
1526000 821.378 863.346 843.007 2527.73
1527000 828.549 871.381 850.429 2550.36
1528000 829.631 872.686 853.979 2556.3
1529000 824.612 869.685 850.043 2544.34
1530000 822.686 871.413 849.163 2543.26
1531000 820.526 870.334 849.067 2539.93
1532000 823.723 875.088 851.993 2550.8
1533000 826.924 878.351 855.282 2560.56
1534000 825.97 876.112 852.896 2554.98
1535000 824.846 876.356 852.005 2553.21
1536000 822.655 874.794 852.164 2549.61
1537000 825.635 874.302 852.191 2552.13
1538000 829.044 876.039 852.58 2557.66
1539000 832.406 878.044 856.726 2567.18
1540000 831.567 877.565 855.687 2564.82
1541000 833.642 878.74 856.626 2569.01
1542000 835.335 882.385 859.155 2576.87
1543000 833.14 879.74 856.318 2569.2
1544000 833.023 879.056 855.067 2567.15
1545000 836.41 883.778 860.269 2580.46
1546000 835.655 882.529 860.608 2578.79
1547000 836.639 883.391 862.074 2582.1
1548000 837.927 883.331 861.036 2582.29
1549000 836.862 883.019 861.018 2580.9
1550000 839.642 885.629 866.327 2591.6
1551000 838.974 884.371 866.369 2589.71
1552000 839.607 884.633 868.521 2592.76
1553000 841.778 888.36 870.448 2600.59
1554000 838.358 886.086 864.55 2588.99
1555000 839.361 887.721 866.758 2593.84
1556000 840.672 890.366 867.813 2598.85
1557000 835.923 885.575 866.056 2587.55
1558000 840.475 891.186 871.131 2602.79
1559000 837.845 887.095 870.872 2595.81
1560000 839.351 889.294 873.425 2602.07
1561000 837.692 887.437 871.586 2596.71
1562000 841.734 889.332 874.816 2605.88
1563000 848.397 897.275 881.909 2627.58
1564000 845.904 894.235 879.563 2619.7
1565000 848.149 896.532 881.218 2625.9
1566000 849.81 899.374 882.078 2631.26
1567000 848.732 899.039 883.342 2631.11
1568000 847.538 901.339 885.413 2634.29
1569000 850.711 902.958 889.638 2643.31
1570000 851.402 903.07 890.093 2644.56
1571000 848.55 901.153 887.432 2637.14
1572000 850.946 905.968 890.329 2647.24
1573000 846.519 902.764 885.687 2634.97
1574000 851.068 908.15 891.427 2650.65
1575000 850.176 909.059 893.033 2652.27
1576000 851.24 910.868 896.613 2658.72
1577000 847.197 904.483 891.597 2643.28
1578000 850.822 908.611 896.129 2655.56
1579000 856.404 910.892 900.408 2667.7
1580000 857.214 911.032 900.065 2668.31
1581000 851.85 905.474 893.69 2651.01
1582000 851.61 904.691 893.226 2649.53
1583000 856.705 911.492 897.299 2665.5
1584000 854.939 909.146 893.428 2657.51
1585000 853.843 910.081 892.985 2656.91
1586000 855.229 913.989 895.389 2664.61
1587000 851.894 911.88 893.56 2657.33
1588000 853.225 914.196 895.057 2662.48
1589000 855.79 917.659 898.499 2671.95
1590000 851.915 915.863 897.854 2665.63
1591000 856.604 918.475 901.939 2677.02
1592000 854.863 918.175 899.192 2672.23
1593000 859.234 921.933 904.262 2685.43
1594000 858.279 920.066 903.533 2681.88
1595000 863.052 921.393 907.217 2691.66
1596000 862.947 919.798 906.839 2689.58
1597000 862.82 919.878 904.746 2687.44
1598000 866.34 922.467 907.298 2696.1
1599000 866.959 925.619 907.417 2700
1600000 862.197 923.301 905.189 2690.69
1601000 864.779 925.963 906.855 2697.6
1602000 868.833 929.198 909.001 2707.03
1603000 866.722 927.873 908.006 2702.6
1604000 867.235 930.118 909.505 2706.86
1605000 869.852 931.059 911.969 2712.88
1606000 870.954 934.392 913.954 2719.3
1607000 868.412 932.026 910.754 2711.19
1608000 869.888 932.804 911.211 2713.9
1609000 870.99 933.961 912.036 2716.99
1610000 869.598 935.248 911.009 2715.86
1611000 872.751 938.88 913.423 2725.05
1612000 868.83 935.788 910.593 2715.21
1613000 872.333 941.15 915.046 2728.53
1614000 870.059 938.765 910.753 2719.58
1615000 871.617 940.023 912.385 2724.03
1616000 877.623 948.364 915.371 2741.36
1617000 872.577 942.201 910.544 2725.32
1618000 875.035 942.047 912.197 2729.28
1619000 874.326 942.337 911.517 2728.18
1620000 879.81 948.244 918.992 2747.05
1621000 874.621 941.953 914.14 2730.71
1622000 876.629 944.305 916.566 2737.5
1623000 878.173 945.258 920.495 2743.93
1624000 878.748 945.035 920.101 2743.88
1625000 882.967 949.365 924.699 2757.03
1626000 882.888 947.523 923.506 2753.92
1627000 885.653 949.551 926.231 2761.43
1628000 883.926 946.178 924.752 2754.86
1629000 887.818 950.3 930.481 2768.6
1630000 887.778 950.024 930.576 2768.38
1631000 885.359 946.207 928.449 2760.01
1632000 886.356 948.585 931.305 2766.25
1633000 888.297 951.508 934.778 2774.58
1634000 887.26 948.798 934.039 2770.1
1635000 895.316 955.901 946.08 2797.3
1636000 892.694 952.792 944.467 2789.95
1637000 895.113 953.47 945.592 2794.17
1638000 890.791 949.35 943.797 2783.94
1639000 890.878 950.219 944.365 2785.46
1640000 894.826 955.956 949.375 2800.16
1641000 894.456 957.471 949.949 2801.88
1642000 898.342 959.875 953.807 2812.02
1643000 900.091 956.405 954.037 2810.53
1644000 900.929 955.575 952.628 2809.13
1645000 900.127 955.121 953.983 2809.23
1646000 901.117 954.288 956.582 2811.99
1647000 901.044 954.436 955.267 2810.75
1648000 903.141 955.151 958.922 2817.21
1649000 902.252 956.499 958.437 2817.19
1650000 901.078 957.288 959.244 2817.61
1651000 900.303 959.964 960.55 2820.82
1652000 905.983 963.289 964.392 2833.66
1653000 903.268 959.042 961.28 2823.59
1654000 905.757 961.466 968.55 2835.77
1655000 903.403 958.404 965.489 2827.3
1656000 908.009 963.089 971.37 2842.47
1657000 905.133 963.633 972.21 2840.98
1658000 908.203 967.793 975.778 2851.77
1659000 913.487 971.127 979.297 2863.91
1660000 911.928 965.568 976.542 2854.04
1661000 910.657 963.911 977.256 2851.82
1662000 916.33 966.794 983.086 2866.21
1663000 917.948 966.869 984.362 2869.18
1664000 914.773 967.096 983.357 2865.23
1665000 916.101 969.19 984.355 2869.65
1666000 916.849 971.255 984.605 2872.71
1667000 911.612 969.002 980.083 2860.7
1668000 914.846 972.761 981.819 2869.43
1669000 916.672 974.842 986.559 2878.07
1670000 918.944 974.859 987.78 2881.58
1671000 921.848 977.185 992.127 2891.16
1672000 923.124 976.003 992.518 2891.64
1673000 923.088 973.341 990.531 2886.96
1674000 918.294 971.101 987.498 2876.89
1675000 922.001 975.357 992.028 2889.39
1676000 925.154 975.551 992.988 2893.69
1677000 923.695 972.967 992.66 2889.32
1678000 926.739 976.597 997.341 2900.68
1679000 932.206 980.524 1002.37 2915.1
1680000 932.126 981.105 1001.17 2914.4
1681000 930.376 979.885 1001.18 2911.44
1682000 930.741 978.539 1002.92 2912.2
1683000 926.799 973.885 997.724 2898.41
1684000 927.795 975.686 998.841 2902.32
1685000 932.245 981.108 1003.98 2917.33
1686000 934.758 980.781 1005.29 2920.82
1687000 938.631 983.841 1010.65 2933.12
1688000 936.485 983.341 1009.43 2929.26
1689000 935.282 983.232 1012.06 2930.58
1690000 936.524 986.326 1014.83 2937.68
1691000 935.787 984.454 1009.38 2929.62
1692000 939.901 989.29 1012.76 2941.95
1693000 938.036 987.966 1006.74 2932.74
1694000 936.474 986.96 1006.05 2929.48
1695000 940.054 989.294 1009.05 2938.4
1696000 941.319 990.344 1011.32 2942.98
1697000 944.451 993.647 1012.44 2950.53
1698000 940.077 991.236 1006.31 2937.62
1699000 943.118 998.19 1010.41 2951.72
1700000 942.802 995.788 1012.46 2951.05
1701000 945.67 996.326 1017.52 2959.52
1702000 943.611 992.254 1014.46 2950.33
1703000 945.102 991.969 1015.77 2952.84
1704000 948.505 993.701 1018.73 2960.93
1705000 952.088 997.722 1024.31 2974.12
1706000 954.667 999.153 1026.54 2980.36
1707000 954.344 997.53 1024.34 2976.21
1708000 954.306 999.092 1025.99 2979.39
1709000 954.425 997.814 1025.6 2977.84
1710000 957.677 1001.01 1027.93 2986.61
1711000 954.714 1001.18 1024.46 2980.36
1712000 961.643 1006.69 1031.26 2999.59
1713000 966.464 1010 1033.72 3010.19
1714000 963.855 1006.66 1029.43 2999.95
1715000 964.487 1008.15 1029.84 3002.48
1716000 966.08 1009.59 1031.1 3006.77
1717000 966.912 1008.42 1033.73 3009.07
1718000 970.232 1011.94 1039.31 3021.48
1719000 970.785 1012.54 1040.26 3023.59
1720000 973.802 1013.96 1042.52 3030.28
1721000 972.468 1013.12 1042.1 3027.69
1722000 974.903 1013.68 1043.88 3032.47
1723000 976.031 1012.63 1046.85 3035.51
1724000 981.557 1018.09 1053.98 3053.63
1725000 980.684 1014.72 1052.46 3047.87
1726000 975.41 1009.51 1044.52 3029.44
1727000 979.146 1014.76 1050 3043.91
1728000 977.862 1015.4 1050.93 3044.2
1729000 978.854 1016.89 1050.89 3046.64
1730000 986.837 1024.31 1057.01 3068.16
1731000 989.588 1026.05 1059.96 3075.6
1732000 986.417 1021.77 1058.29 3066.48
1733000 987.701 1022.86 1061.49 3072.06
1734000 988.01 1026.84 1065.68 3080.53
1735000 989.85 1030.7 1069.38 3089.93
1736000 988.83 1030.02 1068.99 3087.84
1737000 986.387 1028.33 1065.6 3080.32
1738000 986.045 1029.32 1064.24 3079.61
1739000 984.142 1030.54 1065.01 3079.7
1740000 989.155 1037.13 1071.2 3097.49
1741000 988.615 1036.63 1068.46 3093.71
1742000 988.163 1035.63 1067.57 3091.36
1743000 989.449 1034.69 1066.21 3090.35
1744000 990.269 1034.33 1067.82 3092.42
1745000 986.806 1031.57 1064.6 3082.98
1746000 991.045 1036.42 1068.72 3096.18
1747000 986.823 1033.62 1066.01 3086.45
1748000 987.818 1034.44 1066.5 3088.76
1749000 992.434 1040.73 1071.7 3104.87
1750000 997.795 1051.43 1079.16 3128.39
1751000 995.314 1049.28 1075.85 3120.45
1752000 996.646 1051.48 1077.95 3126.07
1753000 997.783 1052.39 1079.38 3129.55
1754000 997.794 1052.97 1080.71 3131.48
1755000 1002.27 1053.84 1082.91 3139.02
1756000 1001.41 1052.37 1080.57 3134.34
1757000 1004.94 1056.51 1085.21 3146.65
1758000 1004.41 1055.08 1084.08 3143.57
1759000 1002.97 1050.31 1085.47 3138.75
1760000 999.439 1046.78 1082.99 3129.21
1761000 1004.14 1052.85 1085.26 3142.25
1762000 997.964 1047.34 1079.88 3125.19
1763000 1005.65 1055.84 1086.18 3147.67
1764000 1000.35 1050.07 1078.19 3128.61
1765000 1001.37 1050.35 1075.53 3127.25
1766000 1004.54 1053.54 1079.95 3138.03
1767000 1008.71 1057.11 1086.06 3151.88
1768000 1008.99 1059.33 1089.15 3157.46
1769000 1005.98 1058.98 1088.64 3153.6
1770000 1004.28 1056.32 1085.2 3145.79
1771000 1008.53 1060.67 1089.24 3158.43
1772000 1007.06 1059.36 1085.93 3152.35
1773000 1013.42 1064.12 1090.37 3167.91
1774000 1017.67 1067.83 1091.42 3176.92
1775000 1013.57 1066.49 1088.42 3168.49
1776000 1014.7 1064.75 1090.15 3169.61
1777000 1016.7 1065.82 1091.12 3173.65
1778000 1017.24 1066.93 1091.73 3175.9
1779000 1017.34 1066.11 1094.23 3177.68
1780000 1016.84 1066.42 1096.67 3179.93
1781000 1021.15 1072.42 1102.03 3195.6
1782000 1016.39 1069.93 1095.2 3181.52
1783000 1015.85 1069.67 1093.17 3178.69
1784000 1016.9 1070.35 1097.4 3184.65
1785000 1018.27 1072.96 1100.18 3191.4
1786000 1015.71 1071.71 1097 3184.42
1787000 1017.19 1076.19 1100.62 3194
1788000 1017.93 1081.1 1101.68 3200.7
1789000 1016.31 1079.01 1098.57 3193.89
1790000 1013.47 1076.61 1095.85 3185.94
1791000 1013.04 1075.71 1095.72 3184.47
1792000 1013.14 1076.28 1096.16 3185.58
1793000 1022.65 1083.16 1103.31 3209.12
1794000 1018.35 1079.63 1098.7 3196.68
1795000 1019.56 1079.65 1101.47 3200.68
1796000 1019.95 1079.62 1103.22 3202.79
1797000 1021.17 1080.21 1103.85 3205.23
1798000 1023.46 1083.91 1106.92 3214.29
1799000 1029.4 1088.03 1112.96 3230.39
1800000 1029.1 1086.99 1113.13 3229.23
1801000 1026.16 1085.7 1112.72 3224.58
1802000 1022.67 1084.3 1109.83 3216.8
1803000 1019.92 1082.82 1110.16 3212.9
1804000 1023.23 1088.68 1115.62 3227.54
1805000 1018.86 1085.23 1109.82 3213.91
1806000 1017.65 1082.72 1111.55 3211.92
1807000 1024.48 1087.84 1116.11 3228.43
1808000 1028.58 1090.62 1123.18 3242.39
1809000 1030.25 1095.03 1126.01 3251.28
1810000 1025.46 1089.02 1119.66 3234.15
1811000 1025.15 1090.41 1121.22 3236.78
1812000 1026.68 1089.01 1120.43 3236.12
1813000 1027.09 1089.18 1119.53 3235.79
1814000 1029.31 1092.35 1121.93 3243.59
1815000 1030.46 1092.25 1121.37 3244.09
1816000 1034.14 1092.19 1125.19 3251.52
1817000 1035.14 1093.7 1125.87 3254.71
1818000 1034.7 1090.39 1122.01 3247.1
1819000 1041.32 1096.59 1127.2 3265.11
1820000 1040.56 1097.43 1123.73 3261.73
1821000 1040.71 1096.84 1122.6 3260.14
1822000 1042.8 1095.88 1123.59 3262.27
1823000 1043.43 1094.02 1121.21 3258.65
1824000 1054.61 1101.51 1128.43 3284.55
1825000 1057.76 1101.57 1127.47 3286.81
1826000 1055.54 1099.71 1123.43 3278.68
1827000 1062.76 1106.32 1128.71 3297.79
1828000 1063.59 1108.81 1130.43 3302.83
1829000 1054.59 1101.49 1120.29 3276.38
1830000 1059.93 1105.85 1124.7 3290.48
1831000 1058.56 1101.83 1122.11 3282.5
1832000 1061.93 1104.71 1127.91 3294.56
1833000 1061.22 1106.37 1130.28 3297.88
1834000 1065.04 1107.89 1134.76 3307.69
1835000 1066.75 1111.31 1136.65 3314.71
1836000 1065.9 1115.95 1137.53 3319.37
1837000 1060.02 1110.36 1132.57 3302.96
1838000 1065.13 1112.77 1135.78 3313.67
1839000 1066.98 1108.86 1137.85 3313.68
1840000 1066.55 1104.84 1134.5 3305.89
1841000 1061.33 1100.42 1127.89 3289.64
1842000 1071.15 1109.41 1139.23 3319.8
1843000 1066.49 1103.35 1133.84 3303.68
1844000 1068.73 1106.53 1137.13 3312.39
1845000 1074.56 1113.86 1142.53 3330.94
1846000 1074.1 1115.3 1143.61 3333.01
1847000 1073.68 1118.6 1144.75 3337.03
1848000 1076.47 1120.65 1144.59 3341.7
1849000 1077.98 1122.39 1145.48 3345.86
1850000 1075.44 1123.15 1143.95 3342.54
1851000 1077.76 1124.54 1146.54 3348.83
1852000 1076.99 1122.05 1144.17 3343.21
1853000 1079.63 1124.02 1144.27 3347.92
1854000 1083.73 1126.43 1148.47 3358.63
1855000 1084.08 1127.43 1149.86 3361.37
1856000 1082.31 1126.59 1147.19 3356.09
1857000 1083.61 1128.39 1148.99 3360.98
1858000 1088.29 1131.12 1153.35 3372.76
1859000 1084.95 1128.03 1152 3364.99
1860000 1088.11 1128.3 1154.92 3371.34
1861000 1084.87 1126.21 1151.84 3362.92
1862000 1087.13 1130.96 1158.88 3376.97
1863000 1086.02 1131.35 1161.29 3378.67
1864000 1084.78 1128.51 1158.76 3372.05
1865000 1088.63 1133.8 1163.57 3386
1866000 1088.88 1133.13 1165 3387.01
1867000 1094.68 1140.91 1172.79 3408.38
1868000 1090.46 1134.53 1164.26 3389.25
1869000 1087.61 1130.73 1162.3 3380.64
1870000 1090.52 1132.47 1166.42 3389.42
1871000 1092.86 1132.6 1167.1 3392.56
1872000 1097.5 1135.76 1170.98 3404.24
1873000 1101.04 1136.98 1173.5 3411.53
1874000 1099.71 1134.88 1172.08 3406.68
1875000 1101.01 1134.18 1173.59 3408.79
1876000 1101.97 1134.98 1175.37 3412.32
1877000 1101.87 1134.15 1176.07 3412.1
1878000 1104.95 1140.09 1178.7 3423.74
1879000 1103.43 1138.97 1176.1 3418.5
1880000 1104.8 1140.11 1178.15 3423.05
1881000 1102.71 1137.81 1178.85 3419.38
1882000 1105.09 1143.63 1184.96 3433.68
1883000 1104.66 1145.19 1186.88 3436.73
1884000 1107.79 1151.82 1189.76 3449.37
1885000 1106.17 1150.41 1187.67 3444.24
1886000 1108.45 1154.06 1190.21 3452.72
1887000 1099.84 1141.4 1181.32 3422.56
1888000 1113.34 1152.38 1192.01 3457.73
1889000 1109.22 1149.91 1187.22 3446.35
1890000 1112.32 1152.89 1192.21 3457.42
1891000 1112.93 1153.57 1189.52 3456.02
1892000 1113.83 1151.63 1188.51 3453.97
1893000 1109.67 1150.15 1185.39 3445.21
1894000 1112.11 1150.34 1187.93 3450.38
1895000 1117.4 1154.97 1194.36 3466.72
1896000 1112.75 1149.61 1190.44 3452.8
1897000 1116.67 1151.51 1194.59 3462.78
1898000 1118.35 1150.03 1192.69 3461.07
1899000 1123.31 1153.23 1196.73 3473.26
1900000 1123.2 1153.23 1197.78 3474.2
1901000 1130.12 1157.15 1200.24 3487.51
1902000 1131.43 1157.74 1199.63 3488.8
1903000 1129.62 1155.61 1199.68 3484.91
1904000 1129.83 1152.68 1199.94 3482.45
1905000 1128.18 1149.16 1198.63 3475.97
1906000 1135.05 1156.1 1207.21 3498.36
1907000 1133.81 1154.04 1205.94 3493.79
1908000 1133.87 1153.75 1204.63 3492.24
1909000 1137.68 1157.47 1209.47 3504.62
1910000 1128.9 1148.75 1200.38 3478.04
1911000 1132.94 1152.71 1206.2 3491.85
1912000 1130.57 1152.29 1205.96 3488.82
1913000 1135.86 1157.49 1211.15 3504.5
1914000 1138.12 1158.61 1214.16 3510.9
1915000 1142.72 1160.32 1216.78 3519.82
1916000 1138.74 1155.11 1213.21 3507.05
1917000 1143.45 1160.61 1217.59 3521.64
1918000 1144.58 1159.61 1215.81 3520.01
1919000 1145.29 1162.68 1215.93 3523.9
1920000 1140.47 1162.16 1212.59 3515.21
1921000 1148.75 1166.71 1220.05 3535.51
1922000 1153.08 1170.13 1222.46 3545.66
1923000 1158.28 1174.64 1227.22 3560.13
1924000 1152.08 1171.86 1223.64 3547.58
1925000 1153.97 1174.86 1225.54 3554.37
1926000 1162.4 1182.23 1234.45 3579.08
1927000 1159.52 1180.32 1231.06 3570.89
1928000 1157.96 1179.57 1228.39 3565.93
1929000 1157.28 1177.57 1226.97 3561.82
1930000 1160.59 1180.06 1231.88 3572.52
1931000 1162.16 1180.32 1232.72 3575.2
1932000 1166.85 1183.24 1236.99 3587.08
1933000 1169.19 1183.89 1238.66 3591.75
1934000 1171.08 1183.5 1241.12 3595.69
1935000 1172.43 1183.11 1238.28 3593.83
1936000 1170.13 1183.76 1234.94 3588.83
1937000 1171.08 1184.12 1234.58 3589.78
1938000 1167.91 1180.18 1230.6 3578.69
1939000 1168.31 1180.29 1234.56 3583.16
1940000 1176.95 1188.3 1244.09 3609.34
1941000 1175.17 1184.78 1239.62 3599.57
1942000 1179.33 1192.16 1242.36 3613.86
1943000 1183.05 1196.1 1245.84 3624.99
1944000 1179.66 1192.37 1241.76 3613.79
1945000 1180.12 1193.18 1241.29 3614.6
1946000 1186.4 1198.34 1245.57 3630.31
1947000 1190.31 1200.62 1250.04 3640.97
1948000 1186.88 1195.08 1244.02 3625.98
1949000 1187.87 1197.19 1244.07 3629.14
1950000 1186.95 1198.51 1246.77 3632.23
1951000 1189.97 1200.39 1248.75 3639.11
1952000 1189.31 1199.96 1247.36 3636.63
1953000 1191.97 1202.04 1245.1 3639.11
1954000 1193.11 1203.19 1244.07 3640.37
1955000 1193.88 1202.31 1242.19 3638.38
1956000 1197.51 1205.72 1244.56 3647.8
1957000 1190.67 1201.19 1239.64 3631.5
1958000 1193.15 1203.27 1243.63 3640.05
1959000 1202.93 1210.16 1255.47 3668.55
1960000 1198.76 1208.1 1251.28 3658.13
1961000 1198.73 1209.88 1249.11 3657.71
1962000 1201.46 1216.2 1254.74 3672.4
1963000 1202.14 1218.01 1256.95 3677.1
1964000 1201.49 1217.48 1254.35 3673.32
1965000 1204.49 1225.42 1257.11 3687.02
1966000 1204.88 1225.37 1254.4 3684.65
1967000 1203.24 1227.47 1252.46 3683.17
1968000 1204.7 1227.49 1255.27 3687.46
1969000 1205.81 1230.58 1257.55 3693.94
1970000 1198.84 1226.8 1251.91 3677.56
1971000 1197.01 1225.53 1252.43 3674.96
1972000 1196.7 1227.88 1253.93 3678.51
1973000 1204.73 1237.27 1262.1 3704.1
1974000 1201.01 1233.8 1256.02 3690.82
1975000 1197.93 1232.37 1255.12 3685.42
1976000 1198.16 1234.57 1257.79 3690.52
1977000 1200.06 1236.58 1259.28 3695.92
1978000 1200.22 1238.01 1261.93 3700.16
1979000 1204.85 1242.29 1264.65 3711.79
1980000 1210.46 1245.96 1267.9 3724.32
1981000 1211.37 1245.07 1267.61 3724.04
1982000 1209.68 1243.67 1265.2 3718.55
1983000 1210.36 1244.62 1265.68 3720.66
1984000 1208.39 1240.52 1260.29 3709.2
1985000 1209.09 1241.52 1261.13 3711.74
1986000 1213.46 1243.39 1262.92 3719.77
1987000 1215.16 1246.46 1265.08 3726.69
1988000 1213.91 1243.96 1263.6 3721.48
1989000 1208.51 1238.18 1260.54 3707.24
1990000 1218.53 1249.97 1273.14 3741.65
1991000 1215.99 1246.8 1268.55 3731.33
1992000 1217.11 1247.15 1268.17 3732.43
1993000 1216.95 1240.78 1262.77 3720.5
1994000 1226.26 1245.56 1267.27 3739.09
1995000 1231.64 1253.3 1273.66 3758.6
1996000 1233.3 1256.26 1276.36 3765.93
1997000 1227.6 1252.76 1272.41 3752.76
1998000 1230.37 1254.85 1272.72 3757.95
1999000 1233.51 1256.23 1271.26 3761
2000000 1231.96 1258.6 1269.23 3759.79
2001000 1233.77 1260.15 1270.04 3763.96
2002000 1229.61 1253.35 1266.68 3749.63
2003000 1232.45 1256.89 1272.34 3761.68
2004000 1236.89 1260.32 1277.63 3774.84
2005000 1231.38 1254.97 1272.66 3759.02
2006000 1233.01 1257.04 1272.83 3762.87
2007000 1237.79 1259.55 1277.85 3775.18
2008000 1233.6 1253.56 1272.9 3760.05
2009000 1234.49 1256.02 1276.11 3766.62
2010000 1238.45 1254.88 1276.62 3769.95
2011000 1247.61 1264.15 1283.91 3795.67
2012000 1241.07 1260.7 1281.63 3783.4
2013000 1244.2 1266.5 1287.46 3798.15
2014000 1237.31 1259.28 1279.67 3776.26
2015000 1242.83 1265.3 1290.14 3798.27
2016000 1242.11 1266.81 1291.43 3800.35
2017000 1246.2 1270.19 1296.62 3813.01
2018000 1235.81 1260.99 1291.65 3788.45
2019000 1242.12 1265.45 1301.47 3809.04
2020000 1245.9 1267.69 1304.38 3817.97
2021000 1249 1271.1 1306.7 3826.81
2022000 1250.52 1274.53 1311.38 3836.43
2023000 1251.96 1272.84 1311.49 3836.29
2024000 1250.29 1269.78 1302.88 3822.96
2025000 1253.41 1269.57 1305 3827.98
2026000 1254.19 1274.82 1309.08 3838.1
2027000 1250.81 1271.33 1304.32 3826.46
2028000 1250.13 1272.48 1306.3 3828.91
2029000 1253.83 1275.88 1311.39 3841.1
2030000 1260.21 1285.32 1320.83 3866.37
2031000 1260.43 1281.55 1321.4 3863.37
2032000 1257.21 1280.18 1317.28 3854.67
2033000 1263.95 1286.96 1323.4 3874.31
2034000 1270.15 1289.52 1326.88 3886.55
2035000 1279.92 1294.5 1332.44 3906.86
2036000 1272.43 1284.66 1324.85 3881.94
2037000 1279.14 1289.1 1331.75 3899.99
2038000 1280.22 1289.57 1334.31 3904.09
2039000 1287.39 1297.1 1340.5 3925
2040000 1282.72 1291.06 1332.98 3906.76
2041000 1283.8 1294.22 1334.51 3912.52
2042000 1279.65 1285.78 1333.01 3898.44
2043000 1279.92 1288.14 1338.53 3906.59
2044000 1276.55 1285.56 1334.01 3896.12
2045000 1283.15 1291.39 1340.9 3915.44
2046000 1278.55 1291.75 1337.37 3907.67
2047000 1275.34 1287.42 1333.61 3896.37
2048000 1282.38 1292.62 1343.03 3918.03
2049000 1279.34 1290.66 1341.32 3911.33
2050000 1282.26 1293.65 1344.38 3920.29
2051000 1278.45 1290.35 1343.06 3911.87
2052000 1282.08 1295.21 1347.21 3924.5
2053000 1280.12 1293.75 1344.57 3918.45
2054000 1287.2 1298.45 1350.6 3936.25
2055000 1286.75 1295.98 1348.75 3931.49
2056000 1288.73 1298.18 1353.11 3940.01
2057000 1285.77 1295.77 1349.98 3931.52
2058000 1286.57 1299.19 1352.69 3938.45
2059000 1287.9 1298.91 1354.8 3941.61
2060000 1292.7 1304.84 1360.61 3958.15
2061000 1291.89 1306.53 1364.48 3962.9
2062000 1298.57 1312.88 1365.81 3977.26
2063000 1297.13 1309.43 1360.73 3967.29
2064000 1300.65 1311.02 1361.82 3973.5
2065000 1302.45 1315.15 1362.86 3980.46
2066000 1298.87 1308.99 1358.39 3966.24
2067000 1300 1313.26 1364.41 3977.67
2068000 1304.29 1320.75 1371.24 3996.28
2069000 1307.38 1320.31 1370.07 3997.75
2070000 1311.12 1323.83 1374.73 4009.68
2071000 1308.81 1323.55 1373.79 4006.16
2072000 1305.35 1322.64 1372.38 4000.38
2073000 1307.29 1324.35 1375.49 4007.13
2074000 1299.77 1317.84 1372.28 3989.89
2075000 1295.68 1314.16 1368.43 3978.27
2076000 1304.72 1320.53 1374.69 3999.94
2077000 1305.63 1318.97 1372.83 3997.43
2078000 1306.35 1319.7 1375.85 4001.9
2079000 1305.25 1320.68 1377.75 4003.68
2080000 1300.85 1315.97 1376.33 3993.14
2081000 1303.26 1317.84 1378.97 4000.08
2082000 1304.92 1319.41 1377.61 4001.94
2083000 1304.45 1315.5 1377.45 3997.41
2084000 1306.38 1318.42 1377.91 4002.71
2085000 1306.99 1318.45 1377.92 4003.36
2086000 1308.52 1319.6 1380.22 4008.34
2087000 1311.3 1322.98 1382.58 4016.86
2088000 1315.47 1326.03 1386 4027.49
2089000 1315.13 1324.34 1383.31 4022.78
2090000 1313.11 1324.31 1380.16 4017.57
2091000 1321.43 1331.97 1387.02 4040.42
2092000 1321.31 1330.52 1389.43 4041.26
2093000 1318.72 1330.71 1388.66 4038.09
2094000 1315.13 1328.56 1384.38 4028.06
2095000 1321.17 1334.91 1389.68 4045.76
2096000 1324.95 1337.71 1391.62 4054.28
2097000 1321.39 1335.58 1388.26 4045.23
2098000 1329.57 1344.72 1397.91 4072.19
2099000 1331.17 1342.58 1397.49 4071.25
2100000 1327.9 1341.9 1396.43 4066.22
2101000 1328.82 1342.44 1396.52 4067.78
2102000 1323.25 1340.52 1393.78 4057.55
2103000 1317.03 1334.04 1388.94 4040.01
2104000 1318.79 1335.49 1393.74 4048.03
2105000 1314.15 1329.88 1392.78 4036.82
2106000 1315.39 1329.72 1390.96 4036.07
2107000 1327.39 1337.28 1400.58 4065.25
2108000 1326.7 1338.07 1400.75 4065.52
2109000 1323.59 1337.57 1397.6 4058.76
2110000 1324.14 1336.69 1397.04 4057.87
2111000 1329.28 1341.01 1403.18 4073.47
2112000 1321.9 1337.03 1397.64 4056.57
2113000 1320.85 1336.92 1394.4 4052.17
2114000 1331.99 1346.52 1404.39 4082.9
2115000 1331.25 1340.58 1401.1 4072.94
2116000 1340.3 1348.22 1409.96 4098.48
2117000 1338.98 1346.1 1408.71 4093.79
2118000 1334.84 1341.11 1401.45 4077.39
2119000 1338.51 1347.05 1406.34 4091.9
2120000 1341.39 1353.02 1408.68 4103.09
2121000 1344.31 1356.73 1413.09 4114.13
2122000 1339.2 1353.14 1409.82 4102.15
2123000 1341.7 1359.07 1412.1 4112.87
2124000 1343.74 1361.55 1414.7 4119.99
2125000 1341.29 1360.37 1413.79 4115.46
2126000 1340.41 1360.99 1413.49 4114.89
2127000 1342.66 1362.81 1416.1 4121.57
2128000 1344.93 1367.12 1420.87 4132.92
2129000 1346.25 1368.49 1420.11 4134.84
2130000 1344.75 1363.36 1415.99 4124.09
2131000 1350.86 1368.78 1423.66 4143.29
2132000 1356.05 1374.03 1430.43 4160.51
2133000 1353.94 1369.89 1429.52 4153.34
2134000 1353.97 1370.4 1430.65 4155.02
2135000 1350.64 1365.67 1428.17 4144.49
2136000 1353.32 1368.22 1431.96 4153.5
2137000 1357.25 1372.78 1436.34 4166.37
2138000 1360.61 1375.68 1437.72 4174.01
2139000 1358.87 1372.57 1434.2 4165.64
2140000 1363.43 1377.55 1439.22 4180.2
2141000 1369.12 1387.69 1447.97 4204.78
2142000 1360.34 1379.48 1441.2 4181.02
2143000 1361.99 1378.81 1440.34 4181.13
2144000 1362.7 1375.25 1437.76 4175.71
2145000 1361.42 1374.58 1437.89 4173.89
2146000 1367.31 1379.73 1442.08 4189.12
2147000 1363.29 1373.86 1438.45 4175.6
2148000 1368.12 1376.96 1443.46 4188.54
2149000 1368.93 1374.84 1441.99 4185.75
2150000 1374.76 1380.52 1450.22 4205.49
2151000 1380.74 1381.94 1455.07 4217.75
2152000 1379.86 1376.82 1453.37 4210.05
2153000 1373.8 1369.64 1447.91 4191.36
2154000 1378.62 1375.58 1451.46 4205.66
2155000 1389.3 1385.62 1460.61 4235.53
2156000 1386.54 1381.11 1457.37 4225.02
2157000 1390.15 1386.27 1463.49 4239.91
2158000 1391.49 1388.88 1466.09 4246.47
2159000 1391.23 1390.64 1463.73 4245.6
2160000 1390.91 1391.12 1465.19 4247.22
2161000 1390.84 1390 1464.96 4245.79
2162000 1393.29 1395.78 1470.15 4259.22
2163000 1395.35 1397.82 1470.55 4263.71
2164000 1390.45 1392.74 1463.91 4247.11
2165000 1390.25 1392.67 1461.37 4244.29
2166000 1395.91 1400.97 1468.07 4264.96
2167000 1395.89 1399.96 1468.13 4263.98
2168000 1398.19 1401.49 1472.6 4272.27
2169000 1403.97 1406.17 1478.28 4288.42
2170000 1403.25 1404.73 1474.59 4282.57
2171000 1408.34 1405.55 1479.71 4293.6
2172000 1405.69 1402.12 1473.15 4280.96
2173000 1407.33 1400.62 1473.95 4281.9
2174000 1408.06 1401.27 1477.18 4286.51
2175000 1412.75 1406.82 1483.44 4303.01
2176000 1410.81 1405.99 1484.52 4301.32
2177000 1416.51 1414.49 1493.87 4324.87
2178000 1412.37 1408.74 1485.44 4306.55
2179000 1411.45 1410.35 1484.53 4306.34
2180000 1408.7 1407.39 1481.23 4297.31
2181000 1415.2 1416.42 1490.5 4322.12
2182000 1417.76 1421.87 1495.14 4334.78
2183000 1416.93 1423.57 1495.94 4336.45
2184000 1422.14 1428.58 1502.55 4353.27
2185000 1415.28 1421.09 1501.1 4337.47
2186000 1417.4 1421.1 1505.62 4344.12
2187000 1413.08 1415.01 1504.31 4332.41
2188000 1419.94 1420.53 1508.98 4349.45
2189000 1423.48 1424.02 1513.48 4360.98
2190000 1423.34 1423.72 1512.03 4359.09
2191000 1425.36 1423.56 1512.6 4361.52
2192000 1425.46 1421.18 1513.14 4359.78
2193000 1430.5 1425.69 1517.38 4373.56
2194000 1421.81 1418.48 1504.92 4345.21
2195000 1426.14 1424.34 1512.58 4363.06
2196000 1418.69 1417.75 1502.95 4339.38
2197000 1423.87 1422.47 1505.06 4351.4
2198000 1427.67 1427.6 1505.46 4360.73
2199000 1437.4 1442.12 1515.39 4394.9
2200000 1442.45 1450.2 1522.04 4414.69
2201000 1435.32 1442.29 1517.73 4395.34
2202000 1438.43 1444 1521.07 4403.5
2203000 1440.71 1443.96 1524.58 4409.26
2204000 1441.6 1441.02 1525.73 4408.35
2205000 1445.71 1443.2 1528.07 4416.98
2206000 1441.25 1441.02 1521.89 4404.16
2207000 1443 1445.67 1523.62 4412.28
2208000 1451.29 1450.03 1530.05 4431.37
2209000 1448.37 1447.69 1525.5 4421.56
2210000 1448.73 1450.28 1525.85 4424.86
2211000 1453.69 1452.77 1531.04 4437.51
2212000 1456.15 1456.8 1533.55 4446.51
2213000 1457.48 1459.27 1537.37 4454.13
2214000 1455.24 1454.45 1535.32 4445
2215000 1450.53 1450.19 1532.83 4433.54
2216000 1446.24 1447.52 1527.91 4421.67
2217000 1450.23 1451.84 1533.77 4435.84
2218000 1449.29 1451.1 1535 4435.4
2219000 1450.12 1454.41 1536.92 4441.45
2220000 1456.11 1465.39 1546.64 4468.13
2221000 1450.47 1462.33 1540.19 4452.99
2222000 1448.88 1460.82 1538.72 4448.42
2223000 1445.02 1459.45 1536.33 4440.8
2224000 1438.76 1453.16 1531.6 4423.52
2225000 1438.19 1454.81 1534.64 4427.64
2226000 1441.75 1459.01 1539.16 4439.92
2227000 1447.39 1465.16 1545.12 4457.67
2228000 1446.22 1466.18 1543.88 4456.28
2229000 1441.57 1458.17 1535.2 4434.95
2230000 1447.33 1461.6 1539.3 4448.23
2231000 1464.47 1477.55 1558.1 4500.11
2232000 1454.7 1469.15 1548.69 4472.55
2233000 1449.9 1467.99 1546 4463.88
2234000 1452.27 1473.92 1553.9 4480.09
2235000 1445.75 1467.43 1549 4462.18
2236000 1447.6 1467.79 1551.34 4466.72
2237000 1454.07 1475.21 1557.95 4487.23
2238000 1451.71 1470.8 1554.25 4476.76
2239000 1454.67 1470.98 1558.54 4484.19
2240000 1454.99 1473.36 1560.2 4488.56
2241000 1454.99 1474.03 1558.36 4487.38
2242000 1457.97 1477.66 1562.73 4498.37
2243000 1459.46 1478.84 1564.85 4503.16
2244000 1462.1 1480.97 1566.19 4509.26
2245000 1460.9 1476.13 1563.94 4500.97
2246000 1465.07 1480.6 1566.9 4512.57
2247000 1463.74 1480.92 1565.01 4509.67
2248000 1466.27 1482.88 1568.9 4518.05
2249000 1464.68 1480.97 1567.84 4513.49
2250000 1464.8 1479.86 1568.4 4513.07
2251000 1466.14 1483.17 1572.38 4521.69
2252000 1464.59 1481.39 1571.79 4517.77
2253000 1466.47 1483.33 1567.4 4517.2
2254000 1460.5 1476.64 1561.84 4498.98
2255000 1462.38 1483.23 1566.35 4511.96
2256000 1471.58 1495.72 1576.2 4543.5
2257000 1475.02 1496.27 1576.99 4548.28
2258000 1469.89 1492.48 1571.71 4534.08
2259000 1471.68 1496.1 1572.35 4540.13
2260000 1474.6 1500.03 1576.24 4550.86
2261000 1474.88 1495.93 1575.79 4546.61
2262000 1475.54 1494.3 1575.09 4544.93
2263000 1479.88 1496.82 1577.32 4554.01
2264000 1479.57 1496.98 1575.97 4552.52
2265000 1482.31 1501.03 1578.66 4562
2266000 1482.03 1505.93 1581.77 4569.73
2267000 1479.39 1506.66 1582.67 4568.72
2268000 1480.05 1509.13 1581.48 4570.66
2269000 1479.87 1511.23 1584.58 4575.69
2270000 1481.13 1510.61 1585.87 4577.62
2271000 1487.36 1515.35 1590 4592.71
2272000 1485.68 1513.98 1587.39 4587.05
2273000 1489.79 1520.98 1593.12 4603.89
2274000 1491.91 1520.29 1592.36 4604.56
2275000 1492.92 1520.8 1589.61 4603.33
2276000 1491.62 1517.14 1585.01 4593.78
2277000 1496.71 1523.23 1589.39 4609.33
2278000 1495.97 1519.76 1584.41 4600.15
2279000 1495.5 1517.33 1584.84 4597.67
2280000 1493.36 1515.04 1581.76 4590.16
2281000 1498.44 1521.24 1586.19 4605.87
2282000 1498.87 1523.26 1587.58 4609.71
2283000 1501.76 1524.4 1591.53 4617.7
2284000 1497.08 1519.96 1585.09 4602.12
2285000 1499.34 1523.52 1588.13 4610.99
2286000 1513.53 1540.2 1601.53 4655.26
2287000 1509.57 1535.57 1598.5 4643.63
2288000 1505.43 1536.52 1595.59 4637.54
2289000 1507.74 1541.2 1601.13 4650.08
2290000 1499.89 1528.54 1591.51 4619.94
2291000 1504.63 1532.73 1596.38 4633.73
2292000 1508.72 1539.78 1599.67 4648.17
2293000 1510.18 1541.79 1603.69 4655.66
2294000 1513.9 1548.83 1607.05 4669.78
2295000 1511.5 1545.38 1603.61 4660.49
2296000 1514.22 1545.8 1607.43 4667.45
2297000 1517.28 1542.63 1608.32 4668.23
2298000 1518.52 1543.94 1610.64 4673.1
2299000 1522.86 1548.2 1613.09 4684.14
2300000 1517.69 1542.49 1607.92 4668.1
2301000 1517.68 1541.08 1607.15 4665.91
2302000 1525.02 1547.3 1615.42 4687.74
2303000 1517.63 1534.92 1605.88 4658.43
2304000 1520.36 1541.98 1611.82 4674.16
2305000 1516.15 1536.85 1607.26 4660.25
2306000 1526.88 1547.2 1616.14 4690.22
2307000 1523.12 1541.34 1610.68 4675.14
2308000 1527.27 1545.18 1617.86 4690.3
2309000 1531.23 1551.04 1618.88 4701.15
2310000 1534.26 1548.81 1615.93 4699
2311000 1535 1547.6 1618.77 4701.37
2312000 1528.92 1539.76 1610.77 4679.45
2313000 1526.65 1537.8 1608.07 4672.51
2314000 1523.9 1539.15 1609.04 4672.09
2315000 1535.58 1551.75 1624.89 4712.22
2316000 1533.56 1549.03 1624.8 4707.39
2317000 1526.13 1541.54 1615.72 4683.39
2318000 1534.4 1548.76 1621.96 4705.12
2319000 1532.03 1552.35 1622.01 4706.39
2320000 1534.95 1552.98 1622.67 4710.6
2321000 1539.81 1557.35 1625.65 4722.82
2322000 1542.72 1563.02 1630.91 4736.65
2323000 1547.85 1568.73 1638.36 4754.94
2324000 1540.7 1561.5 1632.22 4734.42
2325000 1543.29 1561.04 1631.36 4735.69
2326000 1546.14 1562.38 1633.11 4741.62
2327000 1551.19 1563.31 1631.84 4746.34
2328000 1552.58 1563.51 1632.65 4748.74
2329000 1546.92 1556.28 1626.72 4729.92
2330000 1551.65 1560.89 1632.88 4745.42
2331000 1547.77 1557.66 1629.21 4734.64
2332000 1550.43 1560.6 1631.74 4742.78
2333000 1552.62 1563.88 1634.78 4751.28
2334000 1561 1573.09 1644.9 4778.99
2335000 1559.11 1570.75 1642.46 4772.32
2336000 1561.04 1568.79 1641.27 4771.1
2337000 1567.49 1571.85 1648.01 4787.36
2338000 1567.16 1567.23 1646.39 4780.77
2339000 1566.75 1562.49 1642.18 4771.42
2340000 1576.9 1569.72 1650.86 4797.47
2341000 1573.9 1567.01 1647.89 4788.8
2342000 1568.41 1563.09 1647.3 4778.8
2343000 1574.08 1566.1 1655.04 4795.21
2344000 1583.14 1571.38 1668.24 4822.76
2345000 1581.1 1566.49 1663.3 4810.89
2346000 1584.39 1569.07 1665.18 4818.65
2347000 1584.1 1568.22 1666 4818.33
2348000 1585.63 1572.24 1667.77 4825.63
2349000 1577.11 1566.36 1659.32 4802.79
2350000 1579.23 1566.83 1663.81 4809.87
2351000 1590.26 1573.87 1672.01 4836.13
2352000 1577.65 1560.61 1658.33 4796.6
2353000 1585.88 1569.82 1665.07 4820.77
2354000 1590.01 1576.29 1671.4 4837.71
2355000 1590.39 1576.03 1669 4835.42
2356000 1593.26 1574.44 1669.72 4837.42
2357000 1601.01 1583.56 1678 4862.56
2358000 1594.59 1578.74 1671.73 4845.05
2359000 1593.67 1578.04 1672.09 4843.8
2360000 1589.31 1573.78 1669.23 4832.31
2361000 1587.96 1572.97 1668.51 4829.44
2362000 1588.92 1572.18 1669.72 4830.82
2363000 1599.52 1579.18 1680.71 4859.41
2364000 1599.42 1579.2 1679.31 4857.92
2365000 1604.72 1584.82 1684.51 4874.04
2366000 1599.8 1581.62 1679.83 4861.24
2367000 1598.91 1580.63 1677.31 4856.85
2368000 1603.91 1583.19 1683.95 4871.05
2369000 1600.06 1581.07 1683.93 4865.06
2370000 1591.31 1570.95 1678.14 4840.41
2371000 1596.54 1578.23 1685.08 4859.86
2372000 1597.11 1580.71 1686.21 4864.03
2373000 1603.23 1585.54 1694.18 4882.96
2374000 1605.14 1587.26 1695.08 4887.48
2375000 1607.8 1590.32 1695.68 4893.8
2376000 1606.24 1588.74 1694.45 4889.44
2377000 1615.46 1598.23 1701.77 4915.46
2378000 1613.2 1595.04 1696.85 4905.1
2379000 1615.08 1599.34 1703.1 4917.52
2380000 1614.73 1597.37 1700.84 4912.94
2381000 1610.39 1594.24 1698.58 4903.21
2382000 1607.44 1588.29 1691.93 4887.66
2383000 1621.09 1600.81 1704.09 4925.99
2384000 1616.75 1598.6 1704.35 4919.7
2385000 1616.79 1599.68 1705.66 4922.13
2386000 1613.67 1595.28 1700.79 4909.74
2387000 1613.9 1596.46 1699.31 4909.67
2388000 1620.12 1600.49 1704.98 4925.59
2389000 1615.04 1596.02 1702.97 4914.03
2390000 1613.34 1596.24 1698.2 4907.78
2391000 1623.84 1607.75 1711.58 4943.16
2392000 1623.41 1608.04 1716.35 4947.79
2393000 1629.1 1613.74 1716.59 4959.43
2394000 1623 1606.49 1710.1 4939.59
2395000 1625.99 1609.06 1713.77 4948.81
2396000 1621.41 1603.11 1706.98 4931.5
2397000 1621.41 1602.79 1707.42 4931.62
2398000 1621.94 1600.91 1708.98 4931.84
2399000 1624.75 1601.11 1708.94 4934.8
2400000 1629.25 1599.9 1708.38 4937.53
2401000 1631 1601.66 1712.1 4944.76
2402000 1627.59 1601.65 1711.3 4940.54
2403000 1623.85 1596.88 1708.5 4929.23
2404000 1624.65 1599.54 1711.38 4935.56
2405000 1624.22 1599.18 1708.39 4931.79
2406000 1626.78 1604.6 1714.28 4945.66
2407000 1626.45 1608.76 1716.89 4952.1
2408000 1635.97 1617.68 1727.15 4980.8
2409000 1626.43 1614.06 1722.57 4963.06
2410000 1630.07 1616.2 1725.7 4971.96
2411000 1635.79 1622.12 1732.67 4990.58
2412000 1634.03 1617.71 1726.51 4978.26
2413000 1632.25 1615.69 1725.97 4973.92
2414000 1636.59 1625.31 1732.42 4994.32
2415000 1630.2 1621.52 1727.35 4979.07
2416000 1630.04 1622.41 1729.86 4982.31
2417000 1638.52 1628.98 1740.02 5007.51
2418000 1639.55 1626.44 1738.19 5004.17
2419000 1644.12 1633.23 1739.42 5016.77
2420000 1643.03 1633.44 1738.39 5014.86
2421000 1638.34 1625.41 1732.84 4996.58
2422000 1642.18 1627.83 1735.82 5005.83
2423000 1641.01 1628.2 1735.42 5004.63
2424000 1643.15 1630.44 1738.81 5012.41
2425000 1649.2 1637.02 1744.11 5030.32
2426000 1653.75 1640.89 1749.86 5044.5
2427000 1653.75 1638.16 1746.14 5038.05
2428000 1656.17 1637.12 1744.78 5038.08
2429000 1655.28 1634.96 1745.64 5035.88
2430000 1654.31 1634.62 1745.04 5033.97
2431000 1654.52 1636.29 1747.16 5037.97
2432000 1653.51 1634.08 1742.32 5029.91
2433000 1659.07 1638.29 1747.16 5044.52
2434000 1661.32 1642.76 1749.54 5053.62
2435000 1669.05 1647.77 1754.83 5071.64
2436000 1667.16 1645.37 1754.85 5067.38
2437000 1667.44 1642.17 1755.29 5064.9
2438000 1671.17 1645.73 1758.28 5075.18
2439000 1671.89 1645.9 1756.28 5074.07
2440000 1673.26 1644.73 1757.15 5075.14
2441000 1666.96 1637.49 1747.96 5052.42
2442000 1667.19 1635.68 1746.55 5049.42
2443000 1668.88 1642.04 1750.35 5061.26
2444000 1666.92 1636.48 1744.07 5047.47
2445000 1669.33 1641.14 1748.47 5058.95
2446000 1673.49 1646.29 1754.76 5074.54
2447000 1665.52 1641.63 1749.72 5056.87
2448000 1663.58 1643.19 1748.61 5055.39
2449000 1660.06 1645.07 1751.12 5056.26
2450000 1663.77 1649.95 1754.04 5067.76
2451000 1666.98 1650.22 1755.66 5072.86
2452000 1670.42 1657.11 1760.93 5088.46
2453000 1662.96 1654.86 1753.96 5071.79
2454000 1661.52 1652.15 1752.89 5066.56
2455000 1666.81 1658.44 1759.79 5085.03
2456000 1674.58 1666.98 1766.89 5108.45
2457000 1676.91 1669.69 1767.43 5114.03
2458000 1665.5 1653.75 1750.46 5069.72
2459000 1663.97 1652.27 1748.27 5064.51
2460000 1676.76 1664.17 1765.3 5106.24
2461000 1678.11 1668.2 1769.91 5116.22
2462000 1673.12 1662.94 1766.52 5102.59
2463000 1669.65 1656.21 1761.2 5087.05
2464000 1680.09 1662.24 1766.15 5108.48
2465000 1679.61 1662.08 1764.84 5106.53
2466000 1679.31 1662.32 1763.11 5104.74
2467000 1681.73 1664.53 1761.3 5107.56
2468000 1688.68 1670.38 1762.14 5121.2
2469000 1694.37 1676.5 1769.68 5140.56
2470000 1687.58 1671.94 1764.22 5123.74
2471000 1696.58 1678.03 1770.55 5145.16
2472000 1693.72 1672.88 1766.02 5132.62
2473000 1698.64 1677.32 1770.63 5146.59
2474000 1693.14 1676.35 1768.82 5138.31
2475000 1701.56 1681.73 1773.08 5156.37
2476000 1705.96 1686.32 1776.04 5168.31
2477000 1697.06 1681.2 1771.64 5149.9
2478000 1696.55 1685.31 1775.74 5157.6
2479000 1698.31 1688.94 1779.06 5166.31
2480000 1698.11 1689.04 1780.22 5167.37
2481000 1702.82 1694.71 1783.02 5180.56
2482000 1699.46 1695.8 1782.65 5177.9
2483000 1703.27 1697.54 1784.86 5185.67
2484000 1702.82 1700.59 1782 5185.4
2485000 1707.2 1708.44 1787.97 5203.6
2486000 1698.34 1698.5 1781.28 5178.13
2487000 1695.62 1695.78 1784.72 5176.12
2488000 1691.77 1696.3 1784.34 5172.42
2489000 1689.3 1696.27 1782.34 5167.91
2490000 1693.49 1701.26 1785.92 5180.67
2491000 1697.5 1708.06 1791.6 5197.16
2492000 1700.19 1709.43 1791.98 5201.6
2493000 1700.5 1705.48 1789.53 5195.51
2494000 1705.93 1709.32 1797.95 5213.2
2495000 1707.56 1708.96 1799.61 5216.14
2496000 1705.46 1708.72 1800 5214.18
2497000 1705.27 1711.4 1804.06 5220.72
2498000 1710.31 1717.18 1807.9 5235.39
2499000 1708.25 1710.03 1801.03 5219.3
2500000 1705.35 1704.85 1795.7 5205.91
2501000 1721.94 1720.06 1813.71 5255.71
2502000 1723.41 1718.16 1813.84 5255.41
2503000 1712.11 1708.3 1805.01 5225.42
2504000 1724.97 1717.61 1818.09 5260.67
2505000 1725.16 1714.62 1813.8 5253.57
2506000 1728.28 1713.12 1810.94 5252.34
2507000 1741.4 1720.27 1818.38 5280.04
2508000 1737.66 1711.32 1812.32 5261.3
2509000 1733.1 1706.15 1807.4 5246.65
2510000 1735.88 1712 1812.14 5260.01
2511000 1735.68 1711.41 1809.93 5257.02
2512000 1732.2 1708.88 1808.79 5249.86
2513000 1735.6 1714.01 1815.03 5264.64
2514000 1734.16 1710.55 1810.91 5255.62
2515000 1734.3 1714.53 1812.39 5261.21
2516000 1731.5 1709.57 1803.84 5244.91
2517000 1733.44 1713.66 1811.4 5258.49
2518000 1742.18 1723.44 1817 5282.62
2519000 1739.68 1722.42 1815.42 5277.51
2520000 1740.45 1726.79 1818.86 5286.1
2521000 1743.26 1728.31 1821.68 5293.25
2522000 1754.2 1737.65 1831.62 5323.46
2523000 1758.54 1742.92 1838.43 5339.89
2524000 1758.6 1739.21 1839.74 5337.54
2525000 1753.05 1732.97 1832.67 5318.69
2526000 1748.75 1726.7 1827.87 5303.32
2527000 1754.39 1732.51 1834.28 5321.17
2528000 1751.1 1728.05 1830.41 5309.57
2529000 1757.84 1735.4 1840.13 5333.38
2530000 1756.97 1735.16 1838.18 5330.31
2531000 1758.77 1737.98 1841.82 5338.57
2532000 1767.77 1746.79 1851.02 5365.57
2533000 1764.92 1744.97 1844.17 5354.06
2534000 1762.47 1743.26 1838.73 5344.46
2535000 1764.18 1746.36 1838 5348.53
2536000 1772.32 1754.03 1847.17 5373.51
2537000 1780.93 1762.04 1856.31 5399.28
2538000 1776.06 1753.87 1850.79 5380.72
2539000 1772.19 1748.05 1848.14 5368.38
2540000 1768.74 1745.8 1843.47 5358
2541000 1775.14 1751.47 1848.02 5374.63
2542000 1765.51 1745.88 1839.43 5350.82
2543000 1769.82 1752.73 1846.15 5368.7
2544000 1763.27 1747.94 1841.89 5353.1
2545000 1764.23 1746.51 1843.83 5354.57
2546000 1769.23 1744.22 1843.2 5356.65
2547000 1772.86 1742.48 1841.9 5357.23
2548000 1772.73 1746.15 1841.12 5360
2549000 1770.5 1744.78 1839.28 5354.56
2550000 1779.21 1755.85 1851.27 5386.33
2551000 1773.66 1751.21 1846.81 5371.68
2552000 1779.77 1754.25 1848.73 5382.75
2553000 1776.78 1749.68 1842.93 5369.39
2554000 1782.13 1756.97 1853.28 5392.38
2555000 1783.95 1760 1857.45 5401.4
2556000 1783.77 1757.29 1855.39 5396.45
2557000 1777.91 1752.54 1849.3 5379.76
2558000 1778.08 1753.94 1851.47 5383.49
2559000 1782.26 1758.95 1855.96 5397.18
2560000 1786.64 1764.33 1857.44 5408.41
2561000 1780.49 1756.54 1849.91 5386.94
2562000 1786.13 1761.16 1856.48 5403.77
2563000 1799 1770.07 1863.82 5432.89
2564000 1794.66 1764.69 1856.11 5415.46
2565000 1801.24 1774.56 1864.21 5440.02
2566000 1804.76 1777.2 1864.33 5446.28
2567000 1806.66 1778.24 1865.01 5449.91
2568000 1793.34 1762.61 1853.96 5409.91
2569000 1797.54 1765.45 1859.68 5422.67
2570000 1801.5 1769.35 1863.76 5434.61
2571000 1804.24 1771.01 1863.59 5438.83
2572000 1804.23 1772.74 1865.28 5442.26
2573000 1807.29 1774.32 1868.13 5449.74
2574000 1811.09 1776.47 1870.96 5458.52
2575000 1818.27 1783.25 1879.65 5481.17
2576000 1811.89 1778.15 1873.97 5464.01
2577000 1815.59 1781.41 1877.89 5474.88
2578000 1809.58 1772.27 1870.52 5452.38
2579000 1814.41 1779.92 1878.41 5472.73
2580000 1813.22 1778.06 1877.6 5468.88
2581000 1812.86 1779.95 1878.24 5471.04
2582000 1816.93 1781.87 1882.91 5481.72
2583000 1818.53 1781.09 1887.08 5486.69
2584000 1817.34 1778.59 1890.5 5486.42
2585000 1819.47 1778.44 1893.94 5491.85
2586000 1830.58 1785.25 1901.53 5517.36
2587000 1824.45 1783.32 1894.29 5502.06
2588000 1825.73 1783.31 1897.66 5506.69
2589000 1829.63 1788.31 1903.49 5521.44
2590000 1824.59 1783.05 1895.6 5503.24
2591000 1818.7 1776.49 1892.03 5487.22
2592000 1826.29 1782.86 1900.93 5510.07
2593000 1820.56 1776.95 1894.26 5491.77
2594000 1820.27 1775.52 1894.49 5490.28
2595000 1823.65 1775.57 1893.19 5492.41
2596000 1820.89 1772.04 1888.68 5481.62
2597000 1825.81 1780.14 1894.86 5500.81
2598000 1825.64 1777.36 1892.48 5495.49
2599000 1830.28 1776.25 1897.28 5503.81
2600000 1829.7 1778.64 1900.92 5509.27
