# Time-averaged data for fix thermo_avg_npt
# TimeStep v_epsilon_co v_temp v_press v_pe v_ke v_etotal v_vol v_dens
101000 0.05 299.362 -367.56 -20198.5 3348.96 -16849.5 55631.8 1.02545
102000 0.05 297.467 -126.219 -20210.1 3327.76 -16882.3 55872.6 1.02103
103000 0.05 300.152 18.4677 -20201.9 3357.79 -16844.1 55653.2 1.02507
104000 0.05 301.238 32.4987 -20312.3 3369.94 -16942.3 55268.5 1.03219
105000 0.05 299.221 -102.098 -20240.3 3347.38 -16892.9 55683.1 1.02451
106000 0.05 299.145 -146.913 -20252.4 3346.53 -16905.9 55829.5 1.02182
107000 0.05 299.054 239.555 -20233.9 3345.51 -16888.4 55124.5 1.0349
108000 0.05 301.58 203.752 -20220.3 3373.77 -16846.5 55126 1.03488
109000 0.05 300.724 -397.516 -20205.5 3364.19 -16841.3 56066.3 1.01751
110000 0.05 301.748 -192.815 -20228.6 3375.65 -16852.9 55894.1 1.02065
111000 0.05 300.037 50.8015 -20292 3356.51 -16935.5 55241.1 1.0327
112000 0.05 297.551 76.5233 -20270 3328.7 -16941.3 55275.4 1.03206
113000 0.05 300.055 47.0261 -20292.5 3356.71 -16935.8 55764.3 1.02303
114000 0.05 300.22 -185.853 -20251.9 3358.55 -16893.3 56199.8 1.01508
115000 0.05 299.415 225.128 -20309 3349.55 -16959.5 55854.7 1.02136
116000 0.05 300.036 -40.1866 -20312.8 3356.5 -16956.3 55880.4 1.02088
117000 0.05 301.183 1.61607 -20238.6 3369.33 -16869.3 55865 1.02117
118000 0.05 301.539 -18.2078 -20217.7 3373.31 -16844.4 55637.9 1.02534
119000 0.05 301.294 -49.1415 -20286.3 3370.57 -16915.7 55433.7 1.02911
120000 0.05 297.493 15.9009 -20274.6 3328.05 -16946.5 55503.7 1.02781
121000 0.05 299.914 37.9296 -20320 3355.13 -16964.8 55578.4 1.02643
122000 0.05 299.642 45.7649 -20274 3352.08 -16922 55693.9 1.0243
123000 0.05 298.196 184.925 -20294.5 3335.92 -16958.6 55565.9 1.02666
124000 0.05 302.7 -469.854 -20266.3 3386.3 -16880 56144.8 1.01609
125000 0.05 299.743 -201.162 -20213.9 3353.22 -16860.6 55861.1 1.02127
126000 0.05 299.918 284.632 -20267 3355.18 -16911.8 55106 1.03523
127000 0.05 300.8 4.26678 -20181.8 3365.04 -16816.7 55355.8 1.03057
128000 0.05 301.92 97.0085 -20169.1 3377.58 -16791.5 55718.2 1.02386
129000 0.05 297.69 -60.8588 -20192.1 3330.25 -16861.9 55664.3 1.02485
130000 0.05 299.761 249.103 -20317.6 3353.41 -16964.2 55502.3 1.02784
131000 0.05 299.446 72.5131 -20267.7 3349.9 -16917.8 55757.6 1.02314
132000 0.05 299.851 -45.7391 -20244.5 3354.43 -16890.1 55739.9 1.02347
133000 0.05 302.269 312.905 -20270 3381.48 -16888.6 55155.2 1.03431
134000 0.05 299.749 -151.039 -20200.7 3353.28 -16847.4 55611.3 1.02584
135000 0.05 299.624 -84.0792 -20294.8 3351.89 -16942.9 55680.9 1.02455
136000 0.05 299.393 182.146 -20252.3 3349.3 -16903 55571.3 1.02657
137000 0.05 300.001 -20.7403 -20219.3 3356.1 -16863.2 55841.3 1.0216
138000 0.05 299.343 -0.64571 -20226.8 3348.75 -16878.1 55702.8 1.02415
139000 0.05 301.657 140.171 -20204 3374.63 -16829.4 55788.9 1.02257
140000 0.05 301.353 -124.606 -20172.1 3371.23 -16800.9 56025 1.01826
141000 0.05 301.022 185.569 -20249.5 3367.53 -16882 55559.3 1.02679
142000 0.05 298.265 130.761 -20289.6 3336.69 -16952.9 55441.5 1.02897
143000 0.05 299.817 -180.865 -20237.4 3354.04 -16883.3 56043.1 1.01793
144000 0.05 299.837 -193.708 -20200.9 3354.27 -16846.6 56296.7 1.01334
145000 0.05 299.221 41.6936 -20266.8 3347.38 -16919.4 55593 1.02618
146000 0.05 301.209 -271.904 -20238.6 3369.62 -16869 55664 1.02486
147000 0.05 298.178 -166.724 -20262.5 3335.71 -16926.8 55817.8 1.02203
148000 0.05 299.366 -49.1726 -20295.5 3349 -16946.5 55385.2 1.03002
149000 0.05 301.005 137.175 -20278.6 3367.33 -16911.2 55475.2 1.02836
150000 0.05 299.692 -248.82 -20253.7 3352.65 -16901.1 56342.9 1.01251
151000 0.05 299.533 94.5936 -20170.2 3350.87 -16819.4 55543.3 1.02714
152000 0.05 301.162 299.954 -20270.2 3369.09 -16901.1 55086.5 1.0356
153000 0.05 299.428 -18.5876 -20208.9 3349.69 -16859.2 55471.4 1.02841
154000 0.05 300.989 -24.9028 -20296.8 3367.16 -16929.7 55444.8 1.02891
155000 0.05 300.636 38.1676 -20291.3 3363.21 -16928.1 55507.1 1.02775
156000 0.05 300.114 54.9921 -20246.1 3357.37 -16888.7 55687.4 1.02443
157000 0.05 297.982 -212.284 -20244 3333.52 -16910.5 55968.1 1.01929
158000 0.05 299.694 412.824 -20257.2 3352.67 -16904.6 55662.6 1.02488
159000 0.05 301.622 74.7586 -20280.1 3374.24 -16905.8 55680.1 1.02456
160000 0.05 299.259 -107.593 -20278.6 3347.8 -16930.8 55699.9 1.02419
161000 0.05 300.393 -31.5741 -20245.3 3360.49 -16884.8 55510.3 1.02769
162000 0.05 299.465 287.707 -20280 3350.11 -16929.9 55382.5 1.03007
163000 0.05 302.657 -69.1516 -20186.7 3385.82 -16800.9 55891.6 1.02068
164000 0.05 301.049 -203.471 -20173.6 3367.83 -16805.7 56142.7 1.01612
165000 0.05 298.724 -5.25699 -20227.7 3341.82 -16885.9 56074.2 1.01736
166000 0.05 298.744 248.321 -20256.9 3342.05 -16914.9 55566 1.02666
167000 0.05 298.865 169.672 -20241.4 3343.4 -16898 55684.1 1.02449
168000 0.05 301.821 240.304 -20212.9 3376.47 -16836.5 55824.9 1.0219
169000 0.05 300.563 -65.6705 -20134.1 3362.39 -16771.7 56126.9 1.01641
170000 0.05 300.74 -48.3389 -20234.5 3364.37 -16870.2 56207.9 1.01495
171000 0.05 300.542 18.5476 -20266.3 3362.16 -16904.1 55527.5 1.02738
172000 0.05 300.071 -146.178 -20230.1 3356.88 -16873.2 55857.3 1.02131
173000 0.05 299.952 -112.502 -20232.6 3355.56 -16877 55731.6 1.02362
174000 0.05 298.275 299.403 -20247 3336.8 -16910.2 55260.6 1.03234
175000 0.05 301.385 -20.1831 -20273.7 3371.59 -16902.1 55784 1.02267
176000 0.05 299.71 -252.89 -20245.3 3352.85 -16892.5 56325.2 1.01282
177000 0.05 299.239 109.67 -20242.8 3347.58 -16895.2 55806.1 1.02225
178000 0.05 297.426 46.6944 -20179.9 3327.3 -16852.6 55634.7 1.0254
179000 0.05 301.607 -218.642 -20224.5 3374.07 -16850.4 55809 1.02219
180000 0.05 299.92 -147.64 -20166 3355.2 -16810.8 55868.2 1.02111
181000 0.05 301.435 -188.232 -20200.9 3372.15 -16828.7 55884.5 1.02081
182000 0.05 300.277 -79.5962 -20245.6 3359.2 -16886.4 55601.1 1.02601
183000 0.05 299.841 57.7256 -20258.3 3354.31 -16903.9 55578.6 1.02643
184000 0.05 300.81 -49.0022 -20246.7 3365.16 -16881.6 55399.4 1.02975
185000 0.05 299.187 -71.0845 -20258.3 3347 -16911.3 55289.3 1.0318
186000 0.05 301.565 -125.911 -20237.5 3373.61 -16863.8 55437.6 1.02904
187000 0.05 301.754 245.812 -20202 3375.71 -16826.3 55722.1 1.02381
188000 0.05 300.151 -236.93 -20215.8 3357.79 -16858 56073.1 1.01739
189000 0.05 298.314 137.046 -20229.8 3337.23 -16892.6 55496.9 1.02794
190000 0.05 301.689 66.971 -20214.4 3374.99 -16839.4 55483.7 1.02819
191000 0.05 299.99 -122.328 -20189.8 3355.98 -16833.8 55541.9 1.02711
192000 0.05 300.171 -33.9994 -20169.4 3358.01 -16811.4 55839 1.02164
193000 0.05 300.778 22.2229 -20170.2 3364.8 -16805.4 55669.4 1.02476
194000 0.05 298.18 52.2541 -20223.4 3335.73 -16887.7 55866.2 1.02114
195000 0.05 300.046 130.449 -20233.4 3356.61 -16876.8 56219.8 1.01474
196000 0.05 300.755 -87.0508 -20247.1 3364.54 -16882.5 56652.3 1.00698
197000 0.05 300.779 -133.585 -20216.8 3364.81 -16852 56305.2 1.0132
198000 0.05 299.995 271.894 -20171.1 3356.04 -16815 55638.8 1.02532
199000 0.05 299.167 -61.6884 -20155.6 3346.77 -16808.9 55834.1 1.02174
200000 0.05 298.941 -115.932 -20148.5 3344.25 -16804.3 55718.2 1.02388
201000 0.05 299.057 279.6 -20177.7 3345.55 -16832.2 55209.7 1.0333
202000 0.05 297.721 -69.3678 -20160.9 3330.59 -16830.3 56063.1 1.01757
203000 0.05 300.065 -121.057 -20183 3356.82 -16826.2 56147.9 1.01603
204000 0.05 297.652 28.3505 -20283.3 3329.83 -16953.5 55771.5 1.02288
205000 0.05 300.145 113.45 -20244.7 3357.71 -16887 55682 1.02453
206000 0.05 297.896 25.2104 -20211.9 3332.56 -16879.3 55775.3 1.02282
207000 0.05 297.575 -59.7537 -20214.9 3328.97 -16885.9 55922.7 1.02011
208000 0.05 298.985 143.294 -20294.9 3344.73 -16950.1 55508.2 1.02774
209000 0.05 300.636 130.487 -20294.9 3363.21 -16931.7 55444.9 1.02891
210000 0.05 296.864 128.43 -20204.4 3321.01 -16883.3 55816.1 1.02206
211000 0.05 302.408 -42.2613 -20218.1 3383.03 -16835 56068.3 1.01746
212000 0.05 297.474 56.4019 -20211.1 3327.84 -16883.2 56039.2 1.01799
213000 0.05 301.685 173.42 -20246.6 3374.95 -16871.6 55765.2 1.023
214000 0.05 301.402 -161.434 -20205.8 3371.78 -16834 55542.8 1.02709
215000 0.05 299.428 -91.6082 -20167.8 3349.7 -16818.1 55728.6 1.02367
216000 0.05 300.458 -24.5739 -20180.8 3361.21 -16819.5 55532.5 1.02729
217000 0.05 301.812 119.526 -20201.3 3376.37 -16825 55102.1 1.03531
218000 0.05 298.62 -43.1901 -20222.1 3340.66 -16881.4 55966.6 1.01934
219000 0.05 298.223 3.23906 -20195.1 3336.22 -16858.9 56233.8 1.01448
220000 0.05 299.545 150.664 -20203.3 3351 -16852.3 55681.4 1.02454
221000 0.05 302.663 65.0438 -20224.5 3385.88 -16838.6 55719.4 1.02384
222000 0.05 300.303 122.995 -20215.9 3359.48 -16856.4 56006.7 1.01858
223000 0.05 299.825 -202.012 -20243.3 3354.13 -16889.2 55792.2 1.0225
224000 0.05 300.337 192.851 -20173.1 3359.87 -16813.2 55667.9 1.02479
225000 0.05 300.152 -232.203 -20238.2 3357.79 -16880.4 55999.4 1.01872
226000 0.05 299.945 -443.789 -20192.9 3355.48 -16837.5 55973.8 1.01918
227000 0.05 298.78 407.862 -20305.1 3342.44 -16962.7 55363 1.03044
228000 0.05 298.014 70.5182 -20281.4 3333.87 -16947.6 55206.3 1.03336
229000 0.05 298.849 -69.7987 -20180.2 3343.22 -16837 55700.6 1.02418
230000 0.05 299.119 248.594 -20178.1 3346.23 -16831.9 55784.1 1.02265
231000 0.05 299.876 134.632 -20213.7 3354.71 -16859 55735.7 1.02354
232000 0.05 300.879 -168.968 -20179.6 3365.93 -16813.7 55766.8 1.02297
233000 0.05 301.047 -35.8342 -20190.8 3367.81 -16823 55692.6 1.02433
234000 0.05 301.25 -119.687 -20258.2 3370.08 -16888.1 55232.7 1.03286
235000 0.05 299.526 52.9763 -20236.9 3350.79 -16886.1 55332.1 1.03101
236000 0.05 299.355 -244.007 -20267.1 3348.87 -16918.2 55727.4 1.02369
237000 0.05 299.099 11.4408 -20254.3 3346.01 -16908.3 55643.8 1.02524
238000 0.05 299 321.461 -20351.5 3344.91 -17006.6 55153.9 1.03433
239000 0.05 300.957 -198.785 -20274.9 3366.81 -16908.1 55722.4 1.0238
240000 0.05 300.751 103.384 -20167 3364.5 -16802.5 56012.3 1.01848
241000 0.05 301.637 -21.5897 -20150.7 3374.4 -16776.3 55799.4 1.02237
242000 0.05 301.529 -27.9153 -20271.2 3373.2 -16898 55409.8 1.02957
243000 0.05 300.616 -46.6949 -20344.7 3362.99 -16981.7 55607.5 1.02592
244000 0.05 300.478 -15.9678 -20256.3 3361.44 -16894.9 56098.3 1.01692
245000 0.05 301.848 285.532 -20231.9 3376.76 -16855.1 55585 1.02632
246000 0.05 301.462 145.051 -20261 3372.45 -16888.5 55610.7 1.02586
247000 0.05 299.374 -119.066 -20242.1 3349.09 -16893 56245.7 1.01426
248000 0.05 299.58 163.452 -20294.1 3351.4 -16942.7 55611.4 1.02584
249000 0.05 299.64 79.4837 -20248.9 3352.07 -16896.8 55624.2 1.0256
250000 0.05 300.161 -214.945 -20293.3 3357.89 -16935.4 56154.2 1.01591
251000 0.05 296.481 -88.9352 -20303.6 3316.73 -16986.8 56195.4 1.01516
252000 0.05 299.085 98.6442 -20304.2 3345.86 -16958.4 55897.6 1.02057
253000 0.05 301.037 353.937 -20314.6 3367.69 -16947 55615.5 1.02575
254000 0.05 298.57 57.8958 -20256 3340.1 -16915.9 55755 1.02318
255000 0.05 299.353 -132.986 -20266.5 3348.86 -16917.6 56040 1.01798
256000 0.05 298.606 -191.249 -20217.4 3340.5 -16876.9 55961.8 1.0194
257000 0.05 301.12 81.2766 -20222.5 3368.62 -16853.8 55893 1.02065
258000 0.05 299.181 -60.7701 -20246.8 3346.94 -16899.8 55736 1.02353
259000 0.05 299.668 148.015 -20197.1 3352.37 -16844.8 55586.2 1.02629
260000 0.05 300.227 -194.895 -20254.6 3358.64 -16895.9 55683.5 1.0245
261000 0.05 300.175 335.969 -20189.2 3358.05 -16831.2 55627.1 1.02553
262000 0.05 300.029 56.5613 -20257.6 3356.42 -16901.1 55842.4 1.02158
263000 0.05 300.873 -61.562 -20275 3365.86 -16909.1 55888.5 1.02074
264000 0.05 301.162 314.649 -20313.9 3369.09 -16944.8 55455.8 1.0287
265000 0.05 298.152 -88.1658 -20273.7 3335.42 -16938.2 55881.4 1.02087
266000 0.05 297.563 -7.89858 -20272.4 3328.83 -16943.6 56348.5 1.01241
267000 0.05 299.024 189.214 -20242.5 3345.18 -16897.4 56175.6 1.01553
268000 0.05 298.799 89.4503 -20242.5 3342.66 -16899.8 55741 1.02344
269000 0.05 299.163 182.871 -20269.7 3346.73 -16923 55811.6 1.02214
270000 0.05 298.711 292.852 -20201.5 3341.67 -16859.8 55552.7 1.02691
271000 0.05 300.316 -236.065 -20126.6 3359.63 -16767 55954.6 1.01955
272000 0.05 300.624 -129.365 -20181.3 3363.07 -16818.2 56026.2 1.01825
273000 0.05 301.721 353.28 -20233.7 3375.35 -16858.4 55177.2 1.0339
274000 0.05 300.7 -19.3821 -20231.1 3363.92 -16867.2 55530.4 1.02733
275000 0.05 300.105 82.815 -20203.5 3357.27 -16846.3 55671.6 1.02471
276000 0.05 300.191 17.0542 -20229.8 3358.23 -16871.6 55763.5 1.02303
277000 0.05 298.749 -127.689 -20192.5 3342.1 -16850.4 55877.4 1.02094
278000 0.05 299.398 -2.31013 -20209.6 3349.36 -16860.2 55824.6 1.02191
279000 0.05 299.732 -141.111 -20282.6 3353.1 -16929.5 55837.4 1.02167
280000 0.05 299.812 160.646 -20243.6 3353.99 -16889.6 55842.5 1.02158
281000 0.05 299.835 -33.5395 -20208.4 3354.25 -16854.1 55917.1 1.02022
282000 0.05 300.774 -52.9106 -20198 3364.75 -16833.3 55755.1 1.02318
283000 0.05 301.419 -134.087 -20216 3371.97 -16844 55740.5 1.02346
284000 0.05 301.703 359.6 -20308.7 3375.14 -16933.5 55282.3 1.03193
285000 0.05 299.688 -236.104 -20189.5 3352.61 -16836.9 55924.3 1.02009
286000 0.05 300.886 -32.7577 -20214.4 3366.01 -16848.4 56093.5 1.01701
287000 0.05 301.353 2.14983 -20285.4 3371.23 -16914.1 56043.2 1.01792
288000 0.05 302.204 124.593 -20267.3 3380.74 -16886.6 55767.3 1.02296
289000 0.05 300.765 85.1422 -20205.9 3364.65 -16841.2 55905.3 1.02043
290000 0.05 300.171 -2.88925 -20178.3 3358.01 -16820.3 55553 1.02692
291000 0.05 299.963 307.916 -20222.5 3355.68 -16866.8 55255.8 1.03243
292000 0.05 300.219 -112.316 -20204.9 3358.55 -16846.4 55893.9 1.02065
293000 0.05 299.828 1.52739 -20196.8 3354.17 -16842.7 55964.1 1.01936
294000 0.05 300.25 116.796 -20295.1 3358.89 -16936.2 55751.1 1.02325
295000 0.05 300.251 -52.4253 -20287.4 3358.9 -16928.5 55575.9 1.02648
296000 0.05 299.943 -178.914 -20216.8 3355.46 -16861.3 55635 1.02539
297000 0.05 299.205 343.006 -20245.2 3347.2 -16898 55441.9 1.02896
298000 0.05 300.334 296.697 -20213.2 3359.83 -16853.4 55720.9 1.02382
299000 0.05 300.387 -468.095 -20146.2 3360.42 -16785.8 56441.4 1.01074
300000 0.05 299.125 114.499 -20193.4 3346.31 -16847.1 55946.5 1.01969
301000 0.05 300.577 167.089 -20282.1 3362.55 -16919.5 55623.7 1.0256
302000 0.05 300.196 139.972 -20259 3358.29 -16900.7 55839.1 1.02167
303000 0.05 300.713 -130.657 -20229.9 3364.07 -16865.8 55771.1 1.02292
304000 0.05 299.857 -89.0836 -20223.5 3354.49 -16869 55621.5 1.02565
305000 0.05 299.385 85.7345 -20209.7 3349.21 -16860.5 55306.7 1.0315
306000 0.05 301.68 -8.04324 -20167.7 3374.88 -16792.8 55654.1 1.02504
307000 0.05 297.68 16.0084 -20201.1 3330.13 -16871 55891.1 1.02069
308000 0.05 301.051 82.8629 -20214.5 3367.85 -16846.6 55590.9 1.02621
309000 0.05 300.107 -21.8677 -20206.5 3357.29 -16849.2 55730.4 1.02365
310000 0.05 301.603 -163.449 -20209.1 3374.03 -16835.1 55617.9 1.02571
311000 0.05 300.462 -191.46 -20224.8 3361.26 -16863.5 55752.8 1.02323
312000 0.05 300.66 48.0902 -20234.4 3363.47 -16870.9 55824.9 1.02191
313000 0.05 300.552 -107.813 -20250.1 3362.27 -16887.9 55480.8 1.02826
314000 0.05 300.898 183.032 -20224.3 3366.14 -16858.1 55540.8 1.02716
315000 0.05 300.067 39.7357 -20208.9 3356.85 -16852.1 55772.1 1.02297
316000 0.05 301.265 -166.384 -20193.5 3370.25 -16823.2 55896.2 1.0206
317000 0.05 300.857 -18.3164 -20243 3365.68 -16877.3 55771.2 1.02288
318000 0.05 299.968 442.909 -20210.6 3355.73 -16854.9 55782.7 1.02267
319000 0.05 298.994 -2.06407 -20262.1 3344.84 -16917.3 55928.1 1.02002
320000 0.05 299.626 -17.8611 -20265 3351.91 -16913.1 56133 1.0163
321000 0.05 300.325 23.7397 -20290.1 3359.72 -16930.4 55799.2 1.02237
322000 0.05 298.327 116.687 -20252.1 3337.38 -16914.7 55743.9 1.02339
323000 0.05 299.554 -3.36233 -20262.8 3351.1 -16911.7 55557.7 1.02682
324000 0.05 299.109 122.1 -20287.1 3346.13 -16941 55369.2 1.03032
325000 0.05 298.356 142.392 -20219.8 3337.7 -16882.1 55643 1.02529
326000 0.05 299.293 66.8075 -20252.3 3348.19 -16904.1 55922.4 1.02014
327000 0.05 299.51 -11.2631 -20280 3350.61 -16929.4 56162.4 1.01577
328000 0.05 299.488 -161.918 -20252.5 3350.37 -16902.1 55833.4 1.02175
329000 0.05 299.22 -94.0573 -20253.9 3347.37 -16906.5 55667 1.02482
330000 0.05 300.613 -176.265 -20218.2 3362.95 -16855.2 55881.4 1.02087
331000 0.05 299.035 -104.488 -20224.1 3345.3 -16878.8 55727.8 1.02369
332000 0.05 301.039 23.3927 -20256.5 3367.72 -16888.8 55393.7 1.0299
333000 0.05 300.128 -175.338 -20260.8 3357.53 -16903.2 55810.4 1.02217
334000 0.05 302.077 101.783 -20311.2 3379.33 -16931.9 55534.2 1.02727
335000 0.05 300.17 -31.1173 -20278.5 3357.99 -16920.5 55566.6 1.02665
336000 0.05 300.308 121.08 -20250.1 3359.54 -16890.5 55913.6 1.0203
337000 0.05 300.82 85.7936 -20213.1 3365.27 -16847.8 55952.6 1.01958
338000 0.05 301.342 -188.17 -20212.6 3371.11 -16841.5 56117.7 1.01659
339000 0.05 299.983 -156.364 -20198.6 3355.91 -16842.7 55803.1 1.02234
340000 0.05 300.602 36.2732 -20242.1 3362.83 -16879.3 55678.5 1.02459
341000 0.05 300.439 -126.456 -20235.2 3361.01 -16874.2 55879 1.02091
342000 0.05 300.077 -179.71 -20274.9 3356.96 -16918 55689.5 1.02441
343000 0.05 298.695 140.5 -20176.5 3341.49 -16835 55579.3 1.02643
344000 0.05 300.116 -34.4223 -20211.6 3357.4 -16854.2 55594.4 1.02615
345000 0.05 301.19 -86.3563 -20205.3 3369.4 -16835.9 55813.6 1.02213
346000 0.05 301.205 160.361 -20253.9 3369.57 -16884.3 55736 1.02354
347000 0.05 300.535 -172.409 -20250.9 3362.08 -16888.8 56090.8 1.01708
348000 0.05 300.772 -178.777 -20187.6 3364.74 -16822.8 56037.6 1.01804
349000 0.05 301.364 -8.92003 -20228.4 3371.35 -16857 55741.8 1.02344
350000 0.05 301.784 -0.496628 -20238.2 3376.05 -16862.1 55821.8 1.02197
351000 0.05 299.114 -161.931 -20173.3 3346.18 -16827.1 56004 1.01865
352000 0.05 300.144 -65.4903 -20274.3 3357.7 -16916.6 55958.4 1.01947
353000 0.05 298.603 -12.5183 -20266.5 3340.46 -16926.1 55982.9 1.01902
354000 0.05 301.311 105.888 -20313.2 3370.76 -16942.4 55844 1.02156
355000 0.05 300.117 25.6019 -20249.3 3357.4 -16891.9 55691.3 1.02436
356000 0.05 298.554 -63.1427 -20221.9 3339.91 -16882 56026.8 1.01823
357000 0.05 300.094 -116.392 -20197.9 3357.14 -16840.8 55899.6 1.02059
358000 0.05 299.568 22.1345 -20299.6 3351.26 -16948.3 55844.2 1.02159
359000 0.05 298.674 33.5854 -20237.4 3341.26 -16896.1 56017.9 1.01838
360000 0.05 297.226 -250.273 -20273 3325.07 -16948 56135.8 1.01624
361000 0.05 300.896 79.8123 -20243.3 3366.12 -16877.2 55798.5 1.02239
362000 0.05 300.806 -66.9893 -20220.6 3365.11 -16855.5 56212.1 1.01487
363000 0.05 300.034 78.8385 -20172.7 3356.48 -16816.2 56012.6 1.01849
364000 0.05 300.746 -70.4116 -20205.3 3364.44 -16840.9 55863.1 1.02122
365000 0.05 301.264 144.835 -20238.6 3370.23 -16868.4 55483.1 1.02821
366000 0.05 299.953 -68.625 -20180.9 3355.57 -16825.3 55789.2 1.02257
367000 0.05 298.989 35.8952 -20258.6 3344.78 -16913.8 55625.7 1.02557
368000 0.05 300.27 51.9263 -20200.4 3359.12 -16841.3 55832.3 1.02177
369000 0.05 301.333 39.0285 -20199.4 3371.01 -16828.4 55686.5 1.02448
370000 0.05 301.829 -215.964 -20204.1 3376.56 -16827.6 56238.5 1.01441
371000 0.05 300.467 -36.8633 -20336.3 3361.32 -16975 55687.9 1.02444
372000 0.05 301.356 -258.442 -20279.5 3371.27 -16908.3 55853.8 1.02138
373000 0.05 299.267 -66.9136 -20203.8 3347.89 -16855.9 55753.6 1.02322
374000 0.05 302.438 52.6131 -20224.7 3383.37 -16841.3 55631.3 1.02548
375000 0.05 299.258 34.5274 -20223.8 3347.8 -16876 55792.1 1.02254
376000 0.05 300.029 128.822 -20195.8 3356.42 -16839.4 55894.8 1.02065
377000 0.05 298.358 67.1988 -20191.9 3337.73 -16854.2 55796.8 1.02242
378000 0.05 299.507 97.7652 -20183.6 3350.58 -16833 55875.6 1.02097
379000 0.05 301.023 -88.315 -20190.2 3367.54 -16822.7 55892.9 1.02066
380000 0.05 298.631 47.0956 -20118.4 3340.78 -16777.6 55965.8 1.01936
381000 0.05 299.561 65.2502 -20215.6 3351.18 -16864.4 55643.1 1.02525
382000 0.05 299.978 -96.917 -20208.1 3355.84 -16852.2 55651.5 1.02509
383000 0.05 299.551 4.70367 -20223.3 3351.07 -16872.3 55599 1.0261
384000 0.05 299.343 -83.9283 -20210.9 3348.75 -16862.2 55872.6 1.02104
385000 0.05 299.409 43.6359 -20214 3349.49 -16864.5 55773.2 1.02286
386000 0.05 301.06 -58.2471 -20271.7 3367.95 -16903.8 55579 1.02643
387000 0.05 299.363 -95.9639 -20268.5 3348.97 -16919.5 55815 1.02208
388000 0.05 298.739 41.1328 -20322.4 3341.99 -16980.4 55984.3 1.01902
389000 0.05 298.744 233.567 -20290.4 3342.04 -16948.4 56141.9 1.01613
390000 0.05 297.41 21.0338 -20293 3327.12 -16965.8 56222.1 1.01469
391000 0.05 299.016 -211.041 -20230.3 3345.08 -16885.3 55674 1.02468
392000 0.05 299.05 38.5532 -20251.8 3345.47 -16906.4 55487.6 1.02812
393000 0.05 300.006 -131.932 -20269.5 3356.17 -16913.4 55890.7 1.02071
394000 0.05 299.802 245.876 -20211.4 3353.88 -16857.6 55793.1 1.02258
395000 0.05 302.928 11.4037 -20256.3 3388.85 -16867.4 55756.4 1.02324
396000 0.05 299.774 -59.1153 -20206.6 3353.57 -16853 55662.9 1.02492
397000 0.05 300.17 27.1401 -20176.9 3357.99 -16819 55777.3 1.02278
398000 0.05 301.781 17.811 -20220 3376.02 -16844 55674.6 1.02466
399000 0.05 301.293 -68.4313 -20204.2 3370.56 -16833.7 55816 1.02207
400000 0.05 302.046 10.2365 -20185.3 3378.98 -16806.4 55659.2 1.02497
401000 0.05 299.83 -118.592 -20137.6 3354.2 -16783.4 55941.2 1.01978
402000 0.05 298.953 252.342 -20175.8 3344.39 -16831.4 55257.1 1.03243
403000 0.05 299.457 -38.0606 -20275.7 3350.02 -16925.6 55629.8 1.02549
404000 0.05 297.504 242.262 -20240.5 3328.17 -16912.3 55800.5 1.02236
405000 0.05 298.348 223.808 -20275.5 3337.61 -16937.9 55889.7 1.02072
406000 0.05 301.666 109.886 -20211 3374.73 -16836.3 56313.9 1.01306
407000 0.05 300.102 21.4472 -20181 3357.24 -16823.8 56246 1.01432
408000 0.05 298.614 157.128 -20211.8 3340.58 -16871.3 55770.8 1.02291
409000 0.05 300.172 96.9299 -20246.3 3358.01 -16888.3 55322.8 1.0312
410000 0.05 302.082 -7.44602 -20173 3379.38 -16793.6 55630.7 1.0255
411000 0.05 301.757 -21.9828 -20156.9 3375.75 -16781.1 55891.5 1.02069
412000 0.05 299.418 -199.235 -20255.4 3349.59 -16905.8 55889.6 1.02073
413000 0.05 298.613 111.038 -20291.1 3340.57 -16950.5 55265 1.03227
414000 0.05 300.137 41.6416 -20272 3357.63 -16914.4 55642.7 1.02528
415000 0.05 300.477 -157.606 -20263.5 3361.43 -16902.1 56065.3 1.01753
416000 0.05 301.409 72.9078 -20244.5 3371.85 -16872.7 55987.6 1.01894
417000 0.05 300.53 -48.7097 -20314.6 3362.02 -16952.6 55949.2 1.01966
418000 0.05 299.409 -90.9716 -20257.8 3349.48 -16908.3 56122.5 1.0165
419000 0.05 297.126 143.379 -20318.8 3323.95 -16994.8 55570.4 1.02658
420000 0.05 301.11 -217.617 -20269.5 3368.51 -16901 56142.4 1.01615
421000 0.05 298.046 226.734 -20226.1 3334.24 -16891.9 55473.2 1.02839
422000 0.05 301.955 -143.254 -20256.4 3377.96 -16878.4 55858.3 1.02131
423000 0.05 300.596 -22.583 -20219.8 3362.76 -16857 55859.8 1.02127
424000 0.05 301.271 -186.454 -20247.8 3370.31 -16877.5 55612.2 1.02581
425000 0.05 300.858 45.3314 -20280.5 3365.7 -16914.8 55915.8 1.02027
426000 0.05 298.619 -74.8645 -20274 3340.64 -16933.4 55879.8 1.0209
427000 0.05 298.549 60.7363 -20234.5 3339.86 -16894.7 55896.8 1.0206
428000 0.05 299.44 -54.5237 -20187.4 3349.83 -16837.5 55681.9 1.02453
429000 0.05 299.738 115.822 -20295.5 3353.16 -16942.4 55650.9 1.0251
430000 0.05 299.427 -194.666 -20216.3 3349.68 -16866.6 55738.6 1.02351
431000 0.05 300.203 -23.7771 -20236.1 3358.37 -16877.7 55259.8 1.03238
432000 0.05 299.18 138.359 -20166.3 3346.93 -16819.4 55432.1 1.02917
433000 0.05 300.233 4.56518 -20242.1 3358.7 -16883.4 55760.4 1.02309
434000 0.05 299.169 59.8696 -20252.8 3346.8 -16906 55664.1 1.02487
435000 0.05 302.329 -118.511 -20198.9 3382.14 -16816.8 55892.3 1.02071
436000 0.05 299.632 146.876 -20244.9 3351.98 -16892.9 56068.2 1.01748
437000 0.05 300.596 -15.6345 -20259.7 3362.76 -16896.9 56116.5 1.01659
438000 0.05 299.371 20.6811 -20210.9 3349.06 -16861.9 56064 1.01755
439000 0.05 300.213 -73.7763 -20256.4 3358.48 -16897.9 55777.4 1.02277
440000 0.05 302.14 164.053 -20251.3 3380.03 -16871.3 55633.6 1.02542
441000 0.05 300.518 125.711 -20285.5 3361.89 -16923.7 55726.5 1.02378
442000 0.05 297.37 -123.086 -20281.8 3326.68 -16955.1 55691.6 1.02436
443000 0.05 299.26 -282.897 -20284.1 3347.81 -16936.3 55618.1 1.0257
444000 0.05 301.794 85.6681 -20279.7 3376.16 -16903.6 55495.7 1.028
445000 0.05 299.558 66.1708 -20194 3351.15 -16842.9 55816.5 1.02206
446000 0.05 300.257 -206.361 -20218.7 3358.97 -16859.7 55847.3 1.0215
447000 0.05 302.549 64.4453 -20263 3384.61 -16878.3 55541.3 1.02713
448000 0.05 299.927 2.42379 -20240.5 3355.28 -16885.2 55713.2 1.02397
449000 0.05 298.766 124.437 -20245 3342.29 -16902.7 55300.3 1.03163
450000 0.05 299.742 -110.349 -20271.6 3353.2 -16918.4 55804.7 1.02231
451000 0.05 299.598 -111.983 -20259.1 3351.59 -16907.5 56116.9 1.01659
452000 0.05 300.559 87.569 -20190.1 3362.35 -16827.8 56172.3 1.01559
453000 0.05 301.395 95.8852 -20235.9 3371.7 -16864.2 55690.9 1.02439
454000 0.05 300.836 -77.4904 -20201.1 3365.45 -16835.7 56153.5 1.01599
455000 0.05 300.238 141.568 -20240.5 3358.76 -16881.7 55535.6 1.02723
456000 0.05 299.926 -322.792 -20171.6 3355.27 -16816.3 55791.4 1.02253
457000 0.05 298.373 -55.7397 -20234.7 3337.89 -16896.8 55381.2 1.0301
458000 0.05 298.869 -78.0493 -20238.6 3343.44 -16895.1 55924.1 1.02009
459000 0.05 300.518 167.198 -20280.8 3361.89 -16918.9 55738.4 1.02351
460000 0.05 301.429 -59.3229 -20218.4 3372.08 -16846.3 55934.6 1.0199
461000 0.05 299.462 22.6546 -20191.2 3350.07 -16841.2 55372.4 1.03027
462000 0.05 299.552 -133.674 -20148.5 3351.08 -16797.5 55743.9 1.02339
463000 0.05 300.054 -10.9678 -20218.8 3356.7 -16862.1 55829.1 1.02183
464000 0.05 303.033 -72.569 -20252.9 3390.02 -16862.9 55727.7 1.02369
465000 0.05 300.072 102.647 -20240.5 3356.9 -16883.6 55516.4 1.02761
466000 0.05 300.226 -11.4385 -20267.4 3358.62 -16908.8 55932.3 1.01996
467000 0.05 298.902 38.7721 -20311.1 3343.81 -16967.3 55804.7 1.02228
468000 0.05 298.748 -7.62217 -20352.4 3342.09 -17010.3 55717 1.02392
469000 0.05 298.638 -42.028 -20239.2 3340.86 -16898.3 55752.2 1.02328
470000 0.05 301.956 143.537 -20246 3377.97 -16868.1 55425.1 1.02929
471000 0.05 299.489 93.6082 -20222.5 3350.38 -16872.1 55851.2 1.02144
472000 0.05 300.97 220.75 -20341.7 3366.95 -16974.7 55802.8 1.02231
473000 0.05 300.273 -35.5329 -20297.6 3359.15 -16938.4 55777.3 1.02279
474000 0.05 300.25 2.0677 -20199 3358.9 -16840.1 55707.5 1.0241
475000 0.05 300.543 -13.123 -20197.3 3362.17 -16835.1 55533.1 1.02727
476000 0.05 300.817 134.775 -20229.4 3365.23 -16864.2 55773.9 1.02285
477000 0.05 299.242 -50.5469 -20258.5 3347.61 -16910.9 55755.6 1.02317
478000 0.05 300.456 63.9534 -20183.6 3361.19 -16822.4 55770.6 1.0229
479000 0.05 300.075 -73.457 -20201.6 3356.93 -16844.7 56113.4 1.01668
480000 0.05 300.481 -99.6013 -20241.7 3361.48 -16880.2 55827.3 1.02186
481000 0.05 298.631 71.8754 -20255.8 3340.78 -16915 55668 1.02479
482000 0.05 302.121 -218.272 -20248.9 3379.82 -16869.1 56005.4 1.01861
483000 0.05 298.345 -186.623 -20271.3 3337.58 -16933.7 55200.3 1.03349
484000 0.05 300.161 105.448 -20187.4 3357.89 -16829.6 55772.7 1.02288
485000 0.05 300.672 -38.8886 -20211.4 3363.62 -16847.8 55851.5 1.02142
486000 0.05 299.654 151.973 -20248.1 3352.23 -16895.9 56346.2 1.01247
487000 0.05 300.093 -0.360382 -20295.7 3357.13 -16938.5 56106.7 1.0168
488000 0.05 300.079 -191.047 -20330.8 3356.97 -16973.9 55770 1.02292
489000 0.05 300.082 38.3405 -20291.3 3357.01 -16934.3 55812.8 1.02213
490000 0.05 299.535 39.6704 -20264.2 3350.89 -16913.3 55666.9 1.02481
491000 0.05 300.574 -191.716 -20208.5 3362.52 -16846 55921 1.02019
492000 0.05 301.631 160.775 -20218.6 3374.34 -16844.2 55613.4 1.02582
493000 0.05 298.49 -37.2845 -20260.1 3339.2 -16920.9 55678.6 1.02459
494000 0.05 299.754 -255.752 -20273.2 3353.34 -16919.9 55889.2 1.02073
495000 0.05 298.438 215.582 -20283.3 3338.62 -16944.6 55638.1 1.02535
496000 0.05 299.816 -49.0675 -20200.9 3354.04 -16846.8 55700.9 1.02418
497000 0.05 299.929 -109.923 -20248.3 3355.3 -16893 55617.7 1.02573
498000 0.05 300.65 -120.679 -20228 3363.36 -16864.6 56103.7 1.01682
499000 0.05 298.874 -138.597 -20240.7 3343.5 -16897.2 56071.8 1.01741
500000 0.05 300.144 173.253 -20205.8 3357.7 -16848.1 55517.6 1.02758
501000 0.05 300.254 -86.1683 -20217.3 3358.94 -16858.3 55912.9 1.02031
502000 0.05 299.989 237.009 -20241.4 3355.97 -16885.4 55763.2 1.02304
503000 0.05 300.17 -161.893 -20314.4 3357.99 -16956.4 55968.1 1.01929
504000 0.05 300.459 43.651 -20260.8 3361.23 -16899.6 55629 1.02553
505000 0.05 300.493 145.184 -20341.1 3361.61 -16979.5 55680.5 1.02455
506000 0.05 302.595 -74.6562 -20302.3 3385.12 -16917.2 55702.3 1.02416
507000 0.05 302.394 -121.764 -20270.8 3382.87 -16887.9 55999.6 1.01874
508000 0.05 300.97 -74.4392 -20174 3366.95 -16807.1 56131.5 1.01633
509000 0.05 298.946 -56.7763 -20275.8 3344.31 -16931.5 55788.3 1.02259
510000 0.05 300.314 -178.084 -20262.9 3359.61 -16903.3 56173.3 1.0156
511000 0.05 299.176 1.33586 -20261.7 3346.88 -16914.8 55829.8 1.02182
512000 0.05 301.393 114.494 -20272.4 3371.68 -16900.7 55649.5 1.02514
513000 0.05 299.192 -45.7778 -20183.2 3347.06 -16836.2 56055 1.01771
514000 0.05 300.132 78.5773 -20199.7 3357.58 -16842.1 55734.6 1.02356
515000 0.05 301.972 110.614 -20207.3 3378.15 -16829.1 55524.2 1.02747
516000 0.05 301.624 285.572 -20154.1 3374.26 -16779.9 55742.7 1.02341
517000 0.05 299.992 -41.1368 -20274.6 3356 -16918.6 55843.1 1.02157
518000 0.05 298.743 100.046 -20263.1 3342.03 -16921 55716.1 1.0239
519000 0.05 300.23 -113.867 -20207.9 3358.67 -16849.2 55864.1 1.0212
520000 0.05 301.605 123.945 -20240.4 3374.05 -16866.4 55586.8 1.02628
521000 0.05 298.344 -117.582 -20247.3 3337.57 -16909.7 55680.7 1.02455
522000 0.05 298.631 -97.5548 -20297 3340.78 -16956.2 55853.2 1.0214
523000 0.05 300.627 -37.7717 -20320.4 3363.11 -16957.3 55954.1 1.01958
524000 0.05 300.025 -28.2998 -20242 3356.37 -16885.6 55421.1 1.02936
525000 0.05 300.531 54.2093 -20182.3 3362.03 -16820.3 55715.8 1.02391
526000 0.05 299.875 48.5048 -20209.5 3354.7 -16854.8 55760.1 1.0231
527000 0.05 301.388 -221.35 -20312.5 3371.63 -16940.9 55700.2 1.02424
528000 0.05 299.915 -54.73 -20282.3 3355.14 -16927.2 56135.4 1.01627
529000 0.05 298.638 150.67 -20249.9 3340.86 -16909 55577.9 1.02646
530000 0.05 301.423 68.9663 -20274.2 3372.01 -16902.2 55396.7 1.02985
531000 0.05 299.527 76.5581 -20237.2 3350.8 -16886.4 55620.7 1.02568
532000 0.05 299.421 -3.31947 -20283.5 3349.61 -16933.9 55554.7 1.02689
533000 0.05 299.172 13.4029 -20224.6 3346.83 -16877.8 55623.5 1.02561
534000 0.05 299.079 17.8187 -20241.8 3345.79 -16896 55391 1.02994
535000 0.05 299.012 117.584 -20273.5 3345.04 -16928.4 55690.7 1.02438
536000 0.05 300.064 14.2305 -20182.2 3356.81 -16825.3 55615.9 1.02575
537000 0.05 301.754 8.70959 -20188.7 3375.72 -16813 55768.9 1.02293
538000 0.05 299.054 98.8992 -20214.5 3345.51 -16868.9 55727.6 1.02369
539000 0.05 300.554 -202.771 -20207.8 3362.29 -16845.5 55848.5 1.02147
540000 0.05 298.407 147.044 -20228.4 3338.27 -16890.1 55449.9 1.02885
541000 0.05 299.749 56.1806 -20236.6 3353.28 -16883.3 55392.2 1.02993
542000 0.05 297.532 1.39617 -20268.1 3328.48 -16939.6 55675.6 1.02468
543000 0.05 300.166 60.1701 -20215.2 3357.96 -16857.2 55751 1.02326
544000 0.05 299.975 62.4219 -20243.9 3355.81 -16888.1 56002.5 1.01866
545000 0.05 301.325 -76.48 -20217.6 3370.92 -16846.6 55790.3 1.02254
546000 0.05 300.381 -281.048 -20316 3360.36 -16955.6 55831.3 1.02179
547000 0.05 298.75 61.7381 -20305.9 3342.11 -16963.8 55725.6 1.02373
548000 0.05 298.752 77.0053 -20299.7 3342.13 -16957.6 55623.3 1.02562
549000 0.05 300.761 -32.8945 -20208.9 3364.61 -16844.3 55693.9 1.02431
550000 0.05 300.339 -130.785 -20243.9 3359.89 -16884 55607.8 1.02591
551000 0.05 299.578 -160.943 -20245.6 3351.38 -16894.2 55936.9 1.01989
552000 0.05 302.702 132.398 -20298.5 3386.32 -16912.2 55802.8 1.02231
553000 0.05 300.574 -97.3619 -20218.6 3362.51 -16856.1 55929.6 1.02
554000 0.05 299.09 191.961 -20250.3 3345.92 -16904.4 55533.9 1.02726
555000 0.05 298.815 65.6515 -20278.8 3342.84 -16936 55967.6 1.0193
556000 0.05 299.685 -11.4599 -20278 3352.57 -16925.5 56002.9 1.01866
557000 0.05 298.196 -106.163 -20271.5 3335.91 -16935.6 56164.5 1.01572
558000 0.05 299.805 188.338 -20270.2 3353.92 -16916.3 55949.7 1.01964
559000 0.05 299.333 45.596 -20270.5 3348.63 -16921.9 55799.8 1.02238
560000 0.05 300.885 23.4261 -20270.4 3365.99 -16904.4 55935.2 1.0199
561000 0.05 300.603 98.9198 -20259.2 3362.84 -16896.4 55647.5 1.02518
562000 0.05 299.981 -96.1816 -20245.9 3355.88 -16890.1 55717.4 1.02388
563000 0.05 301.215 -48.4508 -20208.9 3369.68 -16839.3 55605.3 1.02594
564000 0.05 299.987 -113.873 -20200.3 3355.95 -16844.4 55930.9 1.01997
565000 0.05 300.952 14.1331 -20179.3 3366.74 -16812.6 56178.1 1.01549
566000 0.05 302.025 75.4064 -20285 3378.75 -16906.3 55582.1 1.02637
567000 0.05 302.34 49.8889 -20197.2 3382.27 -16814.9 55606.1 1.02593
568000 0.05 299.788 -78.9042 -20297.4 3353.72 -16943.7 55628.5 1.02552
569000 0.05 299.169 -43.5548 -20249.6 3346.8 -16902.8 56072.9 1.01739
570000 0.05 301.335 196.168 -20268.2 3371.03 -16897.2 55771 1.0229
571000 0.05 299.856 56.5412 -20234.4 3354.49 -16879.9 55463.9 1.02857
572000 0.05 299.602 -55.3299 -20270.7 3351.65 -16919.1 55954.2 1.01955
573000 0.05 300.007 152.96 -20229.5 3356.18 -16873.3 55652.5 1.02509
574000 0.05 299.96 21.1551 -20239.8 3355.64 -16884.2 56052.9 1.01775
575000 0.05 299.177 220.115 -20240.6 3346.89 -16893.7 55815.5 1.0221
576000 0.05 298.099 -46.2717 -20184.6 3334.83 -16849.8 55563.1 1.02672
577000 0.05 297.309 36.6186 -20185.7 3325.99 -16859.7 55747.4 1.02332
578000 0.05 300.445 106.038 -20206.1 3361.08 -16845.1 55809.8 1.02218
579000 0.05 299.248 -102.344 -20262.3 3347.68 -16914.7 55761.7 1.02307
580000 0.05 300.804 -44.1243 -20227.8 3365.09 -16862.7 55906.6 1.02041
581000 0.05 298.608 -175.925 -20207.5 3340.52 -16867 55827.4 1.02186
582000 0.05 300.111 167.006 -20333.7 3357.33 -16976.4 55687.6 1.02444
583000 0.05 298.884 27.3783 -20326.8 3343.6 -16983.2 55799.2 1.0224
584000 0.05 297.625 198.898 -20245 3329.53 -16915.4 55781.5 1.02271
585000 0.05 300.338 -226.537 -20235.5 3359.88 -16875.6 55817.9 1.02204
586000 0.05 302.989 -89.8578 -20241.9 3389.53 -16852.4 56013.8 1.01846
587000 0.05 298 -43.8733 -20220.2 3333.72 -16886.5 55934.6 1.01991
588000 0.05 299.494 -30.8769 -20249.6 3350.44 -16899.2 55753.8 1.02325
589000 0.05 300.47 -114.582 -20201.5 3361.35 -16840.2 56073.9 1.01737
590000 0.05 299.477 81.4801 -20218.2 3350.24 -16868 56020.7 1.01833
591000 0.05 297.084 30.5246 -20274.1 3323.47 -16950.7 55653.9 1.02505
592000 0.05 299.059 40.7226 -20287.2 3345.57 -16941.6 55305.4 1.03155
593000 0.05 300.626 -12.1722 -20196.2 3363.1 -16833.1 55846.9 1.02153
594000 0.05 299.297 -136.912 -20216.7 3348.23 -16868.4 55598.3 1.02608
595000 0.05 299.877 6.96395 -20273.4 3354.72 -16918.7 55570.7 1.02658
596000 0.05 300.77 45.8993 -20250.6 3364.7 -16885.9 55519.5 1.02753
597000 0.05 300.138 -117.98 -20196 3357.64 -16838.3 55881.8 1.02086
598000 0.05 301.782 -89.4798 -20265.2 3376.03 -16889.2 55543.7 1.02708
599000 0.05 299.037 -241.838 -20222.1 3345.32 -16876.8 55868.3 1.02111
600000 0.05 299.148 75.228 -20226.1 3346.57 -16879.6 56148.4 1.01603
