# Time-averaged data for fix msd_avg
# TimeStep c_msd_water[1] c_msd_water[2] c_msd_water[3] c_msd_water[4]
601000 0.611318 0.658733 0.653599 1.92365
602000 1.40811 1.42475 1.55992 4.39278
603000 2.32693 2.09577 2.19461 6.61732
604000 3.03404 2.86943 3.04998 8.95345
605000 3.91459 3.55191 3.9724 11.4389
606000 4.94561 4.46393 5.01879 14.4283
607000 6.06466 5.48911 6.22506 17.7788
608000 6.66926 6.05395 6.95586 19.6791
609000 6.96236 6.53588 7.64917 21.1474
610000 7.61556 7.21292 8.40984 23.2383
611000 8.53301 8.01527 9.17895 25.7272
612000 9.56609 8.60782 9.82209 27.996
613000 10.2461 9.07763 10.4984 29.8221
614000 11.7269 10.2995 11.3719 33.3983
615000 12.8861 11.2286 12.2361 36.3508
616000 13.7024 12.1956 13.1231 39.0211
617000 14.5509 12.5334 14.1562 41.2405
618000 15.3479 13.1719 15.4675 43.9873
619000 15.9125 14.0981 16.4377 46.4484
620000 16.7855 14.7968 17.338 48.9203
621000 17.2521 15.1548 18.4846 50.8915
622000 18.3096 15.8945 20.2403 54.4443
623000 19.2331 16.6847 21.3316 57.2494
624000 19.9496 17.5337 21.8615 59.3448
625000 20.4177 17.9415 22.8093 61.1685
626000 20.6028 18.8047 23.6315 63.039
627000 21.7982 19.3645 24.5099 65.6726
628000 22.7661 19.9928 25.3934 68.1524
629000 23.0858 20.8527 26.2847 70.2231
630000 24.0296 21.7723 26.9773 72.7793
631000 24.7217 22.8816 27.5493 75.1527
632000 25.5955 23.7864 28.0231 77.405
633000 26.3349 25.2082 29.196 80.739
634000 26.9216 26.0413 30.1263 83.0891
635000 27.8409 26.448 31.0982 85.3871
636000 28.9144 27.3192 31.8164 88.05
637000 29.7764 27.7974 32.9413 90.5151
638000 30.6291 28.7853 33.8299 93.2443
639000 31.2271 29.737 34.4285 95.3926
640000 31.9508 30.303 34.4121 96.666
641000 32.8121 31.3652 35.5508 99.7282
642000 33.9127 32.2896 36.4621 102.664
643000 35.0717 33.0745 36.6415 104.788
644000 35.9153 33.9649 37.3002 107.18
645000 36.8753 34.7039 38.7284 110.308
646000 37.5372 35.2849 39.3374 112.16
647000 37.6922 36.2457 39.968 113.906
648000 38.7385 37.2359 40.4742 116.449
649000 39.0566 37.9804 41.5185 118.555
650000 39.5566 39.0476 42.2987 120.903
651000 39.6775 39.8949 43.5214 123.094
652000 39.9304 40.9177 43.6489 124.497
653000 40.2563 41.8075 43.4427 125.506
654000 41.3757 43.49 44.1418 129.007
655000 42.1483 44.6977 44.5345 131.38
656000 42.8986 46.2429 45.0028 134.144
657000 43.8436 47.445 45.7806 137.069
658000 44.777 48.2541 47.3182 140.349
659000 45.7109 49.097 48.3226 143.13
660000 46.6917 49.7305 49.8055 146.228
661000 47.3703 50.1004 50.8125 148.283
662000 48.2439 51.2927 51.5249 151.061
663000 48.8109 51.8358 52.3276 152.974
664000 49.1235 52.0408 53.3253 154.49
665000 50.1191 53.0216 54.6467 157.787
666000 50.4839 53.9071 55.7219 160.113
667000 50.7989 54.5532 55.4795 160.832
668000 50.9153 54.9935 56.333 162.242
669000 51.6275 55.7964 56.8785 164.302
670000 53.0431 57.2159 57.241 167.5
671000 54.0858 58.5372 58.044 170.667
672000 55.1097 59.2211 58.2108 172.542
673000 55.2149 59.9383 58.9392 174.092
674000 55.5982 60.7365 58.9915 175.326
675000 56.6311 62.07 60.0238 178.725
676000 57.3771 62.9191 60.449 180.745
677000 58.1264 63.8177 60.9701 182.914
678000 59.1217 64.2371 62.6812 186.04
679000 60.1533 65.3157 64.2347 189.704
680000 61.211 66.3404 65.6641 193.215
681000 62.1223 67.4268 67.4988 197.048
682000 62.7369 68.5243 68.2785 199.54
683000 63.1941 69.408 69.4656 202.068
684000 63.8948 70.3178 70.2487 204.461
685000 64.4789 71.4931 71.1582 207.13
686000 65.1021 71.6557 71.134 207.892
687000 66.6872 72.6135 71.8003 211.101
688000 68.1575 73.0193 72.26 213.437
689000 69.1488 73.6496 72.9858 215.784
690000 69.8224 74.4876 72.3931 216.703
691000 70.8841 76.1343 72.6474 219.666
692000 72.4 77.2737 73.9037 223.577
693000 73.5178 78.8283 75.5141 227.86
694000 74.3311 80.0853 76.5211 230.937
695000 74.8938 80.6263 77.3158 232.836
696000 75.8581 82.5393 78.2173 236.615
697000 75.9286 83.4616 78.7072 238.097
698000 75.7437 83.1534 79.4807 238.378
699000 76.5733 83.9553 80.2796 240.808
700000 77.2896 84.8751 81.1883 243.353
701000 77.9508 86.1573 82.0405 246.149
702000 76.9175 86.9077 82.5628 246.388
703000 78.443 87.7556 83.6509 249.849
704000 78.968 89.1959 84.3335 252.497
705000 80.2431 90.7171 85.3834 256.344
706000 81.4843 90.9662 86.4651 258.916
707000 83.0752 92.1064 86.6529 261.835
708000 84.6062 93.621 87.7719 265.999
709000 85.0037 94.7647 87.7591 267.527
710000 85.4654 95.9502 88.9885 270.404
711000 86.8264 96.2114 90.3573 273.395
712000 87.2205 97.4015 91.7932 276.415
713000 88.3546 98.1088 92.3735 278.837
714000 88.7704 98.2368 93.1303 280.137
715000 90.4032 98.8555 94.044 283.303
716000 91.7898 99.9825 95.3285 287.101
717000 92.8383 100.453 96.3799 289.671
718000 93.5783 101.03 97.2833 291.892
719000 94.6693 103.096 98.8164 296.582
720000 95.4354 103.756 99.7233 298.915
721000 96.6748 105.156 100.415 302.246
722000 96.565 106.435 101.583 304.583
723000 98.0106 106.517 102.755 307.282
724000 98.9832 107.29 102.637 308.911
725000 100.157 107.672 102.688 310.517
726000 100.775 108.272 103.151 312.198
727000 101.577 109.946 104.186 315.709
728000 103.573 111.357 104.998 319.928
729000 104.042 111.807 105.968 321.817
730000 104.167 112.17 106.592 322.928
731000 104.806 113.119 108.154 326.079
732000 105.964 114.519 109.246 329.73
733000 107.506 114.891 109.33 331.728
734000 109.095 115.479 109.935 334.509
735000 109.714 115.463 110.201 335.379
736000 110.911 116.692 111.225 338.828
737000 111.841 118.155 111.687 341.684
738000 111.993 118.074 112.898 342.966
739000 112.55 118.423 114.588 345.561
740000 113.706 119.221 115.408 348.335
741000 113.406 119.164 115.816 348.387
742000 113.744 120.017 116.277 350.038
743000 113.419 120.168 117.768 351.355
744000 113.994 120.697 118.419 353.11
745000 115.022 121.942 119.896 356.86
746000 115.036 122.74 120.171 357.947
747000 115.352 124.132 120.678 360.163
748000 116.215 125.251 120.576 362.041
749000 117.558 126.274 121.212 365.045
750000 117.588 127.205 121.57 366.363
751000 118.868 128.551 122.781 370.201
752000 118.843 129.042 123.123 371.008
753000 119.972 130.049 124.675 374.695
754000 121.451 131.663 125.57 378.684
755000 122.37 133.749 126.846 382.965
756000 122.143 133.51 127.42 383.073
757000 123.652 133.868 128.96 386.479
758000 124.358 134.354 129.099 387.811
759000 124.79 134.421 129.391 388.602
760000 126.876 136.598 131.252 394.727
761000 127.568 136.998 131.06 395.625
762000 129.211 137.387 130.991 397.59
763000 130.252 137.517 131.773 399.542
764000 131.069 138.654 132.676 402.398
765000 131.888 138.839 133.043 403.769
766000 132.803 139.928 133.242 405.973
767000 132.731 140.047 133.219 405.996
768000 134.014 141.444 133.822 409.28
769000 135.248 142.612 134.738 412.597
770000 135.708 144.394 135.605 415.707
771000 136.218 145.241 136.56 418.019
772000 136.471 145.721 136.886 419.078
773000 137.134 146.441 137.416 420.99
774000 138.839 148.028 137.862 424.728
775000 137.838 150.552 138.157 426.548
776000 138.302 151.255 138.766 428.322
777000 140.526 152.403 139.508 432.437
778000 141.063 153.648 140.16 434.871
779000 142.889 153.822 140.183 436.893
780000 143.377 155.548 140.301 439.226
781000 144.587 156.695 141.071 442.354
782000 144.654 156.89 141.058 442.602
783000 145.075 157.596 142.398 445.07
784000 146.899 160.325 143.131 450.355
785000 148.216 161.391 143.95 453.556
786000 149.616 162.257 143.874 455.747
787000 150.836 163.349 144.92 459.104
788000 151.56 165.193 145.481 462.234
789000 152.506 166.85 145.492 464.849
790000 153.274 167.573 145.592 466.44
791000 152.608 168.065 145.036 465.708
792000 154.015 169.361 145.802 469.178
793000 155.669 169.71 147.195 472.574
794000 156.251 170.76 148.281 475.292
795000 157.16 172.671 149.837 479.669
796000 157.405 173.536 150.912 481.853
797000 157.794 174.718 152.122 484.634
798000 158.206 175.413 152.816 486.435
799000 158.913 175.516 153.762 488.192
800000 160.322 176.818 154.399 491.539
801000 163.089 178.15 155.159 496.398
802000 163.32 179.041 155.264 497.625
803000 163.51 179.969 155.714 499.194
804000 162.574 181.219 155.993 499.786
805000 164.259 182.117 156.874 503.251
806000 166.104 183.946 158.864 508.914
807000 167.482 184.708 159.209 511.399
808000 169.998 184.822 160.136 514.956
809000 172.16 186.165 161.627 519.952
810000 174.05 186.303 162.393 522.745
811000 173.91 186.38 162.047 522.337
812000 173.462 187.124 161.935 522.522
813000 173.565 188.166 163.608 525.339
814000 174.679 189.404 165.45 529.534
815000 174.561 189.386 165.502 529.448
816000 174.113 189.617 165.768 529.498
817000 174.22 190.47 166.653 531.343
818000 175.722 192.622 167.238 535.583
819000 176.959 193.268 167.891 538.118
820000 177.563 193.577 168.767 539.907
821000 178.494 194.102 169.97 542.566
822000 180.163 196.391 171.238 547.792
823000 180.893 198.26 171.426 550.579
824000 182.478 199.804 172.279 554.561
825000 183.412 199.396 174.151 556.959
826000 183.002 199.674 175.336 558.013
827000 184.296 200.318 175.685 560.3
828000 186.903 201.321 176.265 564.489
829000 186.351 201.617 176.395 564.363
830000 187.856 204.257 177.848 569.961
831000 187.673 204.144 177.574 569.391
832000 188.371 204.398 177.78 570.549
833000 190.326 205.762 179.079 575.167
834000 191.649 207.63 180.338 579.617
835000 192.404 207.942 181.232 581.578
836000 193.26 206.8 182.701 582.761
837000 193.551 208.011 184.187 585.749
838000 194.311 208.658 185.512 588.481
839000 196.176 210.5 187.207 593.883
840000 195.713 209.905 186.383 592.001
841000 197.23 209.76 188.338 595.328
842000 199.153 210.437 189.624 599.213
843000 201.03 211.706 189.93 602.666
844000 201.645 211.709 189.992 603.346
845000 202.772 212.499 190.091 605.362
846000 202.89 212.751 189.931 605.573
847000 204.866 214.915 191.626 611.407
848000 206.406 216.738 193.005 616.15
849000 205.624 216.585 194.063 616.272
850000 205.429 217.422 195.635 618.486
851000 206.403 219.68 197.001 623.085
852000 206.531 219.286 196.495 622.312
853000 207.665 220.243 197.11 625.017
854000 208.387 221.177 198.042 627.606
855000 208.946 221.857 199.739 630.542
856000 208.884 222.423 201.861 633.169
857000 208.601 223.318 203.171 635.09
858000 209.022 224.386 203.959 637.367
859000 211.013 227.525 205.587 644.125
860000 210.956 227.648 204.602 643.206
861000 212.291 229.213 205.604 647.107
862000 212.732 229.736 206.318 648.787
863000 213.689 229.754 207.137 650.58
864000 215.055 230.422 208.117 653.594
865000 214.399 230.551 208.983 653.933
866000 215.452 231.816 211.343 658.611
867000 215.655 233.444 212.26 661.359
868000 216.074 234.876 213.071 664.02
869000 217.475 236.209 214.692 668.376
870000 216.015 235.385 213.625 665.026
871000 218.075 238.549 216.025 672.649
872000 218.622 239.388 216.891 674.902
873000 219.333 239.693 217.112 676.138
874000 220.247 241.118 217.631 678.996
875000 220.538 241.137 217.125 678.8
876000 222.773 243.248 218.256 684.277
877000 224.242 246.048 220.532 690.821
878000 224.675 248.078 221.03 693.783
879000 223.712 247.791 221.552 693.055
880000 224.909 249.429 222.039 696.377
881000 226.416 250.252 223.998 700.667
882000 227.78 249.852 224.635 702.266
883000 228.735 249.345 224.152 702.231
884000 229.347 249.598 224.822 703.767
885000 230.435 250.944 225.188 706.567
886000 232.349 253.119 226.311 711.78
887000 232.666 252.766 227.356 712.787
888000 232.323 252.809 228.16 713.293
889000 234.29 254.724 230.81 719.824
890000 236.847 258.62 232.11 727.577
891000 235.69 258.672 232.946 727.308
892000 237.017 259.815 233.669 730.5
893000 237.726 259.993 234.801 732.52
894000 238.472 259.872 236.656 735
895000 239.877 261.026 237.187 738.09
896000 241.201 262.285 238.7 742.186
897000 243.3 263.565 240.271 747.137
898000 245.598 264.123 242.434 752.155
899000 246.644 264.399 241.671 752.714
900000 246.109 263.71 241.864 751.683
901000 245.454 262.849 240.394 748.696
902000 246.504 263.636 241.256 751.396
903000 248.039 264.519 242.726 755.284
904000 248.591 263.304 241.992 753.887
905000 249.406 264.567 242.801 756.774
906000 250.031 264.534 242.727 757.293
907000 250.566 267.364 244.143 762.074
908000 248.846 267.121 243.26 759.228
909000 249.529 269.413 244.432 763.374
910000 251.096 270.832 245.117 767.045
911000 252.028 272.175 246.48 770.682
912000 252.875 274.592 249.514 776.981
913000 254.485 275.489 250.522 780.496
914000 255.345 275.5 250.595 781.441
915000 255.894 277.428 250.779 784.1
916000 256.752 277.554 251.751 786.057
917000 255.063 276.196 250.339 781.598
918000 256.032 278.629 252.36 787.021
919000 256.1 277.79 252.282 786.173
920000 257.06 278.022 253.21 788.291
921000 258.18 278.303 254.296 790.779
922000 259.18 281.553 256.828 797.561
923000 259.856 282.905 257.804 800.565
924000 259.717 282.204 258.225 800.145
925000 259.588 280.631 258.631 798.85
926000 261.528 280.734 259.284 801.546
927000 261.357 281.259 258.349 800.965
928000 263.19 282.766 259.373 805.328
929000 264.169 284.466 260.325 808.96
930000 264.186 284.542 260.732 809.459
931000 263.491 284.683 260.552 808.726
932000 264.72 286.876 261.29 812.885
933000 266.582 288.792 263.251 818.626
934000 267.383 289.649 263.483 820.515
935000 270.088 290.34 265.21 825.637
936000 269.891 291.238 265.597 826.726
937000 269.679 292.112 266.952 828.743
938000 269.803 292.462 267.72 829.985
939000 268.915 292.784 268.758 830.457
940000 267.83 293.082 269.117 830.029
941000 269.519 296.586 270.824 836.929
942000 271.155 297.789 271.737 840.681
943000 271.886 298.14 272.411 842.436
944000 272.351 298.579 273.822 844.752
945000 272.816 298.887 273.411 845.114
946000 274.049 299.732 274.473 848.254
947000 275.237 300.285 275.073 850.594
948000 276.222 299.538 275.615 851.374
949000 278.256 301.308 277.242 856.806
950000 279.349 300.388 276.083 855.82
951000 282.044 302.315 277.729 862.087
952000 282.233 303.402 279.129 864.764
953000 282.945 304.704 279.658 867.307
954000 284.765 304.886 280.836 870.487
955000 286.649 306.745 280.951 874.345
956000 286.342 307.563 280.843 874.749
957000 287.488 310.72 283.738 881.945
958000 288.928 312.224 285.041 886.193
959000 289.998 312.674 285.689 888.36
960000 291.225 312.716 286.027 889.968
961000 291.885 311.676 287.944 891.504
962000 292.601 311.01 287.388 890.999
963000 292.897 311.07 287.18 891.148
964000 294.835 313.304 289.627 897.766
965000 295.138 314.097 289.901 899.136
966000 295.104 315.516 290.583 901.203
967000 296.729 317.882 291.394 906.005
968000 298.293 320.218 291.461 909.972
969000 299.595 320.715 292.824 913.135
970000 298.117 319.32 293.121 910.558
971000 300.394 323.046 294.924 918.365
972000 300.818 324.347 295.675 920.84
973000 300.941 324.054 297.268 922.264
974000 300.185 325.167 298.933 924.285
975000 301.62 326.12 300.061 927.801
976000 302.011 327.453 301.655 931.119
977000 303.896 329.673 303.841 937.41
978000 304.092 329.037 302.627 935.755
979000 304.274 331.365 304.453 940.093
980000 304.819 332.081 306.586 943.486
981000 304.711 332.798 306.715 944.224
982000 305.725 334.852 308.685 949.262
983000 307.011 335.24 309.64 951.892
984000 306.935 336.168 310.016 953.118
985000 306.991 338.306 310.764 956.062
986000 307.216 338.051 310.972 956.238
987000 309.419 340.294 312.794 962.507
988000 309.898 341.079 313.611 964.588
989000 310.687 342.228 314.283 967.198
990000 310.791 341.491 312.502 964.784
991000 313.111 342.975 313.934 970.019
992000 313.2 342.862 315.216 971.278
993000 314.197 342.844 315.196 972.238
994000 315.664 343.049 314.777 973.49
995000 317.166 344.576 314.659 976.402
996000 316.59 343.464 314.019 974.073
997000 319.385 344.492 315.497 979.374
998000 321.908 345.657 316.319 983.883
999000 323.454 345.642 316.951 986.047
1000000 324.712 346.483 319.516 990.71
1001000 323.758 344.834 318.772 987.365
1002000 324.587 345.085 319.093 988.766
1003000 325.507 347.318 319.353 992.178
1004000 325.686 347.277 320.722 993.686
1005000 324.958 347.448 321.139 993.546
1006000 323.574 346.872 320.819 991.266
1007000 325.146 351.184 322.435 998.764
1008000 327.691 353.436 322.984 1004.11
1009000 328.608 353.45 324.859 1006.92
1010000 328.364 353.341 324.923 1006.63
1011000 330.19 356.461 326.276 1012.93
1012000 330.747 357.023 326.311 1014.08
1013000 328.785 356.475 324.534 1009.79
1014000 326.766 356.862 324.595 1008.22
1015000 328.874 359.981 326.815 1015.67
1016000 328.489 360.354 327.075 1015.92
1017000 328.066 361.213 326.948 1016.23
1018000 329.695 361.471 328.576 1019.74
1019000 330.26 363.303 331.387 1024.95
1020000 330.866 365.729 332.747 1029.34
1021000 330.462 366.341 333.849 1030.65
1022000 329.42 366.323 334.194 1029.94
1023000 331.102 365.776 334.154 1031.03
1024000 333.472 367.747 335.063 1036.28
1025000 332.952 367.046 334.98 1034.98
1026000 333.001 365.898 335.239 1034.14
1027000 334.996 367.844 336.454 1039.29
1028000 336.654 368.526 337.783 1042.96
1029000 335.435 367.511 336.78 1039.73
1030000 335.694 367.884 337.761 1041.34
1031000 336.213 368.099 338.468 1042.78
1032000 338.066 368.832 338.529 1045.43
1033000 339.305 369.289 339.269 1047.86
1034000 339.501 370.426 340.933 1050.86
1035000 339.376 371.06 342.742 1053.18
1036000 340.788 374.162 345.146 1060.1
1037000 341.215 373.191 345.226 1059.63
1038000 341.143 372.485 343.271 1056.9
1039000 342.276 374.103 345.151 1061.53
1040000 344.491 376.224 346.391 1067.11
1041000 343.423 376.186 346.152 1065.76
1042000 345.866 378.169 348.409 1072.44
1043000 344.939 378.562 347.983 1071.48
1044000 345.89 380.069 348.184 1074.14
1045000 346.692 380.236 348.868 1075.8
1046000 347.621 381.26 351.322 1080.2
1047000 350.553 384.967 353.979 1089.5
1048000 351.1 385.573 354.484 1091.16
1049000 350.65 382.608 353.845 1087.1
1050000 350.856 383.646 355.061 1089.56
1051000 351.149 383.398 356.832 1091.38
1052000 351.82 384.45 359.052 1095.32
1053000 353.93 388.146 362.997 1105.07
1054000 354.081 386.385 364.23 1104.7
1055000 353.596 385.296 363.556 1102.45
1056000 353.613 387.331 365.458 1106.4
1057000 354.842 389.281 367.156 1111.28
1058000 355.793 389.043 366.167 1111
1059000 357.237 390.733 367.591 1115.56
1060000 359.823 391.902 368.79 1120.52
1061000 361.134 392.58 368.788 1122.5
1062000 360.976 393.575 368.491 1123.04
1063000 363.945 396.563 369.928 1130.44
1064000 363.391 394.723 369.153 1127.27
1065000 364.451 394.676 370.113 1129.24
1066000 366.685 395.686 370.147 1132.52
1067000 367.415 397.548 371.759 1136.72
1068000 364.784 395.458 370.309 1130.55
1069000 366.085 394.292 370.037 1130.41
1070000 367.581 396.229 372.172 1135.98
1071000 368.627 397.249 373.1 1138.98
1072000 367.73 396.363 373.982 1138.08
1073000 370.161 398.602 375.477 1144.24
1074000 370.06 398.27 375.882 1144.21
1075000 371.634 399.364 378.619 1149.62
1076000 370.65 398.986 379.372 1149.01
1077000 368.731 398.972 379.045 1146.75
1078000 369.964 400.053 380.27 1150.29
1079000 371.959 402.548 381.827 1156.33
1080000 374.3 404.561 383.287 1162.15
1081000 373.324 404.171 382.508 1160
1082000 373.571 406.942 382.214 1162.73
1083000 374.576 409.322 383.929 1167.83
1084000 376.572 409.908 385.774 1172.25
1085000 380.442 414.635 390.669 1185.75
1086000 379.723 413.003 390.154 1182.88
1087000 379.286 412.032 390.768 1182.09
1088000 380.489 414.154 391.51 1186.15
1089000 382.02 414.945 392.649 1189.61
1090000 381.291 415.375 393.112 1189.78
1091000 382.61 417.561 394.152 1194.32
1092000 383.793 419.278 396.075 1199.15
1093000 385.377 422.01 396.512 1203.9
1094000 385.789 421.649 396.686 1204.12
1095000 385.551 420.103 395.173 1200.83
1096000 386.845 419.928 397.001 1203.77
1097000 388.4 423.135 399.306 1210.84
1098000 390.302 425.354 400.748 1216.4
1099000 391.659 428.866 402.422 1222.95
1100000 391.583 429.221 403.077 1223.88
1101000 392.424 428.197 404.131 1224.75
1102000 396.394 431.032 404.99 1232.42
1103000 397.011 432.561 406.975 1236.55
1104000 398.152 433.278 407.481 1238.91
1105000 399.06 435.912 408.537 1243.51
1106000 400.382 437.433 408.987 1246.8
1107000 402.363 438.596 409.317 1250.28
1108000 402.093 439.159 409.174 1250.43
1109000 400.241 439.831 408.778 1248.85
1110000 402.639 442.149 410.584 1255.37
1111000 402.833 441.383 411.022 1255.24
1112000 401.951 441.545 410.997 1254.49
1113000 403.065 440.886 412.663 1256.61
1114000 405.52 442.417 414.096 1262.03
1115000 406.099 441.14 413.966 1261.2
1116000 408.102 442.175 415.171 1265.45
1117000 409.487 445.171 416.722 1271.38
1118000 411.268 446.87 416.359 1274.5
1119000 411.83 446.408 417.171 1275.41
1120000 411.919 447.138 417.003 1276.06
1121000 412.158 450.072 419.148 1281.38
1122000 412.983 451.119 421.065 1285.17
1123000 414.4 453.452 422.143 1289.99
1124000 415.251 454.779 422.499 1292.53
1125000 414.543 455.888 421.438 1291.87
1126000 416.255 459.3 423.22 1298.78
1127000 417.363 460.596 423.627 1301.59
1128000 418.64 463.071 424.755 1306.47
1129000 415.995 459.866 421.788 1297.65
1130000 416.347 457.816 421.869 1296.03
1131000 418.6 458.415 422.218 1299.23
1132000 422.752 461.314 423.769 1307.84
1133000 424.358 462.041 424.807 1311.21
1134000 423.109 458.775 421.595 1303.48
1135000 425.946 462.853 423.473 1312.27
1136000 424.534 463.623 421.213 1309.37
1137000 428.203 466.575 423.337 1318.12
1138000 428.287 466.294 423.267 1317.85
1139000 431.199 468.257 424.551 1324.01
1140000 430.499 468.69 424.669 1323.86
1141000 431.038 470.262 427.173 1328.47
1142000 430.339 470.137 426.67 1327.15
1143000 431.422 469.946 427.004 1328.37
1144000 434.304 472.54 428.142 1334.99
1145000 433.456 470.867 427.425 1331.75
1146000 436.505 474.1 429.752 1340.36
1147000 436.066 473.051 428.63 1337.75
1148000 439.289 474.321 428.641 1342.25
1149000 439.704 474.669 428.164 1342.54
1150000 439.67 475.892 429.227 1344.79
1151000 437.853 474.885 428.299 1341.04
1152000 440.479 476.485 429.315 1346.28
1153000 442.041 479.343 430.249 1351.63
1154000 440.908 479.631 428.846 1349.39
1155000 440.769 479.909 429.204 1349.88
1156000 441.525 480.961 430.259 1352.74
1157000 440.122 479.722 429.725 1349.57
1158000 439.729 477.552 429.723 1347
1159000 443.367 480.251 432.81 1356.43
1160000 444.549 482.238 434.909 1361.7
1161000 445.251 483.635 434.671 1363.56
1162000 445.789 484.484 433.886 1364.16
1163000 446.968 484.693 431.127 1362.79
1164000 447.606 484.886 429.762 1362.25
1165000 450.468 487.497 432.683 1370.65
1166000 451.618 487.437 434.004 1373.06
1167000 455.74 490.476 436.971 1383.19
1168000 454.543 489.754 436.192 1380.49
1169000 453.207 489.005 436.284 1378.5
1170000 454.346 489.474 438.078 1381.9
1171000 455.921 491.609 439.38 1386.91
1172000 454.054 490.641 437.893 1382.59
1173000 454.898 491.684 438.192 1384.77
1174000 455.901 494.484 439.957 1390.34
1175000 456.109 497.28 440.037 1393.43
1176000 457.218 498.013 441.024 1396.25
1177000 456.971 498.575 441.083 1396.63
1178000 460.501 502.626 443.894 1407.02
1179000 459.539 501.151 443.912 1404.6
1180000 461.11 503.085 446.046 1410.24
1181000 460.244 503.46 445.442 1409.15
1182000 460.455 504.739 444.745 1409.94
1183000 465.425 508.917 448.076 1422.42
1184000 465.713 509.855 449.376 1424.94
1185000 465.264 509.274 449.725 1424.26
1186000 465.253 507.577 449.554 1422.38
1187000 470.314 510.669 452.573 1433.56
1188000 470.778 510.587 453.736 1435.1
1189000 472.023 510.314 452.585 1434.92
1190000 471.937 510.807 450.138 1432.88
1191000 473.725 513.526 451.986 1439.24
1192000 475.089 513.191 452.761 1441.04
1193000 476.624 514.42 454.393 1445.44
1194000 478.513 519.004 455.552 1453.07
1195000 478.911 518.613 456.435 1453.96
1196000 478.935 516.096 455.599 1450.63
1197000 479.56 517.133 456.69 1453.38
1198000 479.716 517.393 458.331 1455.44
1199000 479.756 517.927 459.141 1456.82
1200000 482.015 519.893 459.782 1461.69
1201000 484.49 522.678 463.294 1470.46
1202000 485.081 522.385 464.802 1472.27
1203000 485.95 524.016 464.451 1474.42
1204000 485.902 523.799 463.397 1473.1
1205000 485.509 524.277 462.885 1472.67
1206000 484.733 522.399 463.034 1470.17
1207000 485.799 522.557 463.419 1471.77
1208000 485.557 522.137 463.601 1471.29
1209000 486.203 524.606 464.341 1475.15
1210000 487.818 525.198 465.731 1478.75
1211000 488.976 525.895 467.397 1482.27
1212000 486.658 524.906 466.969 1478.53
1213000 486.298 524.326 467.339 1477.96
1214000 487.148 525.51 467.209 1479.87
1215000 489.201 527.774 468.85 1485.82
1216000 490.476 527.466 469.824 1487.77
1217000 492.599 529.632 472.209 1494.44
1218000 491.939 529.841 472.318 1494.1
1219000 493.6 532.076 476.261 1501.94
1220000 491.419 531.597 474.839 1497.86
1221000 493.179 534.024 477.62 1504.82
1222000 493.958 532.71 478.945 1505.61
1223000 494.761 530.223 480.243 1505.23
1224000 498.068 533.567 482.415 1514.05
1225000 494.695 532.238 478.151 1505.08
1226000 495.773 533.054 477.412 1506.24
1227000 495.63 529.641 476.509 1501.78
1228000 498.537 530.805 477.961 1507.3
1229000 502.432 534.611 482.092 1519.14
1230000 501.113 533.582 481.405 1516.1
1231000 501.274 535.54 480.949 1517.76
1232000 502.449 537.77 481.824 1522.04
1233000 504.299 538.039 483.13 1525.47
1234000 503.566 537.525 482.906 1524
1235000 504.194 536.953 483.545 1524.69
1236000 506.948 540.562 483.493 1531
1237000 508.495 542.281 485.437 1536.21
1238000 506.809 541.003 484.66 1532.47
1239000 507.968 540.176 485.536 1533.68
1240000 510.959 542.907 488.298 1542.16
1241000 508.426 540.008 485.122 1533.56
1242000 510.835 543.814 489.051 1543.7
1243000 511.416 545.605 488.536 1545.56
1244000 508.099 543.911 485.34 1537.35
1245000 509.994 546.756 485.677 1542.43
1246000 512.356 547.734 487.188 1547.28
1247000 513.629 548.243 488.426 1550.3
1248000 513.879 545.162 488.918 1547.96
1249000 516.557 546.132 490.513 1553.2
1250000 519.129 546.208 493.225 1558.56
1251000 519.277 546.855 493.473 1559.6
1252000 520.826 548.159 495.511 1564.5
1253000 520.824 546.312 496.136 1563.27
1254000 521.631 547.496 496.481 1565.61
1255000 522.35 546.838 496.808 1566
1256000 524.405 548.927 499.208 1572.54
1257000 527.981 551.013 503.494 1582.49
1258000 528.905 550.332 506.323 1585.56
1259000 532.089 553.451 508.98 1594.52
1260000 529.09 550.764 507.22 1587.07
1261000 528.06 549.718 505.793 1583.57
1262000 531.112 554.394 507.992 1593.5
1263000 529.308 551.553 504.112 1584.97
1264000 533.218 553.841 505.603 1592.66
1265000 534.64 555.165 505.827 1595.63
1266000 535.743 557.566 509.436 1602.74
1267000 535.494 556.881 507.715 1600.09
1268000 535.702 554.973 507.396 1598.07
1269000 539.112 559.668 510.837 1609.62
1270000 539.698 558.857 511.378 1609.93
1271000 542.129 562.133 513.39 1617.65
1272000 541.892 561.643 512.19 1615.73
1273000 544.887 564.178 513.868 1622.93
1274000 541.911 562.88 511.742 1616.53
1275000 544.138 565.531 514.666 1624.33
1276000 543.758 565.583 514.025 1623.37
1277000 544.842 568.03 514.821 1627.69
1278000 545.55 570.305 515.826 1631.68
1279000 548.056 571.783 519.17 1639.01
1280000 548.931 569.223 519.206 1637.36
1281000 549.199 568.388 520.271 1637.86
1282000 549.534 568.827 519.892 1638.25
1283000 551.691 569.02 520.008 1640.72
1284000 552.898 569.981 521.085 1643.96
1285000 556.493 574.805 525.764 1657.06
1286000 557.428 575.342 527.844 1660.61
1287000 555.215 574.069 527.841 1657.13
1288000 553.613 574.694 528.041 1656.35
1289000 553.403 576.946 527.249 1657.6
1290000 555.015 580.969 529.363 1665.35
1291000 559.26 585.132 532.139 1676.53
1292000 558.556 583.607 530.528 1672.69
1293000 557.319 582.834 530.218 1670.37
1294000 559.13 585.966 532.033 1677.13
1295000 560.745 587.924 533.043 1681.71
1296000 561.187 589.87 534.397 1685.45
1297000 561.527 591.555 534.416 1687.5
1298000 561.408 590.608 535.058 1687.07
1299000 563.076 592.498 534.146 1689.72
1300000 564.41 593.414 533.434 1691.26
1301000 562.695 591.577 533.354 1687.63
1302000 563.878 593.922 536.765 1694.56
1303000 564.851 597.242 539.397 1701.49
1304000 565.469 595.869 539.545 1700.88
1305000 570.012 601.305 543.411 1714.73
1306000 571.144 602.966 545.151 1719.26
1307000 568.973 600.327 541.807 1711.11
1308000 571.364 602.567 542.981 1716.91
1309000 570.021 602.023 542.5 1714.54
1310000 567.865 603.632 541.235 1712.73
1311000 568.222 605.652 542.293 1716.17
1312000 568.566 604.644 541.677 1714.89
1313000 571.356 607.951 544.617 1723.92
1314000 571.214 611.067 546.481 1728.76
1315000 571.033 611.969 545.3 1728.3
1316000 570.919 612.993 544.978 1728.89
1317000 572.929 617.824 547.143 1737.9
1318000 575.456 621.872 548.042 1745.37
1319000 573.146 617.907 546.457 1737.51
1320000 576.462 622.618 550.092 1749.17
1321000 573.617 620.205 548.993 1742.81
1322000 572.387 618.859 548.146 1739.39
1323000 572.712 620.576 548.494 1741.78
1324000 572.999 619.264 547.911 1740.17
1325000 574.921 619.663 550.075 1744.66
1326000 579.304 623.262 553.705 1756.27
1327000 578.123 621.282 553.02 1752.43
1328000 581.451 624.357 553.973 1759.78
1329000 581.051 623.742 552.156 1756.95
1330000 579.109 621.5 550.523 1751.13
1331000 582.597 625.41 553.83 1761.84
1332000 583.063 625.372 555.628 1764.06
1333000 588.175 630.049 558.006 1776.23
1334000 585.073 627.541 557.541 1770.15
1335000 585.931 628.081 557.888 1771.9
1336000 587.086 628.231 560.071 1775.39
1337000 588.735 628.783 560.994 1778.51
1338000 590.38 630.326 562.589 1783.3
1339000 588.975 629.717 562.44 1781.13
1340000 588.785 629.721 561.976 1780.48
1341000 586.341 628.448 561.781 1776.57
1342000 589.478 631.871 565.3 1786.65
1343000 590.009 631.649 565.505 1787.16
1344000 591.148 632.312 566.125 1789.59
1345000 592.914 634.769 567.129 1794.81
1346000 596.089 639.002 569.201 1804.29
1347000 592.27 637.481 566.098 1795.85
1348000 590.356 636.955 562.391 1789.7
1349000 594.124 641.976 565.948 1802.05
1350000 595.215 643.884 567.179 1806.28
1351000 594.524 644.929 568.245 1807.7
1352000 595.086 646.568 569.235 1810.89
1353000 597.511 648.078 569.774 1815.36
1354000 596.507 646.858 568.147 1811.51
1355000 594.776 645.957 567.778 1808.51
1356000 596.646 648.402 569.773 1814.82
1357000 599.163 652.289 573.106 1824.56
1358000 599.771 654.1 573.764 1827.63
1359000 596.273 650.73 571.225 1818.23
1360000 597.38 654.461 572.263 1824.1
1361000 600.35 655.87 575.02 1831.24
1362000 603.22 658.179 576.292 1837.69
1363000 605.033 658.491 577.761 1841.28
1364000 608.24 660.395 581.608 1850.24
1365000 609.52 661.325 580.575 1851.42
1366000 610.365 661.604 580.103 1852.07
1367000 609.26 661.292 579.924 1850.48
1368000 612.085 662.899 582.743 1857.73
1369000 611.865 660.675 582.113 1854.65
1370000 615.028 661.931 584.845 1861.8
1371000 615.967 663.58 585.535 1865.08
1372000 613.608 661.996 584.893 1860.5
1373000 618.282 666.1 589.373 1873.75
1374000 617.681 664.549 586.576 1868.81
1375000 619.399 666.977 588.805 1875.18
1376000 621.523 670.366 592.744 1884.63
1377000 623.006 671.782 592.558 1887.35
1378000 622.138 671.926 593.668 1887.73
1379000 623.67 673.819 595.403 1892.89
1380000 624.977 671.175 594.367 1890.52
1381000 624.34 668.361 592.73 1885.43
1382000 629.024 674.989 598.481 1902.49
1383000 630.842 673.949 599.715 1904.51
1384000 629.071 673.529 599.2 1901.8
1385000 630.772 673.452 601.378 1905.6
1386000 627.724 671.028 599.798 1898.55
1387000 630.406 674.648 602.017 1907.07
1388000 633.701 677.118 604.1 1914.92
1389000 635.348 677.418 604.373 1917.14
1390000 635.864 679.35 608.249 1923.46
1391000 634.526 680.572 608.317 1923.41
1392000 636.175 682.537 608.792 1927.5
1393000 636.247 682.332 608.015 1926.59
1394000 638.183 683.454 611.8 1933.44
1395000 637.421 683.696 610.605 1931.72
1396000 640.344 684.725 611.277 1936.35
1397000 642.887 684.957 614.256 1942.1
1398000 643.151 685.109 614.289 1942.55
1399000 638.946 681.868 612.055 1932.87
1400000 640.486 684.928 613.087 1938.5
1401000 643.95 687.624 616.158 1947.73
1402000 643.519 688.744 616.889 1949.15
1403000 642.22 687.777 616.596 1946.59
1404000 646.064 692.654 620.455 1959.17
1405000 644.531 689.604 619.32 1953.45
1406000 644.884 690.786 620.694 1956.36
1407000 644.448 689.339 619.308 1953.09
1408000 644.657 690.589 620.082 1955.33
1409000 644.421 690.155 621.638 1956.21
1410000 646.632 692.294 624.078 1963
1411000 648.568 689.162 625.254 1962.98
1412000 645.24 686.42 623.584 1955.24
1413000 647.973 686.908 624.749 1959.63
1414000 652.487 690.385 627.51 1970.38
1415000 652.392 687.963 626.844 1967.2
1416000 656.053 692.239 630.796 1979.09
1417000 657.907 693.611 632.567 1984.09
1418000 658.374 692.573 632.135 1983.08
1419000 660.54 695.757 633.068 1989.37
1420000 660.348 695.131 631.337 1986.82
1421000 661.914 696.697 630.252 1988.86
1422000 663.293 696.499 630.933 1990.72
1423000 665.13 698.786 633.077 1996.99
1424000 666.779 701.51 634.529 2002.82
1425000 669.187 700.166 635.285 2004.64
1426000 671.396 702.207 636.762 2010.36
1427000 672.766 704.607 636.623 2014
1428000 673.591 706.102 637.197 2016.89
1429000 671.194 702.398 634.415 2008.01
1430000 675.198 705.818 635.836 2016.85
1431000 672.613 705.279 633.242 2011.13
1432000 674.667 708.384 635.48 2018.53
1433000 673.102 707.422 636.125 2016.65
1434000 669.405 706.91 635.651 2011.97
1435000 669.921 708.363 639.026 2017.31
1436000 669.024 706.876 635.923 2011.82
1437000 670.187 706.111 636.58 2012.88
1438000 674.211 711.514 640.001 2025.73
1439000 673.894 712.414 638.614 2024.92
1440000 671.565 710.191 636.037 2017.79
1441000 678.223 715.385 640.863 2034.47
1442000 680.113 716.632 641.958 2038.7
1443000 676.889 711.101 638.753 2026.74
1444000 677.323 710.483 641.608 2029.41
1445000 680.935 712.588 644.367 2037.89
1446000 681.632 713.697 644.841 2040.17
1447000 687.45 719.399 648.006 2054.85
1448000 688.21 720.808 649.327 2058.35
1449000 688.58 721.464 652.582 2062.63
1450000 686.674 720.004 652.026 2058.7
1451000 690.584 721.883 654.405 2066.87
1452000 686.928 717.336 652.393 2056.66
1453000 688.056 719.956 654.251 2062.26
1454000 689.898 723.229 654.523 2067.65
1455000 687.071 720.81 652.926 2060.81
1456000 691.236 724.832 658.024 2074.09
1457000 695.408 729.153 661.595 2086.16
1458000 692.601 725.624 657.476 2075.7
1459000 691.722 726.465 657.85 2076.04
1460000 692.23 729.868 661.444 2083.54
1461000 694.412 731.065 665.814 2091.29
1462000 696.244 733.849 665.608 2095.7
1463000 695.53 735.402 665.752 2096.68
1464000 698.625 737.519 668.224 2104.37
1465000 698.045 735.087 667.972 2101.1
1466000 699.641 735.873 667.868 2103.38
1467000 697.699 733.91 668.38 2099.99
1468000 696.364 733.689 668.683 2098.74
1469000 697.703 736.3 671.697 2105.7
1470000 697.167 735.477 669.373 2102.02
1471000 700.438 737.912 670.877 2109.23
1472000 701.478 741.192 671.041 2113.71
1473000 702.217 740.212 672.194 2114.62
1474000 702.233 740.558 672.774 2115.57
1475000 700.291 738.309 669.453 2108.05
1476000 700.724 739.02 667.984 2107.73
1477000 703.89 740.649 669.385 2113.92
1478000 705.615 741.416 670.933 2117.96
1479000 707.791 744.956 674.183 2126.93
1480000 703.362 738.192 668.325 2109.88
1481000 706.191 740.548 671.969 2118.71
1482000 705.587 739.709 674.468 2119.76
1483000 707.475 741.274 677.889 2126.64
1484000 705.964 741.859 680.447 2128.27
1485000 708.701 746.02 683.099 2137.82
1486000 710.806 748.912 685.261 2144.98
1487000 705.419 746.104 682.529 2134.05
1488000 705.879 747.61 685.266 2138.76
1489000 707.08 748.966 685.722 2141.77
1490000 710.019 751.226 685.431 2146.68
1491000 708.932 751.864 682.878 2143.67
1492000 710.715 752.774 685.335 2148.82
1493000 710.74 750.836 684.988 2146.56
1494000 714.469 755.594 685.689 2155.75
1495000 715.771 759.585 687.448 2162.8
1496000 716.817 761.526 687.088 2165.43
1497000 714.257 756.383 683.815 2154.46
1498000 719.555 762.053 688.459 2170.07
1499000 715.344 757.89 686.577 2159.81
1500000 714.005 755.429 686.402 2155.84
1501000 719.755 761.153 691.539 2172.45
1502000 720.269 760.744 690.854 2171.87
1503000 717.703 757.915 688.012 2163.63
1504000 719.208 760.887 688.599 2168.69
1505000 720.667 761.219 688.596 2170.48
1506000 722.142 764.166 691.721 2178.03
1507000 724.042 766.52 695.141 2185.7
1508000 726.676 769.089 697.81 2193.57
1509000 725.607 767.043 696.313 2188.96
1510000 722.714 764.673 695.665 2183.05
1511000 724.858 766.888 696.048 2187.79
1512000 722.92 764.597 693.116 2180.63
1513000 725.811 765.668 696.059 2187.54
1514000 724.409 763.791 694.287 2182.49
1515000 726.697 765.372 696.595 2188.66
1516000 729.579 769.511 698.415 2197.5
1517000 727.39 765.25 697.079 2189.72
1518000 730.494 766.979 699.381 2196.85
1519000 734.28 769.629 704.48 2208.39
1520000 731.68 767.584 703.833 2203.1
1521000 732.957 767.923 706.042 2206.92
1522000 734.385 766.752 705.585 2206.72
1523000 737.612 767.644 706.342 2211.6
1524000 739.829 768.192 710.041 2218.06
1525000 741.201 768.564 712.221 2221.99
1526000 743.174 768.7 712.284 2224.16
1527000 742.504 767.823 710.373 2220.7
1528000 740.856 768.95 708.059 2217.86
1529000 740.132 767.074 704.174 2211.38
1530000 742.237 771.139 706.995 2220.37
1531000 748.668 778.197 712.157 2239.02
1532000 747.675 778.731 708.899 2235.3
1533000 749.546 782.499 712.763 2244.81
1534000 749.907 785.323 714.036 2249.27
1535000 750.242 784.341 715.258 2249.84
1536000 751.646 786.409 718.064 2256.12
1537000 749.298 784.785 717.038 2251.12
1538000 754.138 790.791 722.152 2267.08
1539000 756.301 791.329 722.256 2269.89
1540000 755.446 788.498 719.126 2263.07
1541000 754.911 785.72 718.991 2259.62
1542000 757.213 787.899 721.205 2266.32
1543000 760.327 790.908 722.5 2273.73
1544000 760.911 791.533 721.417 2273.86
1545000 760.733 789.183 718.949 2268.87
1546000 765.262 789.754 718.396 2273.41
1547000 764.866 785.124 716.149 2266.14
1548000 764.187 785.623 716.015 2265.83
1549000 766.219 789.566 717.875 2273.66
1550000 768.273 793.997 720.809 2283.08
1551000 772.634 798.305 724.294 2295.23
1552000 772.479 798.359 725.152 2295.99
1553000 772.896 799.876 723.89 2296.66
1554000 776.844 800.866 727.911 2305.62
1555000 775.439 797.022 723.476 2295.94
1556000 774.762 796.479 722.457 2293.7
1557000 772.104 795.607 719.238 2286.95
1558000 776.047 800.322 721.53 2297.9
1559000 778.865 803.559 723.367 2305.79
1560000 779.15 804.849 723.908 2307.91
1561000 781.465 808.034 726.91 2316.41
1562000 782.718 808.392 724.388 2315.5
1563000 783.6 809.047 723.85 2316.5
1564000 784.044 810.355 724.434 2318.83
1565000 785.713 813.69 728.929 2328.33
1566000 787.211 814.689 731.342 2333.24
1567000 786.88 813.072 730.841 2330.79
1568000 787.414 813.666 730.541 2331.62
1569000 785.478 814.037 729.639 2329.15
1570000 787.372 816.362 731.92 2335.65
1571000 789.998 819.59 736.041 2345.63
1572000 790.125 817.862 736.565 2344.55
1573000 791.994 816.78 737.663 2346.44
1574000 791.896 815.395 737.982 2345.27
1575000 794.023 816.195 739.264 2349.48
1576000 797.975 821.762 741.927 2361.66
1577000 797.291 818.524 741.2 2357.01
1578000 796.119 816.052 741.834 2354.01
1579000 793.693 814.362 742.759 2350.81
1580000 793.998 816.969 743.38 2354.35
1581000 797.334 818.512 744.832 2360.68
1582000 793.99 814.87 742.675 2351.54
1583000 793.003 816.315 745.984 2355.3
1584000 798.669 820.784 751.89 2371.34
1585000 795.825 819.789 751.38 2366.99
1586000 792.752 818.633 749.376 2360.76
1587000 791.056 816.795 749.408 2357.26
1588000 793.562 818.43 753.256 2365.25
1589000 796.873 822.527 755.964 2375.36
1590000 797.542 827.442 758.141 2383.13
1591000 796.461 825.545 758.681 2380.69
1592000 794.532 821.697 755.895 2372.12
1593000 792.565 819.781 753.042 2365.39
1594000 798.616 826.955 760.694 2386.26
1595000 800.368 829.373 760.666 2390.41
1596000 800.517 827.497 758.645 2386.66
1597000 802.109 830.523 761.206 2393.84
1598000 803.942 834.848 764.57 2403.36
1599000 804.131 830.443 764.298 2398.87
1600000 805.535 831.662 767.882 2405.08
