# Time-averaged data for fix thermo_avg_npt
# TimeStep v_epsilon_co v_temp v_press v_pe v_ke v_etotal v_vol v_dens
101000 0.55 301.631 19.0531 -21203.1 3374.33 -17828.8 54422.7 1.04824
102000 0.55 300.114 -326.263 -21132.1 3357.37 -17774.7 54639.4 1.04407
103000 0.55 297.496 305.562 -21131.1 3328.08 -17803.1 54003.9 1.05637
104000 0.55 299.112 -174.67 -21162.1 3346.16 -17815.9 54317.1 1.05028
105000 0.55 298.424 -63.9442 -21197.5 3338.46 -17859.1 54416.5 1.04835
106000 0.55 301.286 -238.861 -21107.2 3370.48 -17736.8 54473.4 1.04725
107000 0.55 299.359 -185.939 -21134.1 3348.93 -17785.2 54512 1.04651
108000 0.55 300.565 -239.867 -21172 3362.42 -17809.6 54530.2 1.04616
109000 0.55 301.436 172.428 -21199.4 3372.15 -17827.2 54089.4 1.05469
110000 0.55 299.419 24.1793 -21120.1 3349.6 -17770.5 54192.8 1.05268
111000 0.55 300.335 -95.8386 -21165.8 3359.84 -17805.9 54532.1 1.04613
112000 0.55 300.113 -159.106 -21153.7 3357.35 -17796.4 54483.7 1.04706
113000 0.55 300.054 166.42 -21119.1 3356.69 -17762.4 54314.3 1.05032
114000 0.55 298.064 12.0525 -21132 3334.43 -17797.6 54458.9 1.04753
115000 0.55 297.332 131.02 -21148.9 3326.24 -17822.7 54239 1.05178
116000 0.55 299.887 149.234 -21233.7 3354.83 -17878.9 53973 1.05696
117000 0.55 300.597 74.2479 -21148.7 3362.77 -17786 54206.3 1.05243
118000 0.55 298.477 -212.636 -21173.3 3339.06 -17834.2 54683.9 1.04322
119000 0.55 298.581 109.226 -21137.6 3340.22 -17797.4 54532.1 1.04613
120000 0.55 299.544 -11.2002 -21080 3350.99 -17729 54640.1 1.04406
121000 0.55 299.334 -269.141 -21101.7 3348.65 -17753 54940.9 1.03835
122000 0.55 298.889 434.146 -21111.4 3343.67 -17767.8 54224.1 1.0521
123000 0.55 301.537 99.533 -21144.5 3373.29 -17771.2 53916.6 1.05807
124000 0.55 301.372 -6.75749 -21115.3 3371.44 -17743.9 54190.7 1.05272
125000 0.55 299.249 -18.4125 -21151.9 3347.69 -17804.2 54191.1 1.05271
126000 0.55 300.864 372.517 -21121.7 3365.76 -17756 54005.2 1.05634
127000 0.55 301.472 -285.921 -21108.6 3372.56 -17736 54783 1.04136
128000 0.55 300.517 -111.72 -21129.3 3361.88 -17767.4 54795 1.04114
129000 0.55 297.851 355.324 -21197 3332.05 -17864.9 53759.9 1.06116
130000 0.55 299.978 -184.208 -21173.5 3355.85 -17817.7 54205.4 1.05244
131000 0.55 297.698 111.166 -21138.6 3330.34 -17808.3 54175.5 1.05302
132000 0.55 300.6 -22.3116 -21145 3362.8 -17782.2 54012.5 1.05619
133000 0.55 299.979 -15.9231 -21190.5 3355.86 -17834.6 54225.1 1.05205
134000 0.55 300.402 114.448 -21150.3 3360.59 -17789.7 54315.3 1.0503
135000 0.55 298.577 -220.282 -21173 3340.18 -17832.8 54598.2 1.04486
136000 0.55 300.522 -53.2188 -21114.7 3361.93 -17752.8 54455.2 1.04761
137000 0.55 300.588 52.9458 -21105.5 3362.67 -17742.8 54215.1 1.05224
138000 0.55 300.351 -2.55016 -21113.8 3360.02 -17753.8 54172.4 1.05307
139000 0.55 301.249 -373.556 -21166.4 3370.06 -17796.3 54263.9 1.0513
140000 0.55 300.894 423.751 -21169.4 3366.09 -17803.3 54068.6 1.0551
141000 0.55 300.971 -35.7702 -21130.6 3366.95 -17763.7 54640.4 1.04406
142000 0.55 299.024 110.636 -21106.6 3345.18 -17761.4 54606.8 1.0447
143000 0.55 300.163 -111.153 -21097.9 3357.92 -17740 54474.6 1.04723
144000 0.55 298.746 129.796 -21218.1 3342.06 -17876.1 54124.4 1.05401
145000 0.55 297.335 141.532 -21189.4 3326.28 -17863.1 53987.1 1.05669
146000 0.55 299.72 -90.8668 -21133.5 3352.96 -17780.6 54172.7 1.05307
147000 0.55 298.962 28.8128 -21078.7 3344.48 -17734.3 54339.1 1.04984
148000 0.55 300.831 -50.4692 -21187.2 3365.39 -17821.9 54180 1.05293
149000 0.55 299.183 382.932 -21147.9 3346.95 -17800.9 54050.8 1.05544
150000 0.55 301.273 -133.745 -21150.1 3370.33 -17779.8 54181.1 1.0529
151000 0.55 299.138 67.5308 -21158.7 3346.45 -17812.2 53888.6 1.05862
152000 0.55 299.974 106.887 -21181.9 3355.8 -17826.1 54107.7 1.05437
153000 0.55 300.267 -194.411 -21178.3 3359.08 -17819.2 54851.6 1.04003
154000 0.55 300.713 119.477 -21158 3364.08 -17793.9 54429.7 1.0481
155000 0.55 301.321 160.035 -21148.2 3370.88 -17777.4 54345.8 1.04971
156000 0.55 299.566 -207.679 -21132.8 3351.24 -17781.6 54622.5 1.0444
157000 0.55 299.588 109.937 -21186.1 3351.49 -17834.6 54328.4 1.05005
158000 0.55 298.546 -37.5459 -21139.8 3339.83 -17800 54319.5 1.05022
159000 0.55 298.13 49.662 -21140.8 3335.17 -17805.6 54403 1.04861
160000 0.55 303.549 86.4049 -21183.3 3395.8 -17787.5 54277.9 1.05103
161000 0.55 300.099 -60.4641 -21093.7 3357.2 -17736.5 54463.5 1.04745
162000 0.55 298.656 -25.8362 -21053 3341.06 -17712 54339.3 1.04985
163000 0.55 298.782 186.923 -21157.2 3342.47 -17814.7 54068.2 1.0551
164000 0.55 300.976 -310.641 -21150.3 3367.01 -17783.3 54169.3 1.05314
165000 0.55 302.56 -101.542 -21131 3384.73 -17746.3 54105.5 1.05437
166000 0.55 301.437 -317.123 -21148.6 3372.17 -17776.4 54467.7 1.04737
167000 0.55 299.202 -75.6318 -21134.3 3347.17 -17787.1 54633.8 1.04418
168000 0.55 299.965 409.389 -21199.3 3355.7 -17843.6 54109.8 1.0543
169000 0.55 300.498 45.0354 -21173.9 3361.66 -17812.2 54212.9 1.0523
170000 0.55 301.53 -353.129 -21138 3373.21 -17764.8 54604 1.04475
171000 0.55 299.006 227.56 -21179.1 3344.98 -17834.1 54142.5 1.05366
172000 0.55 298.309 83.6055 -21181.8 3337.18 -17844.6 54226.1 1.05203
173000 0.55 299.532 -28.1687 -21250.7 3350.86 -17899.8 54402 1.04863
174000 0.55 300.281 -103.847 -21135 3359.24 -17775.7 54571.8 1.04537
175000 0.55 300.666 115.16 -21122.1 3363.55 -17758.6 54449.9 1.04771
176000 0.55 297.87 158.58 -21105.7 3332.27 -17773.4 54063.7 1.05519
177000 0.55 302.07 -53.8831 -21147.7 3379.25 -17768.4 54335.2 1.04993
178000 0.55 300.279 -67.5567 -21182.5 3359.21 -17823.3 54657.4 1.04373
179000 0.55 299.681 -142.169 -21180.7 3352.53 -17828.2 54560.4 1.04558
180000 0.55 300.445 -154.033 -21077.8 3361.07 -17716.7 54517.8 1.04641
181000 0.55 300.469 137.113 -21071.7 3361.34 -17710.4 53896.3 1.05847
182000 0.55 299.894 -107.92 -21132 3354.91 -17777.1 54307.9 1.05046
183000 0.55 299.914 263.706 -21158 3355.13 -17802.8 54702 1.04288
184000 0.55 300.616 -246.04 -21120 3362.98 -17757 55035.7 1.03656
185000 0.55 299.199 327.172 -21126.8 3347.13 -17779.6 54444.1 1.04783
186000 0.55 300.146 66.3973 -21130.1 3357.73 -17772.3 54881.6 1.03948
187000 0.55 300.173 -225.634 -21150.7 3358.03 -17792.7 54889.8 1.03932
188000 0.55 299.059 -94.2619 -21141.8 3345.56 -17796.3 54176.8 1.053
189000 0.55 299.03 -154.253 -21186 3345.24 -17840.7 54002.6 1.05639
190000 0.55 301.2 96.8163 -21139 3369.52 -17769.5 54414 1.0484
191000 0.55 299.739 -204.688 -21113.5 3353.17 -17760.3 54490.7 1.04693
192000 0.55 300.774 210.648 -21123.6 3364.75 -17758.9 53830 1.05978
193000 0.55 299.091 278.231 -21123 3345.92 -17777.1 54100.2 1.05451
194000 0.55 299.914 -72.5368 -21094.2 3355.13 -17739.1 54668.9 1.04351
195000 0.55 301.34 224.997 -21149.7 3371.08 -17778.6 54402.9 1.04861
196000 0.55 300.928 12.5951 -21138.8 3366.48 -17772.3 54584.8 1.04512
197000 0.55 299.387 -0.844017 -21139.4 3349.24 -17790.2 54436.6 1.04796
198000 0.55 299.347 78.9254 -21084.3 3348.79 -17735.5 54215.9 1.05223
199000 0.55 299.948 -4.67828 -21110.1 3355.51 -17754.5 54227.3 1.05201
200000 0.55 296.928 268.937 -21129.7 3321.73 -17808 54152.9 1.05345
201000 0.55 299.266 170.202 -21178.5 3347.88 -17830.7 54059.1 1.05528
202000 0.55 300.208 -213.84 -21133.9 3358.43 -17775.5 54486.7 1.04701
203000 0.55 301.238 -130.982 -21087.2 3369.94 -17717.3 54600.6 1.04482
204000 0.55 300.746 169.302 -21120.7 3364.44 -17756.3 54231 1.05194
205000 0.55 298.922 -336.268 -21132.6 3344.03 -17788.6 54216.9 1.05221
206000 0.55 299.725 -12.6975 -21099.2 3353.02 -17746.2 54241.4 1.05173
207000 0.55 299.938 -73.4782 -21165.6 3355.4 -17810.2 54271.2 1.05116
208000 0.55 298.796 -40.0149 -21156.4 3342.63 -17813.8 54222 1.05211
209000 0.55 301.17 -40.5934 -21203.3 3369.19 -17834.1 54123 1.05403
210000 0.55 301.701 -78.4571 -21165.4 3375.12 -17790.3 54530.6 1.04616
211000 0.55 301.527 -162.165 -21132.8 3373.18 -17759.6 54768.3 1.04162
212000 0.55 300.776 -218.187 -21112.5 3364.77 -17747.7 54654.3 1.04379
213000 0.55 299.793 95.0725 -21129.9 3353.78 -17776.2 54234.8 1.05186
214000 0.55 296.513 -1.00984 -21159.9 3317.08 -17842.8 54058.5 1.0553
215000 0.55 297.554 -68.5309 -21136.9 3328.73 -17808.1 54018.3 1.05608
216000 0.55 300.306 14.5859 -21101.2 3359.52 -17741.7 54585.4 1.04511
217000 0.55 299.342 -429.287 -21106.1 3348.74 -17757.4 54620.7 1.04445
218000 0.55 300.12 89.0293 -21178 3357.44 -17820.6 53670 1.06294
219000 0.55 297.918 167.132 -21149.6 3332.8 -17816.8 53958.8 1.05725
220000 0.55 300.203 288.091 -21153.7 3358.36 -17795.3 54184.3 1.05284
221000 0.55 300.104 66.0028 -21190.7 3357.25 -17833.4 54132.1 1.05386
222000 0.55 301.033 -130.241 -21138.8 3367.65 -17771.1 54440.8 1.04789
223000 0.55 300.008 9.76018 -21140.4 3356.19 -17784.2 54722.4 1.04249
224000 0.55 298.874 259.298 -21168.2 3343.5 -17824.7 54427.7 1.04814
225000 0.55 301.308 -69.842 -21206.4 3370.72 -17835.7 54513.3 1.04649
226000 0.55 296.864 -107.327 -21183.6 3321.01 -17862.6 54463.7 1.04744
227000 0.55 298.805 -29.5876 -21152.8 3342.72 -17810.1 54363.2 1.04938
228000 0.55 299.437 21.9796 -21134.6 3349.8 -17784.8 53998 1.05647
229000 0.55 300.143 -301.999 -21150.8 3357.7 -17793.1 54348 1.04968
230000 0.55 299.074 174.036 -21156.4 3345.74 -17810.7 54125 1.054
231000 0.55 300.63 -142.824 -21151.9 3363.14 -17788.8 54477.3 1.04719
232000 0.55 300.59 153.636 -21216.2 3362.69 -17853.5 54772.3 1.04154
233000 0.55 300.862 17.1996 -21179.8 3365.74 -17814.1 54679.8 1.0433
234000 0.55 301.034 289.978 -21190.2 3367.66 -17822.6 54275.8 1.05107
235000 0.55 299.809 -27.8348 -21118 3353.96 -17764.1 54484.9 1.04703
236000 0.55 298.508 -49.8163 -21179.5 3339.4 -17840.1 54065.6 1.05517
237000 0.55 300.851 29.0349 -21195.1 3365.61 -17829.5 53909.4 1.05822
238000 0.55 299.542 -309.809 -21077.2 3350.97 -17726.2 54410.9 1.04846
239000 0.55 301.323 45.6105 -21172.2 3370.9 -17801.3 54455.7 1.04759
240000 0.55 300.513 53.4535 -21103.3 3361.84 -17741.5 54472.1 1.04728
241000 0.55 301.864 35.8953 -21092.3 3376.95 -17715.3 54359 1.04946
242000 0.55 301.201 244.23 -21212.9 3369.53 -17843.3 54054.3 1.05537
243000 0.55 301.264 -288.388 -21196.4 3370.24 -17826.1 54279.4 1.051
244000 0.55 299.659 82.7486 -21120.1 3352.28 -17767.8 54420.5 1.04827
245000 0.55 300.688 -82.0255 -21178.2 3363.79 -17814.4 54664.8 1.04359
246000 0.55 298.062 16.46 -21175.9 3334.42 -17841.5 54550.1 1.04579
247000 0.55 298.536 348.384 -21153.2 3339.71 -17813.4 53818.5 1.06001
248000 0.55 301.606 99.1612 -21162.9 3374.06 -17788.8 54104.6 1.05442
249000 0.55 298.177 28.3415 -21124.2 3335.7 -17788.5 54616.6 1.04451
250000 0.55 300.28 -19.5553 -21169 3359.22 -17809.8 54572.9 1.04534
251000 0.55 302.243 48.0993 -21169.6 3381.19 -17788.4 54419.2 1.0483
252000 0.55 298.778 185.934 -21183.3 3342.42 -17840.9 54293.6 1.05072
253000 0.55 299.249 -322.495 -21161.6 3347.69 -17813.9 54733.5 1.04229
254000 0.55 299.865 100.619 -21157.1 3354.58 -17802.6 54493 1.0469
255000 0.55 300.921 -108.954 -21191.1 3366.4 -17824.7 54041.2 1.05563
256000 0.55 299.779 -174.191 -21133.3 3353.62 -17779.7 54171.1 1.0531
257000 0.55 299.338 11.134 -21227.6 3348.69 -17878.9 54419.7 1.04829
258000 0.55 298.473 -309.562 -21191.5 3339.01 -17852.5 54593.3 1.04495
259000 0.55 298.997 145.879 -21134.3 3344.88 -17789.4 54175.1 1.05303
260000 0.55 299.646 -53.4323 -21171.3 3352.13 -17819.2 53925.8 1.05789
261000 0.55 299.224 -153.883 -21123 3347.41 -17775.6 54052.5 1.05541
262000 0.55 299.5 408.744 -21134.4 3350.51 -17783.9 53803.6 1.06029
263000 0.55 299.894 -279.374 -21107 3354.91 -17752.1 54509.6 1.04657
264000 0.55 299.022 48.5845 -21067.5 3345.16 -17722.3 54279 1.05103
265000 0.55 299.468 214.978 -21145.3 3350.15 -17795.1 53704.9 1.06224
266000 0.55 299.28 21.0263 -21165.7 3348.03 -17817.7 53997.4 1.0565
267000 0.55 301.422 -62.3034 -21096.2 3372 -17724.2 54454.6 1.04762
268000 0.55 300.831 243.88 -21166.6 3365.39 -17801.2 54465.1 1.04741
269000 0.55 298.57 -7.02638 -21120 3340.1 -17779.9 54782.3 1.04135
270000 0.55 300.593 62.9125 -21190.6 3362.72 -17827.8 54225.7 1.05205
271000 0.55 300.123 67.9244 -21165.3 3357.47 -17807.9 53843.6 1.0595
272000 0.55 298.187 -13.3743 -21169.4 3335.82 -17833.5 54261.1 1.05137
273000 0.55 299.453 -70.5406 -21179.1 3349.98 -17829.1 54763.4 1.04171
274000 0.55 300.362 -76.2508 -21149.8 3360.14 -17789.7 54720.8 1.04252
275000 0.55 300.249 314.167 -21155.8 3358.88 -17796.9 54324.1 1.05014
276000 0.55 300.596 -178.854 -21072.3 3362.76 -17709.6 54211.8 1.05231
277000 0.55 298.289 -250.682 -21173.5 3336.96 -17836.5 54141.2 1.05368
278000 0.55 298.217 -102.886 -21203.3 3336.15 -17867.2 53881 1.05878
279000 0.55 300.571 232.548 -21180.8 3362.48 -17818.3 53953.1 1.05738
280000 0.55 300.612 -136.59 -21125.4 3362.94 -17762.5 54463.9 1.04744
281000 0.55 297.951 -7.5088 -21238.2 3333.17 -17905 54106.8 1.05435
282000 0.55 300.99 67.9738 -21229.2 3367.16 -17862 54207.6 1.05239
283000 0.55 300.22 -135.064 -21185 3358.56 -17826.5 54327.2 1.05007
284000 0.55 300.858 -76.579 -21242.9 3365.69 -17877.2 54260.6 1.05137
285000 0.55 300.91 -68.1476 -21213.6 3366.27 -17847.3 54006.1 1.05632
286000 0.55 299.117 -199.477 -21209.9 3346.22 -17863.7 54299 1.05063
287000 0.55 300.185 49.0061 -21201.6 3358.16 -17843.4 54431.6 1.04806
288000 0.55 298.831 56.5423 -21131.9 3343.02 -17788.9 54216.7 1.05221
289000 0.55 300.789 -161.873 -21153.3 3364.92 -17788.4 54391.8 1.04883
290000 0.55 300.875 154.279 -21215 3365.89 -17849.1 54581.5 1.04518
291000 0.55 298.356 -132.434 -21093.2 3337.7 -17755.5 54739.1 1.04217
292000 0.55 301.146 148.569 -21141.3 3368.91 -17772.4 54577.1 1.04527
293000 0.55 301.579 151.09 -21122.2 3373.76 -17748.4 54500.3 1.04674
294000 0.55 301.483 -289.014 -21131.4 3372.69 -17758.7 54657.4 1.04373
295000 0.55 300.107 -30.3321 -21110.4 3357.29 -17753.2 54216.2 1.05223
296000 0.55 300.248 43.3171 -21103.5 3358.87 -17744.6 53780.7 1.06074
297000 0.55 300.612 -202.198 -21176.3 3362.94 -17813.4 54072.8 1.05503
298000 0.55 299.379 35.4027 -21122.7 3349.15 -17773.5 54721.8 1.04251
299000 0.55 299.553 164.691 -21183.4 3351.1 -17832.3 54479.9 1.04714
300000 0.55 299.979 -166.823 -21169.9 3355.86 -17814 54574.2 1.04532
301000 0.55 301.17 37.2535 -21081.8 3369.18 -17712.7 54313.3 1.05037
302000 0.55 300.086 106.444 -21176.1 3357.05 -17819.1 54101.4 1.05446
303000 0.55 299.044 24.7427 -21175.9 3345.39 -17830.5 54184.9 1.05283
304000 0.55 301.017 -5.41432 -21151.3 3367.47 -17783.8 54458.4 1.04755
305000 0.55 300.17 -132.614 -21114.3 3358 -17756.3 54764.9 1.04169
306000 0.55 298.141 -65.6245 -21125.3 3335.29 -17790 54683.8 1.04324
307000 0.55 300.45 23.6325 -21157.4 3361.13 -17796.3 54646.4 1.04395
308000 0.55 298.525 -105.233 -21202.4 3339.6 -17862.8 54121.7 1.0541
309000 0.55 298.551 -88.4555 -21146.8 3339.88 -17806.9 54438.1 1.04794
310000 0.55 299.211 44.6154 -21129.6 3347.27 -17782.3 54260.3 1.05137
311000 0.55 298.953 -55.766 -21147.4 3344.38 -17803.1 54534.1 1.0461
312000 0.55 298.811 0.804364 -21199.8 3342.8 -17857 54497.8 1.0468
313000 0.55 300.066 12.4141 -21174.2 3356.83 -17817.4 54544.6 1.04589
314000 0.55 299.605 -184.89 -21131.7 3351.67 -17780 54664.8 1.04361
315000 0.55 300.194 71.0033 -21134.2 3358.27 -17776 54397.3 1.04873
316000 0.55 300.592 -57.0339 -21199.6 3362.72 -17836.9 53794.4 1.06051
317000 0.55 300.146 -11.8813 -21172.8 3357.73 -17815.1 53955.7 1.05731
318000 0.55 300.97 -202.036 -21120.3 3366.95 -17753.4 54580.2 1.04521
319000 0.55 300.075 5.80432 -21141.7 3356.94 -17784.8 54128.5 1.05394
320000 0.55 301.221 -176.781 -21130.2 3369.76 -17760.5 54717.1 1.0426
321000 0.55 300.76 -151.715 -21143.6 3364.59 -17779 54227.2 1.05205
322000 0.55 301.235 -130.383 -21111.7 3369.91 -17741.8 54306.3 1.0505
323000 0.55 299.53 -249.152 -21138.3 3350.84 -17787.4 54587.8 1.04507
324000 0.55 300.745 -198.354 -21210.2 3364.43 -17845.8 54289.1 1.05081
325000 0.55 300.502 -11.9118 -21165.7 3361.71 -17804 54532.8 1.04612
326000 0.55 299.367 -0.611005 -21138.3 3349.02 -17789.2 54045.1 1.05557
327000 0.55 299.854 -70.0697 -21141.6 3354.46 -17787.2 54487.5 1.04699
328000 0.55 300.401 25.0179 -21172.4 3360.58 -17811.8 54301.3 1.05058
329000 0.55 299.834 -194.567 -21179.2 3354.24 -17824.9 53930.3 1.0578
330000 0.55 299.084 10.2055 -21146.8 3345.84 -17801 54344.7 1.04975
331000 0.55 299.516 83.3697 -21146.8 3350.68 -17796.1 54081.6 1.05485
332000 0.55 300.421 -96.208 -21151.9 3360.8 -17791.1 54490.5 1.04693
333000 0.55 299.753 -45.9437 -21155.8 3353.34 -17802.4 54289.6 1.05083
334000 0.55 300.452 -301.743 -21137 3361.15 -17775.9 54529 1.04621
335000 0.55 300.736 43.9487 -21125 3364.33 -17760.6 54572.3 1.04537
336000 0.55 299.615 132.285 -21193.5 3351.78 -17841.7 54713.8 1.04266
337000 0.55 299.468 -123.716 -21257.9 3350.14 -17907.8 54247.1 1.05163
338000 0.55 299.602 60.1082 -21162.1 3351.64 -17810.4 54366.4 1.04932
339000 0.55 299.677 43.5885 -21068.8 3352.48 -17716.3 54332.4 1.05001
340000 0.55 301.454 187.342 -21180 3372.36 -17807.6 54446 1.04783
341000 0.55 299.424 72.552 -21188.8 3349.65 -17839.1 54722.1 1.04251
342000 0.55 299.67 78.3514 -21149.5 3352.41 -17797.1 54257.7 1.05149
343000 0.55 299.377 157.708 -21194 3349.13 -17844.8 54427 1.04818
344000 0.55 300.49 36.8444 -21129.6 3361.57 -17768 54482.7 1.04708
345000 0.55 301.064 143.54 -21103.4 3367.99 -17735.4 54661.6 1.04366
346000 0.55 299.742 -2.78344 -21168.4 3353.21 -17815.2 54344 1.04975
347000 0.55 299.267 -11.1731 -21189.2 3347.89 -17841.3 54465.2 1.04743
348000 0.55 300.869 102.958 -21186.1 3365.81 -17820.3 53971.9 1.05699
349000 0.55 299.859 174.295 -21236.8 3354.51 -17882.3 54167 1.05319
350000 0.55 300.914 -182.462 -21225.3 3366.31 -17859 54771.7 1.04155
351000 0.55 299.11 318.52 -21251.9 3346.14 -17905.8 53976.4 1.05691
352000 0.55 299.502 -105.494 -21160.5 3350.52 -17810 54257.7 1.05142
353000 0.55 300.137 -21.3057 -21202.6 3357.63 -17845 54129.9 1.05391
354000 0.55 299.591 136.158 -21156.3 3351.52 -17804.8 53976.1 1.05691
355000 0.55 300.707 -50.4628 -21117.1 3364 -17753.1 54303.6 1.05058
356000 0.55 300.619 91.7351 -21162 3363.01 -17799 54360.1 1.04947
357000 0.55 299.136 -107.125 -21154.4 3346.43 -17808 54505.5 1.04665
358000 0.55 298.887 -132.335 -21113.6 3343.64 -17769.9 54295.2 1.05071
359000 0.55 300.364 39.7214 -21116 3360.17 -17755.8 54073.1 1.05501
360000 0.55 300.598 112.704 -21122.9 3362.78 -17760.1 54330.1 1.05002
361000 0.55 300.459 218.797 -21143.3 3361.23 -17782.1 54308.9 1.05044
362000 0.55 299.169 -113.548 -21167.5 3346.8 -17820.7 54477.3 1.04719
363000 0.55 299.901 1.48459 -21174.3 3354.99 -17819.3 54050.4 1.05547
364000 0.55 299.738 161.14 -21113.3 3353.16 -17760.1 54606.9 1.04471
365000 0.55 301.189 -23.0656 -21103 3369.4 -17733.6 54513.8 1.04649
366000 0.55 301.216 28.5917 -21152.1 3369.69 -17782.4 54137.2 1.05377
367000 0.55 298.082 -192.453 -21180.8 3334.64 -17846.1 54201.4 1.05253
368000 0.55 298.356 -115.037 -21237.2 3337.71 -17899.5 54636.1 1.04417
369000 0.55 299.716 36.8474 -21232.8 3352.91 -17879.8 54403.5 1.04862
370000 0.55 297.988 -27.3216 -21235 3333.59 -17901.4 54486 1.04703
371000 0.55 298.559 82.5219 -21237.6 3339.98 -17897.7 54539.5 1.046
372000 0.55 300.02 -232.676 -21160.9 3356.32 -17804.5 54389 1.04889
373000 0.55 297.303 204.935 -21085.8 3325.92 -17759.9 53938.4 1.05765
374000 0.55 300.81 288.984 -21100.7 3365.16 -17735.5 54094.4 1.05459
375000 0.55 302.965 -80.5403 -21182.8 3389.26 -17793.5 54438.5 1.04793
376000 0.55 301.132 76.9562 -21087 3368.76 -17718.2 54383.7 1.04899
377000 0.55 299.6 -26.5822 -21105.2 3351.62 -17753.6 54253.3 1.05151
378000 0.55 300.016 -117.035 -21119.4 3356.28 -17763.1 54313.9 1.05035
379000 0.55 301.949 -193.656 -21152.1 3377.9 -17774.2 54530.9 1.04616
380000 0.55 300.946 65.5439 -21132.4 3366.67 -17765.7 54501.3 1.04674
381000 0.55 298.406 132.945 -21107.3 3338.26 -17769 53898.9 1.05844
382000 0.55 300.832 -57.9732 -21144 3365.4 -17778.6 54471.9 1.04731
383000 0.55 298.462 219.128 -21109.3 3338.88 -17770.4 54166.7 1.05324
384000 0.55 301.342 61.0106 -21186.3 3371.11 -17815.2 54035.9 1.05574
385000 0.55 299.505 80.7617 -21159.8 3350.55 -17809.3 53836.9 1.05964
386000 0.55 298.807 -168.042 -21147.7 3342.75 -17804.9 54168.4 1.05316
387000 0.55 298.465 -90.5042 -21171.1 3338.93 -17832.2 54378.1 1.04909
388000 0.55 299.916 88.8972 -21140.7 3355.15 -17785.5 54755.9 1.04187
389000 0.55 300.28 97.7092 -21132.2 3359.22 -17773 54889 1.03933
390000 0.55 299.677 -203.576 -21141.3 3352.48 -17788.8 54334.6 1.05005
391000 0.55 298.523 -99.1586 -21194.8 3339.57 -17855.2 54022.9 1.05599
392000 0.55 298.831 14.3378 -21161.7 3343.01 -17818.7 54234.4 1.05189
393000 0.55 302.557 152.183 -21184.8 3384.7 -17800.1 54391.4 1.04887
394000 0.55 301.281 -89.7956 -21131.8 3370.43 -17761.3 54618.8 1.04447
395000 0.55 300.082 222.446 -21164.8 3357.01 -17807.8 54156.3 1.05339
396000 0.55 300.914 -87.2106 -21202.3 3366.32 -17836 54361.4 1.04942
397000 0.55 300.859 240.005 -21181 3365.71 -17815.3 54072.5 1.05504
398000 0.55 302.091 -103.988 -21175.8 3379.48 -17796.4 54248.4 1.0516
399000 0.55 299.658 -108.306 -21136.3 3352.26 -17784.1 54318.8 1.05027
400000 0.55 300.259 -7.09493 -21071.1 3358.99 -17712.1 54366.3 1.04932
401000 0.55 300.131 113.562 -21112.9 3357.56 -17755.4 53991 1.05661
402000 0.55 300.442 -272.318 -21132.3 3361.04 -17771.3 54367.1 1.04935
403000 0.55 301.826 139.401 -21215.4 3376.52 -17838.9 54195.2 1.05267
404000 0.55 299.286 27.4958 -21169.4 3348.1 -17821.3 54382.1 1.04903
405000 0.55 298.169 10.9462 -21145.3 3335.61 -17809.7 54210.7 1.05234
406000 0.55 300.756 203.144 -21140.4 3364.55 -17775.8 54172.6 1.05307
407000 0.55 301.869 125.025 -21145.8 3377 -17768.8 54121.5 1.05409
408000 0.55 300.227 313.505 -21134.9 3358.63 -17776.3 53544.8 1.06542
409000 0.55 299.453 -190.881 -21096.8 3349.97 -17746.8 54123.1 1.05404
410000 0.55 299.998 -99.9654 -21126.9 3356.07 -17770.9 53910.2 1.0582
411000 0.55 301.366 112.881 -21127.8 3371.37 -17756.4 54129.5 1.05392
412000 0.55 301.237 103.97 -21105.3 3369.94 -17735.3 54306.7 1.05047
413000 0.55 299.539 323.936 -21099.6 3350.94 -17748.7 54400.8 1.04865
414000 0.55 299.52 396.739 -21122.1 3350.72 -17771.4 54189.6 1.05275
415000 0.55 300.566 62.121 -21206.2 3362.43 -17843.7 54220.9 1.05214
416000 0.55 298.485 -122.644 -21159.5 3339.15 -17820.3 54334 1.04997
417000 0.55 299.365 290.21 -21138.8 3348.99 -17789.8 54265.8 1.05128
418000 0.55 300.128 -29.2621 -21208.2 3357.53 -17850.7 54419.6 1.04831
419000 0.55 300.535 -149.158 -21135.3 3362.08 -17773.2 54759.2 1.04184
420000 0.55 301.304 -116.724 -21185.4 3370.68 -17814.7 54121.5 1.05407
421000 0.55 301.548 84.5026 -21126.4 3373.41 -17753 53998.2 1.05649
422000 0.55 299.408 -25.1641 -21117.6 3349.47 -17768.1 54219.2 1.05218
423000 0.55 300.716 -82.6409 -21150.2 3364.1 -17786.1 54525.6 1.04625
424000 0.55 299.49 198.139 -21181.8 3350.39 -17831.4 54400.8 1.04867
425000 0.55 298.337 102.403 -21151 3337.49 -17813.5 54275 1.05109
426000 0.55 301.453 41.8588 -21205.7 3372.35 -17833.4 54258.3 1.05144
427000 0.55 298.192 -171.996 -21143.6 3335.87 -17807.7 54126.8 1.05397
428000 0.55 298.534 -82.2827 -21175.7 3339.69 -17836.1 54316.5 1.05029
429000 0.55 299.66 131.67 -21087.9 3352.29 -17735.6 54296 1.05069
430000 0.55 300.791 3.20563 -21174.4 3364.95 -17809.4 54525.1 1.04627
431000 0.55 299.654 68.3818 -21204.1 3352.22 -17851.9 54368.2 1.04928
432000 0.55 302.352 -78.7522 -21191.5 3382.41 -17809.1 54376.1 1.04919
433000 0.55 299.462 -154.669 -21209.3 3350.08 -17859.3 54569.2 1.04545
434000 0.55 299.432 -82.9919 -21229.3 3349.74 -17879.6 54244.5 1.05168
435000 0.55 297.197 101.908 -21159.2 3324.73 -17834.5 54111.8 1.05426
436000 0.55 301.209 152.235 -21181.9 3369.62 -17812.3 54156.4 1.0534
437000 0.55 299.759 -73.2149 -21186.8 3353.39 -17833.4 54584.7 1.04514
438000 0.55 298.281 138.555 -21210 3336.86 -17873.2 53812.9 1.06012
439000 0.55 299.35 -197.742 -21156.5 3348.82 -17807.7 53836.1 1.05967
440000 0.55 298.475 127.077 -21135.9 3339.03 -17796.9 53838 1.05965
441000 0.55 299.879 -8.20344 -21150.6 3354.74 -17795.8 54444.8 1.04781
442000 0.55 299.927 58.4903 -21095.2 3355.27 -17739.9 53953.7 1.05737
443000 0.55 299.615 -234.044 -21197.7 3351.79 -17845.9 54409.2 1.04849
444000 0.55 300.023 -126.329 -21215.2 3356.35 -17858.9 54233.2 1.0519
445000 0.55 300.955 -175.196 -21200.9 3366.78 -17834.1 54499.2 1.04679
446000 0.55 300.259 56.8017 -21184.5 3358.99 -17825.5 54186.9 1.05282
447000 0.55 298.757 116.19 -21150.7 3342.19 -17808.6 54065.7 1.05516
448000 0.55 301.639 -93.2362 -21148.2 3374.42 -17773.8 54781 1.04139
449000 0.55 299.34 -111.75 -21203.6 3348.71 -17854.9 54650.6 1.04387
450000 0.55 299.567 187.965 -21213.7 3351.25 -17862.4 54451.8 1.04769
451000 0.55 298.879 214.48 -21131.3 3343.55 -17787.8 53930.4 1.05781
452000 0.55 300 18.5811 -21156.8 3356.1 -17800.7 54089.3 1.05471
453000 0.55 301.076 26.2536 -21088.1 3368.13 -17720 54049.7 1.05547
454000 0.55 300.49 -47.6193 -21098.4 3361.57 -17736.8 54506.4 1.04668
455000 0.55 299.865 113.913 -21179.5 3354.58 -17824.9 54086.4 1.05476
456000 0.55 298.7 -94.4608 -21149.7 3341.55 -17808.1 54228.3 1.052
457000 0.55 299.386 151.311 -21185.4 3349.23 -17836.2 54343.2 1.04978
458000 0.55 299.551 128.471 -21108.6 3351.08 -17757.5 54186.4 1.05281
459000 0.55 300.375 13.6119 -21147.5 3360.29 -17787.2 54317.5 1.05028
460000 0.55 301.122 -45.7423 -21215.7 3368.65 -17847.1 54034 1.05578
461000 0.55 300.222 -229.831 -21212.7 3358.58 -17854.1 53984.8 1.05674
462000 0.55 297.71 -142.717 -21209.8 3330.48 -17879.3 54312.9 1.05035
463000 0.55 298.996 -67.8356 -21190.4 3344.87 -17845.6 54283.1 1.05093
464000 0.55 298.652 -47.5574 -21117.3 3341.01 -17776.3 54296.5 1.05067
465000 0.55 300.556 -17.3396 -21119.2 3362.31 -17756.9 53817.3 1.06009
466000 0.55 300.819 -58.1717 -21138.8 3365.26 -17773.6 54139.8 1.05371
467000 0.55 298.887 -31.0065 -21159.9 3343.64 -17816.3 54482.6 1.04709
468000 0.55 299.953 1.54752 -21151.2 3355.57 -17795.6 53828.2 1.05981
469000 0.55 299.415 228.335 -21145.6 3349.55 -17796 53947.7 1.05747
470000 0.55 299.293 27.1489 -21196.8 3348.19 -17848.6 53961.7 1.05719
471000 0.55 299.461 8.59036 -21154.1 3350.06 -17804.1 54099.2 1.05452
472000 0.55 300.166 85.9198 -21139.7 3357.95 -17781.8 54214 1.05227
473000 0.55 299.006 140.747 -21178.9 3344.97 -17833.9 54186.3 1.05282
474000 0.55 297.511 -145.025 -21154.9 3328.25 -17826.6 54344.5 1.04977
475000 0.55 300.222 137.706 -21177.1 3358.57 -17818.5 54208.6 1.05239
476000 0.55 299.833 -11.5843 -21161.5 3354.22 -17807.3 54488.8 1.04696
477000 0.55 299.188 48.8085 -21178.3 3347.01 -17831.3 54097.6 1.05454
478000 0.55 299.942 -140.761 -21191.4 3355.44 -17835.9 54239.5 1.05177
479000 0.55 301.02 -92.0888 -21217 3367.5 -17849.5 54393.4 1.0488
480000 0.55 300.414 -14.7584 -21193.1 3360.72 -17832.3 54637.9 1.04412
481000 0.55 300.733 -126.695 -21139.7 3364.29 -17775.4 54027.2 1.05592
482000 0.55 299.057 -59.3483 -21155.5 3345.55 -17809.9 54270.8 1.05117
483000 0.55 301.65 48.785 -21191.3 3374.56 -17816.8 54481.5 1.04714
484000 0.55 298.359 -186.959 -21149.6 3337.74 -17811.9 54607.5 1.04469
485000 0.55 300.13 -103.042 -21179 3357.55 -17821.4 54025.5 1.05594
486000 0.55 301.219 -82.8479 -21156.7 3369.73 -17786.9 54152.7 1.05346
487000 0.55 299.8 3.64409 -21218.1 3353.86 -17864.2 54241.6 1.05176
488000 0.55 299.727 -38.7835 -21168.5 3353.05 -17815.4 54578.1 1.04529
489000 0.55 300.104 40.0412 -21095.3 3357.26 -17738 54140.7 1.0537
490000 0.55 300.495 -115.611 -21123.3 3361.63 -17761.7 54408.4 1.04851
491000 0.55 300.46 -93.5823 -21176.4 3361.25 -17815.2 54285.6 1.05089
492000 0.55 298.565 -13.9955 -21216.6 3340.04 -17876.6 54351 1.04962
493000 0.55 301.11 -37.6246 -21154.3 3368.51 -17785.8 54448.2 1.04777
494000 0.55 299.293 -84.981 -21176.5 3348.19 -17828.3 54392 1.04884
495000 0.55 299.293 268.249 -21085.2 3348.18 -17737 54403.6 1.04863
496000 0.55 300.858 258.802 -21201.2 3365.69 -17835.5 54221 1.05214
497000 0.55 299.035 -19.3261 -21230.5 3345.29 -17885.2 54049.1 1.05549
498000 0.55 298.622 140.269 -21245.1 3340.68 -17904.5 54259.2 1.05141
499000 0.55 301.159 204.113 -21179.2 3369.06 -17810.2 54439.1 1.04794
500000 0.55 300.795 167.675 -21147.5 3364.99 -17782.5 54314.7 1.05034
501000 0.55 300.959 54.6392 -21088.8 3366.83 -17721.9 54089 1.0547
502000 0.55 301.098 -24.1429 -21125.5 3368.38 -17757.1 54147.9 1.05357
503000 0.55 302.013 -138.496 -21107.2 3378.61 -17728.5 54085.9 1.05477
504000 0.55 301.749 -174.5 -21211.1 3375.67 -17835.4 53827.3 1.05984
505000 0.55 298.531 -31.7637 -21182.7 3339.66 -17843 53980.8 1.05683
506000 0.55 300.964 232.626 -21156.5 3366.88 -17789.7 54344.2 1.04976
507000 0.55 301.561 -135.507 -21192.1 3373.56 -17818.5 54618.7 1.04448
508000 0.55 299.717 131.22 -21169.2 3352.93 -17816.3 54527.3 1.04623
509000 0.55 300.305 51.9949 -21160.8 3359.51 -17801.3 53962.3 1.0572
510000 0.55 298.292 -71.995 -21184.9 3336.99 -17847.9 54077.6 1.05492
511000 0.55 302.364 146.927 -21169 3382.54 -17786.4 54176.1 1.053
512000 0.55 300.412 -17.0073 -21193.5 3360.7 -17832.8 54112.1 1.05429
513000 0.55 298.2 12.8561 -21144.9 3335.96 -17809 54567.1 1.04546
514000 0.55 299.799 131.572 -21162 3353.85 -17808.1 54675.9 1.04339
515000 0.55 301.813 -74.452 -21110.9 3376.38 -17734.5 54088.3 1.05479
516000 0.55 300.01 -34.3188 -21125.2 3356.21 -17769 54246.3 1.05165
517000 0.55 300.337 28.2444 -21190.5 3359.87 -17830.7 54446.6 1.04777
518000 0.55 299.545 -138.95 -21145.5 3351 -17794.5 54757 1.04183
519000 0.55 299.323 4.77052 -21187.3 3348.52 -17838.8 54494.9 1.04685
520000 0.55 300.326 85.3096 -21098.9 3359.74 -17739.2 54047.8 1.05551
521000 0.55 301.418 -227.558 -21148.4 3371.96 -17776.4 54372.1 1.04924
522000 0.55 301.464 94.2109 -21196.7 3372.47 -17824.3 54670.7 1.0435
523000 0.55 300.702 160.804 -21170.7 3363.94 -17806.8 54066.3 1.05517
524000 0.55 299.607 -162.093 -21113.4 3351.7 -17761.7 54000.9 1.05642
525000 0.55 299.464 -51.5673 -21087.1 3350.1 -17737 54247 1.05163
526000 0.55 300.981 31.0149 -21186 3367.07 -17818.9 54355.5 1.04954
527000 0.55 300.38 187.967 -21156.5 3360.34 -17796.2 54437.9 1.04798
528000 0.55 300.263 -39.7069 -21163.1 3359.04 -17804 54480 1.04715
529000 0.55 300.596 2.81538 -21138 3362.76 -17775.2 54501.8 1.04672
530000 0.55 299.133 6.67727 -21120.3 3346.39 -17773.9 54633.1 1.04422
531000 0.55 301.258 -13.5556 -21273.1 3370.17 -17903 54215.1 1.05226
532000 0.55 300.827 -129.472 -21228.8 3365.34 -17863.5 54667.2 1.04357
533000 0.55 298.806 192.765 -21222.5 3342.74 -17879.8 54257.5 1.05142
534000 0.55 300.086 -69.599 -21162.7 3357.05 -17805.7 54157.9 1.05336
535000 0.55 301.735 -116.139 -21195.8 3375.51 -17820.3 54245.4 1.05166
536000 0.55 301.336 42.7301 -21161.1 3371.04 -17790.1 54233.5 1.05189
537000 0.55 300.26 -325.002 -21151.7 3359.01 -17792.7 54029.5 1.05586
538000 0.55 298.803 -151.927 -21145.5 3342.7 -17802.8 54304.6 1.05051
539000 0.55 300.45 -154.457 -21125.8 3361.13 -17764.6 54431.8 1.04806
540000 0.55 299.907 17.898 -21184.2 3355.05 -17829.2 54113.3 1.05423
541000 0.55 301.877 6.59427 -21203.6 3377.09 -17826.5 54161 1.05331
542000 0.55 300.814 -145.337 -21127.3 3365.2 -17762.1 54523.1 1.04633
543000 0.55 301.177 -223.942 -21157 3369.26 -17787.7 54343.5 1.04976
544000 0.55 300.806 -108.257 -21155.9 3365.11 -17790.8 54100.6 1.05448
545000 0.55 299.184 107.873 -21127.6 3346.96 -17780.7 54376.1 1.04915
546000 0.55 299.756 44.2444 -21070.1 3353.37 -17716.7 54105.5 1.05439
547000 0.55 300.503 -115.002 -21107.5 3361.72 -17745.8 54240.2 1.05178
548000 0.55 300.981 93.9306 -21142.2 3367.07 -17775.1 54215.8 1.05224
549000 0.55 298.988 110.338 -21199.8 3344.77 -17855 54256.1 1.05146
550000 0.55 301.039 -151.425 -21184.1 3367.72 -17816.4 54679.9 1.04335
551000 0.55 300.206 68.624 -21180.2 3358.4 -17821.9 54757 1.04185
552000 0.55 298.694 -163.889 -21140.9 3341.48 -17799.4 54411.6 1.04845
553000 0.55 300.315 -80.7328 -21148.3 3359.62 -17788.7 54294.4 1.05072
554000 0.55 299.023 50.0961 -21197.1 3345.17 -17852 54144.9 1.05361
555000 0.55 300.796 65.2396 -21185.2 3365 -17820.2 54428.8 1.04812
556000 0.55 298.799 29.3688 -21131.9 3342.66 -17789.3 54397.7 1.04874
557000 0.55 301.314 -145.93 -21164.8 3370.79 -17794 54237.7 1.05182
558000 0.55 300.186 -118.427 -21161.8 3358.17 -17803.6 54078.1 1.05492
559000 0.55 300.045 123.093 -21217 3356.6 -17860.4 54385.3 1.04895
560000 0.55 300.167 134.12 -21217.5 3357.96 -17859.6 54182 1.05289
561000 0.55 299.93 148.615 -21163.7 3355.31 -17808.4 54292.6 1.05077
562000 0.55 300.438 -291.511 -21143.2 3360.99 -17782.2 54257.1 1.05144
563000 0.55 302.603 -37.8151 -21148.5 3385.22 -17763.3 54219.7 1.05217
564000 0.55 299.322 168.329 -21155.6 3348.5 -17807.1 53645.7 1.06342
565000 0.55 299.34 181.884 -21094.4 3348.71 -17745.7 53976.3 1.05691
566000 0.55 299.406 -147.029 -21061.8 3349.44 -17712.3 54301.8 1.05056
567000 0.55 300.684 47.6276 -21142.7 3363.74 -17778.9 54415.8 1.04837
568000 0.55 299.213 279.711 -21117.2 3347.29 -17769.9 54306.9 1.05047
569000 0.55 299.621 88.1073 -21100.8 3351.86 -17748.9 54220.6 1.05215
570000 0.55 298.414 -27.1349 -21106 3338.35 -17767.6 54326.5 1.0501
571000 0.55 300.693 -44.0091 -21128.6 3363.84 -17764.8 54453 1.04767
572000 0.55 300.229 -18.2673 -21105.3 3358.66 -17746.7 54427.8 1.04814
573000 0.55 300.077 -148.551 -21177.1 3356.96 -17820.1 54432.6 1.04804
574000 0.55 301.844 112.626 -21264 3376.72 -17887.3 54012.2 1.05622
575000 0.55 300.631 -50.3234 -21178.2 3363.15 -17815.1 54205.4 1.05245
576000 0.55 301.191 94.0789 -21128.5 3369.42 -17759.1 53721.6 1.06193
577000 0.55 299.109 101.105 -21100.3 3346.13 -17754.2 53990.9 1.05662
578000 0.55 299.114 -5.08682 -21173.5 3346.18 -17827.3 53851.8 1.05934
579000 0.55 300.244 -88.4821 -21181.8 3358.83 -17822.9 54151.4 1.05349
580000 0.55 299.456 -107.42 -21187.1 3350 -17837.1 54212.1 1.05234
581000 0.55 299.356 255.109 -21192.4 3348.89 -17843.5 54036.3 1.05576
582000 0.55 302.627 -234.997 -21166.1 3385.48 -17780.7 54329.3 1.05004
583000 0.55 298.47 -58.7058 -21137.2 3338.98 -17798.2 54132.6 1.05385
584000 0.55 300.425 188.264 -21173.5 3360.85 -17812.7 54192.4 1.05269
585000 0.55 301.624 -164.544 -21153.3 3374.27 -17779 54324.7 1.05013
586000 0.55 298.459 24.0404 -21141.8 3338.86 -17803 53951.9 1.05739
587000 0.55 302.914 -289.89 -21139.3 3388.7 -17750.6 54332.7 1.04998
588000 0.55 298.693 -138.619 -21196.1 3341.47 -17854.7 54500.7 1.04673
589000 0.55 301.509 30.993 -21120.5 3372.97 -17747.5 54333.7 1.04996
590000 0.55 300.095 28.9677 -21163.7 3357.16 -17806.6 54090.4 1.05469
591000 0.55 300.026 -53.5289 -21167.5 3356.38 -17811.2 54404.9 1.04858
592000 0.55 300.981 -60.4133 -21096.2 3367.07 -17729.2 54437.5 1.04795
593000 0.55 300.111 4.13276 -21114.5 3357.33 -17757.1 54708.5 1.04276
594000 0.55 299.101 -44.8278 -21133.1 3346.04 -17787 54078.9 1.05493
595000 0.55 301.004 -63.3213 -21201.4 3367.32 -17834.1 54390.8 1.04886
596000 0.55 301.358 -34.5318 -21115.6 3371.29 -17744.3 54318.6 1.0503
597000 0.55 301.875 -183.408 -21115 3377.07 -17737.9 54190 1.05274
598000 0.55 299.682 -12.8534 -21147.2 3352.54 -17794.7 54234.5 1.05187
599000 0.55 302.31 75.2023 -21086.6 3381.94 -17704.7 54287 1.05086
600000 0.55 300.418 45.7791 -21205 3360.77 -17844.2 54210.1 1.05234
