# Time-averaged data for fix thermo_avg
# TimeStep v_epsilon_co v_temp v_press v_pe v_ke v_etotal v_vol v_dens
601000 0.55 299.446 -58.1008 -21229.9 3349.89 -17880 54621.3 1.04443
602000 0.55 298.842 -121.719 -21162.8 3343.14 -17819.7 54461 1.04751
603000 0.55 299.114 148.386 -21147.5 3346.18 -17801.3 54289.6 1.05086
604000 0.55 298.878 16.0523 -21158.7 3343.54 -17815.1 54054.8 1.05537
605000 0.55 300.342 -106.671 -21123.1 3359.92 -17763.2 54398 1.04873
606000 0.55 300.483 278.333 -21157.3 3361.5 -17795.8 54470.6 1.04732
607000 0.55 299.429 -231.645 -21117.8 3349.7 -17768.1 54665.5 1.04359
608000 0.55 301.699 39.1343 -21185.5 3375.1 -17810.4 54721 1.04254
609000 0.55 300.269 98.7906 -21158.5 3359.1 -17799.4 54575.9 1.0453
610000 0.55 302.326 -96.8664 -21141.4 3382.12 -17759.3 54296.5 1.05068
611000 0.55 298.907 -22.2348 -21167.3 3343.87 -17823.4 54264.5 1.05132
612000 0.55 300.625 -91.9644 -21159.2 3363.09 -17796.1 54213.9 1.05228
613000 0.55 299.493 -23.8519 -21147.6 3350.42 -17797.1 54026.5 1.05597
614000 0.55 298.156 3.28256 -21168.4 3335.47 -17832.9 54024.4 1.05597
615000 0.55 301.308 -78.6581 -21208.9 3370.72 -17838.2 54115.4 1.0542
616000 0.55 298.921 58.1962 -21174.7 3344.02 -17830.7 54231.8 1.05195
617000 0.55 300.395 15.7908 -21128.5 3360.52 -17768 54373.9 1.0492
618000 0.55 299.611 193.689 -21108.7 3351.74 -17756.9 54049 1.05549
619000 0.55 296.703 -36.6092 -21168.5 3319.21 -17849.3 54314.4 1.05035
620000 0.55 298.905 160.831 -21155.9 3343.84 -17812 54435.6 1.048
621000 0.55 298.823 57.466 -21144.1 3342.93 -17801.2 54293.6 1.05073
622000 0.55 300.486 167.167 -21158.1 3361.53 -17796.6 54322.1 1.05019
623000 0.55 300.032 26.0843 -21104.5 3356.45 -17748 54155.9 1.05348
624000 0.55 300.444 -176.712 -21153.9 3361.06 -17792.9 54406.2 1.04856
625000 0.55 300.252 56.0135 -21170 3358.91 -17811.1 54177 1.05299
626000 0.55 299.892 6.21531 -21133.7 3354.89 -17778.8 54237.7 1.05182
627000 0.55 299.613 21.2866 -21170.9 3351.77 -17819.1 54324.8 1.05013
628000 0.55 298.44 122.085 -21154.6 3338.65 -17816 54507.1 1.04662
629000 0.55 301.744 -213.234 -21137.9 3375.6 -17762.3 54245 1.05169
630000 0.55 300.201 -75.4734 -21162.6 3358.34 -17804.2 54291.4 1.05078
631000 0.55 300.474 72.5304 -21158.1 3361.4 -17796.7 54312.8 1.05037
632000 0.55 299.39 181.15 -21205.8 3349.27 -17856.5 54353.8 1.04956
633000 0.55 302.006 -32.1518 -21166 3378.53 -17787.5 54668 1.04355
634000 0.55 300.068 -141.609 -21214.5 3356.86 -17857.6 54374.3 1.04918
635000 0.55 299.424 -6.09715 -21155.1 3349.65 -17805.4 54449.4 1.04772
636000 0.55 299.814 1.13723 -21141.3 3354.01 -17787.2 54591.6 1.045
637000 0.55 298.609 2.98224 -21140.6 3340.54 -17800.1 54134.6 1.05382
638000 0.55 302.451 85.5076 -21200.5 3383.52 -17817 54295.7 1.05069
639000 0.55 298.237 -103.677 -21135.6 3336.37 -17799.2 54424.2 1.04821
640000 0.55 300.157 23.3484 -21141 3357.85 -17783.1 54288.6 1.05084
641000 0.55 297.658 -32.086 -21098.8 3329.9 -17768.9 54022.3 1.05603
642000 0.55 300.589 98.741 -21140.6 3362.68 -17777.9 54119.9 1.0541
643000 0.55 298.249 112.065 -21142.2 3336.5 -17805.7 54064.2 1.05519
644000 0.55 300.051 -239.33 -21182.5 3356.66 -17825.8 54466.1 1.0474
645000 0.55 300.926 97.5109 -21186.4 3366.45 -17820 54357.7 1.04949
646000 0.55 300.447 -176.035 -21207.5 3361.1 -17846.4 54352.1 1.04961
647000 0.55 299.586 -75.7646 -21143 3351.46 -17791.5 54152.1 1.05351
648000 0.55 301.505 51.9685 -21136.1 3372.93 -17763.1 54428.9 1.04812
649000 0.55 299.864 141.381 -21156.1 3354.57 -17801.5 54402 1.04865
650000 0.55 300.16 55.0192 -21208.5 3357.89 -17850.6 54544.9 1.04591
651000 0.55 302.041 -1.11771 -21202.2 3378.93 -17823.2 54697.8 1.04297
652000 0.55 301.263 -50.1245 -21180 3370.23 -17809.8 54226.4 1.05204
653000 0.55 300.812 -0.782809 -21176.8 3365.18 -17811.6 53959.1 1.05725
654000 0.55 299.617 34.3624 -21131 3351.81 -17779.2 54445.3 1.04782
655000 0.55 302.242 52.9621 -21154.6 3381.17 -17773.4 54523.1 1.04632
656000 0.55 299.732 34.9459 -21203.1 3353.1 -17850 54312.3 1.05038
657000 0.55 299.827 37.3445 -21204.9 3354.16 -17850.7 54389.5 1.04889
658000 0.55 297.708 248.239 -21207.7 3330.46 -17877.2 54316.3 1.0503
659000 0.55 299.145 55.0918 -21163 3346.52 -17816.5 54450.5 1.04772
660000 0.55 300.057 35.7599 -21182.9 3356.74 -17826.1 54470.3 1.04734
661000 0.55 298.948 58.3298 -21192.3 3344.32 -17847.9 54131.4 1.05388
662000 0.55 301.017 128.86 -21215.1 3367.48 -17847.6 54419.6 1.04831
663000 0.55 300.65 -24.1424 -21188.2 3363.36 -17824.9 54315.2 1.05031
664000 0.55 300.312 -6.22069 -21214.2 3359.59 -17854.6 54305.3 1.05053
665000 0.55 298.437 139.716 -21099.1 3338.61 -17760.5 54492.6 1.04692
666000 0.55 300.527 170.601 -21208 3361.98 -17846 54710.3 1.04272
667000 0.55 301.651 94.5209 -21188.3 3374.57 -17813.7 54412 1.04845
668000 0.55 302.484 36.7461 -21205.8 3383.89 -17821.9 54334.5 1.04995
669000 0.55 300.929 -13.3237 -21187.8 3366.49 -17821.3 54313.4 1.05035
670000 0.55 300.538 -9.40302 -21171.6 3362.12 -17809.4 54259.6 1.0514
671000 0.55 301.564 163.73 -21139 3373.6 -17765.4 54427.6 1.04815
672000 0.55 298.993 181.457 -21152.3 3344.83 -17807.5 54568.5 1.04545
673000 0.55 300.904 -201.201 -21215.8 3366.21 -17849.6 54118.1 1.05415
674000 0.55 300.272 -55.3741 -21225.1 3359.13 -17866 53992.4 1.05661
675000 0.55 301.437 -79.3577 -21141.6 3372.17 -17769.4 54588.2 1.04507
676000 0.55 299.918 -105.005 -21175.5 3355.17 -17820.3 54214 1.05229
677000 0.55 300.445 -259.453 -21208 3361.08 -17846.9 54086.3 1.05476
678000 0.55 300.55 31.7223 -21162.3 3362.24 -17800.1 53792.3 1.06056
679000 0.55 298.897 -61.235 -21152.6 3343.75 -17808.8 54293.7 1.05074
680000 0.55 299.47 197.013 -21176.2 3350.17 -17826 54242.5 1.05172
681000 0.55 301.614 21.5733 -21219 3374.15 -17844.9 54711.7 1.04272
682000 0.55 299.694 -49.7796 -21185.2 3352.67 -17832.6 54297.7 1.05068
683000 0.55 300.111 65.4554 -21150.9 3357.34 -17793.6 54280.8 1.05099
684000 0.55 299.867 37.601 -21255.5 3354.61 -17900.9 54341.3 1.04981
685000 0.55 300.755 158.458 -21192.7 3364.54 -17828.2 54498.2 1.04679
686000 0.55 299.874 118.575 -21216.9 3354.69 -17862.2 54100.8 1.05447
687000 0.55 301.251 74.8169 -21185.3 3370.08 -17815.2 54389.1 1.0489
688000 0.55 301.404 -178.653 -21145.1 3371.8 -17773.3 54398.3 1.04872
689000 0.55 301.483 -91.1837 -21139.4 3372.68 -17766.8 54471.5 1.0473
690000 0.55 299.296 -29.9986 -21167.7 3348.22 -17819.5 54158.3 1.05336
691000 0.55 301.016 122.036 -21189.4 3367.46 -17821.9 54080.4 1.05489
692000 0.55 299.323 -83.6634 -21124.7 3348.52 -17776.1 54250.1 1.05157
693000 0.55 300.103 -71.5882 -21118.2 3357.25 -17760.9 54416.1 1.04838
694000 0.55 301.29 -183.52 -21140.8 3370.53 -17770.2 54381 1.04905
695000 0.55 298.437 178.83 -21155.7 3338.61 -17817.1 54286.2 1.05088
696000 0.55 299.742 142.449 -21210.3 3353.21 -17857.1 54650.7 1.04387
697000 0.55 299.75 -187.151 -21256.6 3353.3 -17903.3 54555.3 1.04571
698000 0.55 299.776 -300.985 -21197 3353.59 -17843.4 54160.4 1.05333
699000 0.55 300.835 82.5137 -21177.8 3365.44 -17812.4 54350.3 1.04964
700000 0.55 300.316 -133.824 -21189.5 3359.63 -17829.8 54365.6 1.04935
701000 0.55 299.122 36.2834 -21198.7 3346.27 -17852.5 54512.1 1.04652
702000 0.55 301.59 -13.9934 -21202 3373.89 -17828.1 54131 1.05389
703000 0.55 299.646 -73.0771 -21147.1 3352.14 -17794.9 54413 1.04843
704000 0.55 301.52 287.191 -21173 3373.1 -17799.9 54096.9 1.05454
705000 0.55 299.227 -18.487 -21167.4 3347.44 -17819.9 54191.7 1.05273
706000 0.55 299.786 -74.3601 -21120.8 3353.7 -17767.1 54276.1 1.05108
707000 0.55 300.274 148.913 -21117.3 3359.16 -17758.2 54286.8 1.05087
708000 0.55 301.451 121.148 -21165 3372.33 -17792.7 54366.1 1.04933
709000 0.55 300.128 -133.542 -21152.5 3357.52 -17795 54265 1.0513
710000 0.55 300.86 40.0182 -21155.2 3365.71 -17789.5 54327.2 1.05008
711000 0.55 300.829 105.061 -21165.2 3365.37 -17799.9 54383.2 1.04902
712000 0.55 299.914 -216.098 -21078.6 3355.13 -17723.5 54189.4 1.05277
713000 0.55 299.616 -72.268 -21139.4 3351.8 -17787.6 54061.1 1.05527
714000 0.55 299.478 -119.428 -21154.7 3350.25 -17804.4 53893.7 1.05853
715000 0.55 299.663 64.7114 -21150.7 3352.33 -17798.4 54117.1 1.05415
716000 0.55 300.569 8.36111 -21169.7 3362.46 -17807.3 54127.7 1.05396
717000 0.55 302.036 -62.4845 -21198.6 3378.87 -17819.7 54195.1 1.05264
718000 0.55 300.036 28.4597 -21188.6 3356.49 -17832.1 54122.8 1.05404
719000 0.55 300.678 20.2473 -21167 3363.67 -17803.4 54520.4 1.04638
720000 0.55 300.289 -221.856 -21132.1 3359.33 -17772.8 54254.9 1.05148
721000 0.55 299.712 -14.8779 -21164.6 3352.87 -17811.7 54387.6 1.04894
722000 0.55 298.322 13.9639 -21100.2 3337.32 -17762.9 54307.7 1.05046
723000 0.55 301.209 58.8052 -21125.8 3369.62 -17756.2 54003.9 1.05639
724000 0.55 300.282 -50.6891 -21156.4 3359.25 -17797.1 54170.4 1.05312
725000 0.55 300.83 25.4426 -21188.3 3365.38 -17822.9 54153.6 1.05346
726000 0.55 300.829 173.43 -21179 3365.37 -17813.6 54133.3 1.05386
727000 0.55 300.247 -111.523 -21133 3358.85 -17774.1 54243.7 1.0517
728000 0.55 299.968 301.789 -21104.7 3355.73 -17748.9 54440 1.0479
729000 0.55 298.49 5.74814 -21218 3339.2 -17878.8 54208 1.05239
730000 0.55 300.115 212.914 -21185 3357.38 -17827.7 54134.4 1.05383
731000 0.55 301.509 -218.058 -21163.9 3372.98 -17790.9 54094 1.05461
732000 0.55 297.596 45.5294 -21182.3 3329.2 -17853.1 54646.2 1.04398
733000 0.55 300.999 323.959 -21164.4 3367.27 -17797.2 54346.8 1.04971
734000 0.55 298.877 160.384 -21155.3 3343.53 -17811.8 54183.2 1.05288
735000 0.55 301.36 -116.086 -21188.7 3371.31 -17817.4 53896.3 1.05847
736000 0.55 299.73 44.7254 -21180.2 3353.08 -17827.1 54264 1.05131
737000 0.55 299.98 97.5062 -21119.8 3355.87 -17763.9 54628.9 1.04431
738000 0.55 298.832 140.557 -21194.5 3343.02 -17851.5 54307 1.05047
739000 0.55 298.855 165.674 -21234.6 3343.28 -17891.3 54372.7 1.04921
740000 0.55 301.937 -191.756 -21120.7 3377.77 -17742.9 54372.7 1.04923
741000 0.55 299.518 103.085 -21142 3350.7 -17791.3 54098.1 1.05453
742000 0.55 300.765 -40.0426 -21099 3364.65 -17734.4 54098 1.05454
743000 0.55 301.105 -44.5577 -21163.7 3368.45 -17795.2 54011.3 1.05625
744000 0.55 300.495 -27.1924 -21036.3 3361.63 -17674.7 53846.5 1.05946
745000 0.55 300.202 12.6656 -21120.8 3358.36 -17762.5 54325.3 1.05012
746000 0.55 298.953 136.793 -21152.6 3344.38 -17808.2 54256.3 1.05148
747000 0.55 299.351 100.588 -21140.7 3348.83 -17791.9 54349 1.04966
748000 0.55 300.058 186.157 -21221.6 3356.74 -17864.9 54020.9 1.05605
749000 0.55 302.26 -20.0426 -21157.3 3381.38 -17775.9 54262.4 1.05134
750000 0.55 299.007 -18.531 -21151.9 3344.99 -17806.9 54154.7 1.05345
751000 0.55 299.51 78.4084 -21130 3350.62 -17779.4 54371.7 1.04922
752000 0.55 299.364 -262.182 -21176 3348.98 -17827 54192.7 1.05269
753000 0.55 300.734 3.71287 -21176.3 3364.3 -17812 54130.8 1.0539
754000 0.55 303.869 -79.8205 -21199.4 3399.38 -17800 54133.2 1.05385
755000 0.55 298.254 58.0155 -21167.9 3336.57 -17831.4 54372.9 1.04921
756000 0.55 300.196 63.5513 -21118.8 3358.28 -17760.5 54248.5 1.05161
757000 0.55 299.906 -174.482 -21172.2 3355.05 -17817.1 54941.8 1.03833
758000 0.55 300.745 119.829 -21153.2 3364.43 -17788.8 54539.2 1.04604
759000 0.55 300.14 38.6146 -21095 3357.66 -17737.4 54137.7 1.05376
760000 0.55 301.584 91.6033 -21142.7 3373.81 -17768.9 54778.1 1.04144
761000 0.55 301.619 -153.069 -21180.7 3374.21 -17806.5 54407.2 1.04854
762000 0.55 299.524 100.283 -21154.1 3350.77 -17803.3 54197.1 1.0526
763000 0.55 300.213 15.37 -21190.3 3358.48 -17831.8 54037.4 1.05573
764000 0.55 298.947 67.8313 -21182.2 3344.31 -17837.9 54297.8 1.05065
765000 0.55 300.465 110.974 -21152.4 3361.29 -17791.1 54032 1.05583
766000 0.55 300.12 80.8081 -21155.4 3357.44 -17798 54211.3 1.05233
767000 0.55 300.274 -27.2106 -21102.9 3359.16 -17743.7 54085.2 1.0548
768000 0.55 299.896 37.2206 -21108.8 3354.93 -17753.9 54054.4 1.05538
769000 0.55 299.553 -22.642 -21101.6 3351.09 -17750.5 54436.7 1.04798
770000 0.55 299.738 -35.714 -21150.4 3353.16 -17797.3 54450.1 1.04771
771000 0.55 300.749 155.116 -21128.7 3364.47 -17764.3 54555.4 1.0457
772000 0.55 301.029 -371.002 -21135.3 3367.61 -17767.7 54313.6 1.05035
773000 0.55 300.349 -48.8428 -21122.4 3360 -17762.4 54258.2 1.05142
774000 0.55 301.285 -34.3774 -21074.9 3370.47 -17704.4 54361.3 1.04943
775000 0.55 300.168 32.7938 -21134.7 3357.97 -17776.7 54273.3 1.05116
776000 0.55 299.882 -117.878 -21133.8 3354.78 -17779 54387 1.04893
777000 0.55 297.728 72.8932 -21078.7 3330.68 -17748 54404.9 1.0486
778000 0.55 300.704 -142.37 -21122.4 3363.97 -17758.4 54285.7 1.0509
779000 0.55 299.908 85.8277 -21123.6 3355.07 -17768.5 54456.5 1.04761
780000 0.55 299.671 129.122 -21184.5 3352.42 -17832.1 54403.3 1.04862
781000 0.55 299.44 253.63 -21188.9 3349.83 -17839.1 54514.2 1.04648
782000 0.55 300.273 -30.2151 -21239.6 3359.14 -17880.4 54197.7 1.05258
783000 0.55 298.768 5.69867 -21150.5 3342.31 -17808.1 54370.7 1.04924
784000 0.55 300.502 -121.081 -21130.5 3361.71 -17768.8 54684 1.04325
785000 0.55 299.232 -192.92 -21132.6 3347.5 -17785.1 54534.4 1.0461
786000 0.55 300.731 -133.071 -21113.9 3364.27 -17749.6 53961.6 1.05721
787000 0.55 299.846 -213.692 -21166.1 3354.37 -17811.8 54218.5 1.0522
788000 0.55 299.858 77.9423 -21170.7 3354.51 -17816.2 54547.9 1.04584
789000 0.55 300.899 -36.0647 -21208.2 3366.15 -17842.1 54378.9 1.04908
790000 0.55 300.075 -112.699 -21162.2 3356.94 -17805.3 54361.3 1.04951
791000 0.55 298.561 -47.8104 -21107.9 3339.99 -17768 53928.9 1.05784
792000 0.55 299.116 -190.715 -21108.5 3346.2 -17762.3 54133.5 1.05385
793000 0.55 299.813 114.72 -21172 3354 -17818 54151.4 1.05349
794000 0.55 300.16 238.86 -21128.5 3357.88 -17770.6 54268.6 1.05122
795000 0.55 299.314 59.6473 -21171.1 3348.42 -17822.7 54529.4 1.0462
796000 0.55 298.349 -14.4557 -21224.3 3337.63 -17886.7 54422 1.04828
797000 0.55 302.511 194.653 -21212.3 3384.19 -17828.1 54554.1 1.04571
798000 0.55 299.247 187.988 -21142.3 3347.67 -17794.6 54380.8 1.04905
799000 0.55 298.969 -245.461 -21162.4 3344.56 -17817.8 54440.9 1.0479
800000 0.55 297.778 186.597 -21178.6 3331.24 -17847.3 54587 1.04508
801000 0.55 300.576 55.9805 -21147.4 3362.54 -17784.9 54773.5 1.04153
802000 0.55 299.412 193.427 -21142.1 3349.52 -17792.6 54334.4 1.04996
803000 0.55 300.197 140.764 -21154.1 3358.3 -17795.8 54385.9 1.04896
804000 0.55 300.523 0.435892 -21170.4 3361.95 -17808.4 54196.3 1.05262
805000 0.55 298.745 129.039 -21131.4 3342.06 -17789.3 53942.7 1.05756
806000 0.55 301.156 -12.1188 -21134.3 3369.03 -17765.3 54216.8 1.05224
807000 0.55 299.501 28.3773 -21094.1 3350.51 -17743.6 54146.3 1.0536
808000 0.55 301.305 154.627 -21029.8 3370.69 -17659.1 54142.7 1.05368
809000 0.55 301.68 -186.899 -21135.6 3374.89 -17760.7 54558.3 1.04564
810000 0.55 302.464 -74.8495 -21186.4 3383.66 -17802.7 54570.9 1.0454
811000 0.55 300.386 -122.513 -21150.5 3360.42 -17790 54171.3 1.0531
812000 0.55 299.145 268.245 -21174.7 3346.53 -17828.2 54265.9 1.05128
813000 0.55 300.588 137.166 -21148 3362.67 -17785.4 54455.1 1.04761
814000 0.55 299.851 28.0252 -21229.6 3354.43 -17875.2 54798 1.04108
815000 0.55 301.192 -73.2987 -21169.7 3369.42 -17800.3 54637.9 1.04414
816000 0.55 300.636 -13.9723 -21215.7 3363.21 -17852.5 54346.1 1.04973
817000 0.55 301.451 145.436 -21181.8 3372.33 -17809.5 54271.4 1.05116
818000 0.55 300.808 -68.917 -21152.4 3365.13 -17787.3 54421.6 1.04827
819000 0.55 300.591 91.7904 -21110.4 3362.7 -17747.7 54270.8 1.05117
820000 0.55 299.774 -61.6039 -21171.7 3353.56 -17818.2 54121.5 1.05407
821000 0.55 301.645 152.098 -21202.5 3374.5 -17828 54226.7 1.05204
822000 0.55 301.293 -28.5621 -21184.9 3370.56 -17814.3 54515.5 1.04645
823000 0.55 298.508 -174.967 -21114.9 3339.4 -17775.5 54542.5 1.04593
824000 0.55 299.961 108.145 -21161 3355.65 -17805.4 54719.9 1.04255
825000 0.55 298.81 -155.203 -21180.1 3342.79 -17837.3 54417 1.04834
826000 0.55 299.357 218.728 -21163.4 3348.9 -17814.5 54105.6 1.05438
827000 0.55 298.352 98.1122 -21185.5 3337.66 -17847.9 54194 1.05266
828000 0.55 298.937 -100.543 -21152 3344.21 -17807.8 54233.9 1.05189
829000 0.55 301.315 -59.8191 -21158.1 3370.8 -17787.3 53935.9 1.05769
830000 0.55 301.671 144.921 -21086.4 3374.79 -17711.6 54316.4 1.05029
831000 0.55 300.923 36.0558 -21189.9 3366.42 -17823.5 54181.9 1.0529
832000 0.55 302.153 -160.366 -21226.3 3380.18 -17846.1 54199.5 1.05256
833000 0.55 299.912 -257.624 -21178 3355.11 -17822.9 54446.5 1.04778
834000 0.55 302.068 61.054 -21175.6 3379.23 -17796.3 54701.1 1.04292
835000 0.55 300.539 13.9862 -21193.7 3362.13 -17831.6 54629.3 1.04428
836000 0.55 300.621 -15.2752 -21218.1 3363.04 -17855.1 54733.8 1.04228
837000 0.55 299.591 33.0051 -21142.3 3351.51 -17790.8 54680.2 1.0433
838000 0.55 299.872 143.227 -21185.5 3354.67 -17830.8 54430.8 1.04809
839000 0.55 299.058 -25.4879 -21144.9 3345.56 -17799.4 54776.4 1.0415
840000 0.55 299.296 86.2303 -21128.5 3348.21 -17780.2 54390.4 1.04888
841000 0.55 299.955 -129.554 -21200.6 3355.59 -17845 54427.4 1.04817
842000 0.55 301.658 -39.0932 -21202.5 3374.64 -17827.9 54382.7 1.04903
843000 0.55 300.395 84.8083 -21208.7 3360.51 -17848.2 54356.7 1.04953
844000 0.55 301.361 -264.02 -21194.2 3371.32 -17822.9 54141.9 1.05369
845000 0.55 299.676 -86.4485 -21126.7 3352.47 -17774.3 54126.4 1.05398
846000 0.55 299.867 80.3191 -21137.6 3354.6 -17783 54091.9 1.05464
847000 0.55 301.403 91.6525 -21189.4 3371.79 -17817.6 54307.8 1.0505
848000 0.55 300.956 -27.2731 -21187.6 3366.79 -17820.8 54566.7 1.04547
849000 0.55 299.058 -86.4061 -21125.3 3345.56 -17779.8 54264.7 1.0513
850000 0.55 301.478 32.0383 -21124.1 3372.63 -17751.4 54185.9 1.05283
851000 0.55 302.37 -44.5751 -21214 3382.61 -17831.4 54435.1 1.048
852000 0.55 298.455 35.5001 -21163.2 3338.8 -17824.4 54178.2 1.05297
853000 0.55 300.211 -3.26959 -21160.9 3358.45 -17802.5 54323.5 1.05015
854000 0.55 301.078 -178.073 -21144.1 3368.15 -17775.9 54437.2 1.04796
855000 0.55 299.904 35.3772 -21193.1 3355.02 -17838.1 54437.4 1.04798
856000 0.55 300.311 188.58 -21123.2 3359.57 -17763.6 54443 1.04784
857000 0.55 300.514 -26.9707 -21180 3361.84 -17818.2 54331.1 1.05001
858000 0.55 298.67 300.156 -21135.7 3341.22 -17794.5 54029.1 1.05588
859000 0.55 297.453 -302.488 -21126 3327.6 -17798.4 54523.7 1.04631
860000 0.55 300.067 -276.711 -21124.5 3356.84 -17767.6 53978 1.05687
861000 0.55 299.689 271.401 -21211.2 3352.62 -17858.6 54135.4 1.05381
862000 0.55 299.785 104.335 -21144.6 3353.69 -17790.9 54169.3 1.05318
863000 0.55 301.201 -148.249 -21199 3369.53 -17829.5 54204.6 1.05246
864000 0.55 299.669 65.9092 -21117.4 3352.4 -17765 54342.3 1.04979
865000 0.55 300.421 45.1099 -21118.2 3360.8 -17757.4 54097.6 1.05455
866000 0.55 298.266 -21.9223 -21144.3 3336.69 -17807.6 54388.7 1.0489
867000 0.55 298.783 79.4214 -21231.6 3342.47 -17889.1 54428.7 1.04813
868000 0.55 300.928 206.495 -21201.7 3366.48 -17835.2 54449.2 1.04773
869000 0.55 300.558 -162.403 -21123.4 3362.33 -17761 54556.4 1.04567
870000 0.55 298.102 49.1008 -21185.4 3334.87 -17850.5 54065.2 1.05519
871000 0.55 299.083 152.496 -21135.9 3345.84 -17790.1 54506 1.04663
872000 0.55 301.345 -129.491 -21165.9 3371.14 -17794.7 54563.4 1.04554
873000 0.55 298.846 114.664 -21110.8 3343.19 -17767.6 54280 1.05099
874000 0.55 298.836 -142.151 -21139.8 3343.08 -17796.7 54294.1 1.05073
875000 0.55 297.497 48.0364 -21158.4 3328.09 -17830.3 53967.8 1.05708
876000 0.55 299.737 83.4019 -21139.9 3353.15 -17786.8 54154.9 1.05345
877000 0.55 300.622 19.0989 -21148.2 3363.05 -17785.1 54445.8 1.0478
878000 0.55 300.88 -163.8 -21190.4 3365.94 -17824.5 54472.7 1.04732
879000 0.55 300.095 -114.867 -21174.6 3357.16 -17817.4 54179.3 1.05294
880000 0.55 299.215 7.10765 -21089 3347.31 -17741.7 54241.7 1.05176
881000 0.55 300.775 -89.4118 -21165 3364.77 -17800.2 54379.1 1.04908
882000 0.55 300.137 -222.715 -21172 3357.63 -17814.4 54342.3 1.04979
883000 0.55 298.834 268.385 -21139.7 3343.05 -17796.7 54055.2 1.05537
884000 0.55 299.433 -32.2248 -21158.4 3349.75 -17808.7 53981.7 1.05682
885000 0.55 300.606 110.981 -21160.2 3362.87 -17797.4 54171.8 1.0531
886000 0.55 299.826 -98.325 -21168.9 3354.15 -17814.7 54468.5 1.04737
887000 0.55 300.213 -160.552 -21231.9 3358.48 -17873.5 54306.7 1.05047
888000 0.55 298.965 14.559 -21197.3 3344.52 -17852.8 54168.5 1.05316
889000 0.55 299.667 -130.948 -21170.5 3352.36 -17818.1 54240.1 1.05178
890000 0.55 298.408 181.454 -21150.2 3338.28 -17811.9 54605.6 1.04474
891000 0.55 300.076 76.3975 -21181.1 3356.94 -17824.1 54324.8 1.05014
892000 0.55 299.446 80.9527 -21116.8 3349.9 -17766.9 54417.9 1.04834
893000 0.55 298.237 -43.5644 -21148 3336.37 -17811.6 54214.5 1.05228
894000 0.55 301.822 -247.836 -21119.7 3376.48 -17743.2 54158.8 1.05334
895000 0.55 301.096 -336.02 -21132 3368.36 -17763.7 54171 1.05311
896000 0.55 300.125 -29.4741 -21123.6 3357.5 -17766.1 54305.5 1.05051
897000 0.55 300.069 -181.583 -21084.4 3356.87 -17727.5 54652.6 1.04384
898000 0.55 300.933 59.9868 -21153.6 3366.53 -17787.1 54725.8 1.04244
899000 0.55 301.483 -282.934 -21221.1 3372.68 -17848.4 54477.3 1.04722
900000 0.55 300.512 9.02289 -21210.5 3361.82 -17848.6 54185.3 1.05284
901000 0.55 300.181 -52.7586 -21149.5 3358.11 -17791.4 53947 1.05748
902000 0.55 302.496 124.635 -21176.7 3384.02 -17792.7 54233.9 1.05191
903000 0.55 299.708 -99.915 -21114.3 3352.82 -17761.5 54374.7 1.04917
904000 0.55 303.089 -18.9972 -21102.1 3390.65 -17711.5 54099.9 1.05451
905000 0.55 299.555 -103.521 -21094.8 3351.12 -17743.7 54049.8 1.05549
906000 0.55 300.174 54.7619 -21172.6 3358.04 -17814.6 53961.7 1.0572
907000 0.55 299.647 33.1149 -21132.7 3352.14 -17780.5 54321.4 1.0502
908000 0.55 300.965 65.2845 -21134.9 3366.89 -17768 53748.8 1.06139
909000 0.55 300.479 -36.2055 -21135.9 3361.45 -17774.5 53793.8 1.06049
910000 0.55 299.959 -1.17283 -21197.3 3355.63 -17841.7 53961 1.05723
911000 0.55 301.172 -124.688 -21195.4 3369.2 -17826.2 54042.1 1.05564
912000 0.55 298.154 129.443 -21100.8 3335.44 -17765.4 54347.3 1.04971
913000 0.55 299.215 -183.268 -21126.8 3347.32 -17779.5 54381 1.04904
914000 0.55 299.706 -1.93576 -21155 3352.8 -17802.2 54220.9 1.05215
915000 0.55 302.271 100.325 -21081.5 3381.5 -17700 54123.1 1.05406
916000 0.55 299.507 31.7737 -21152.6 3350.58 -17802 54282.1 1.05095
917000 0.55 300.201 22.2985 -21104.1 3358.35 -17745.8 53956.8 1.05729
918000 0.55 300.121 131.945 -21111.1 3357.45 -17753.7 54291.6 1.05077
919000 0.55 298.798 6.62265 -21161.2 3342.65 -17818.6 54195.9 1.05263
920000 0.55 301.64 -59.9397 -21190.3 3374.44 -17815.9 54197.1 1.0526
921000 0.55 301.107 88.0301 -21167.5 3368.47 -17799 54209.7 1.05237
922000 0.55 298.347 -108.651 -21146.4 3337.61 -17808.8 54550.2 1.04579
923000 0.55 299.065 -3.0103 -21213.8 3345.63 -17868.2 54455.7 1.0476
924000 0.55 299.821 120.495 -21154.3 3354.09 -17800.2 54388.8 1.04889
925000 0.55 299.72 124.982 -21136.9 3352.96 -17783.9 54077.9 1.05492
926000 0.55 302.074 25.4572 -21195.2 3379.3 -17815.9 54137.2 1.05378
927000 0.55 299.647 -22.6016 -21191.9 3352.14 -17839.7 54055.1 1.05538
928000 0.55 302.52 -129.624 -21153.5 3384.29 -17769.2 54206.9 1.05242
929000 0.55 301.312 -24.8235 -21150.7 3370.77 -17779.9 54409 1.0485
930000 0.55 301.166 -54.5665 -21142.2 3369.14 -17773.1 54274.7 1.05113
931000 0.55 298.503 72.1992 -21171.5 3339.34 -17832.1 53865.5 1.0591
932000 0.55 299.078 -282.8 -21175.5 3345.78 -17829.7 53895.8 1.05851
933000 0.55 300.596 -134.04 -21187.1 3362.76 -17824.4 54274.7 1.0511
934000 0.55 299.625 128.576 -21144.8 3351.9 -17792.9 54236.3 1.05188
935000 0.55 300.175 -156.02 -21139.9 3358.05 -17781.8 54578.7 1.04524
936000 0.55 299.402 -108.287 -21124.8 3349.41 -17775.4 54455.3 1.04762
937000 0.55 299.95 113.73 -21121.6 3355.53 -17766.1 54520.4 1.04636
938000 0.55 299.339 127.961 -21153.6 3348.7 -17804.9 54352.6 1.04963
939000 0.55 299.906 9.91687 -21171 3355.04 -17815.9 54270 1.05119
940000 0.55 300.51 14.7618 -21175.2 3361.8 -17813.4 53993.3 1.05658
941000 0.55 298.158 157.28 -21222.5 3335.48 -17887 54280.8 1.05098
942000 0.55 301.496 -321.558 -21217.5 3372.83 -17844.6 54404 1.0486
943000 0.55 301.301 -82.2117 -21207.3 3370.65 -17836.7 54375.8 1.04915
944000 0.55 300.637 -100.483 -21222.2 3363.22 -17859 54386.1 1.04895
945000 0.55 301.756 43.4408 -21243.8 3375.74 -17868.1 54165.6 1.05325
946000 0.55 302.023 4.62555 -21144.4 3378.72 -17765.6 54256.9 1.05144
947000 0.55 300.227 14.1924 -21178.6 3358.64 -17819.9 54217.9 1.05221
948000 0.55 298.964 18.0253 -21217.3 3344.5 -17872.8 54220.7 1.05218
949000 0.55 301.006 -142.775 -21147.3 3367.35 -17780 54581 1.04521
950000 0.55 300.736 19.2476 -21168.7 3364.33 -17804.4 54134.9 1.05382
951000 0.55 300.274 9.57737 -21227.1 3359.16 -17867.9 54505.7 1.04664
952000 0.55 300.437 -52.7422 -21137.6 3360.98 -17776.6 54541.5 1.04597
953000 0.55 300.648 236.569 -21169 3363.34 -17805.6 54539.2 1.04602
954000 0.55 299.899 -157.116 -21175.3 3354.97 -17820.4 54395.5 1.04876
955000 0.55 300.851 123.354 -21200.5 3365.62 -17834.9 54399.4 1.04869
956000 0.55 300.201 110.426 -21231.3 3358.35 -17872.9 54122.4 1.05407
957000 0.55 299.381 152.061 -21157.9 3349.17 -17808.7 54531.3 1.04615
958000 0.55 297.684 -192.626 -21172.1 3330.18 -17842 54528.4 1.04621
959000 0.55 298.889 133.639 -21146.1 3343.67 -17802.5 54378.4 1.0491
960000 0.55 301.872 -115.677 -21193.2 3377.03 -17816.2 54314 1.05035
961000 0.55 299.584 -97.1141 -21097.9 3351.44 -17746.5 54444.5 1.04782
962000 0.55 301.821 -3.24772 -21145.5 3376.47 -17769.1 54340.9 1.04984
963000 0.55 301.169 -395.698 -21178.7 3369.17 -17809.5 54168.3 1.05316
964000 0.55 300.735 113.195 -21173.2 3364.32 -17808.9 54403.1 1.04863
965000 0.55 297.863 -26.3473 -21194.5 3332.19 -17862.3 54286 1.05089
966000 0.55 298.677 21.3753 -21202.3 3341.29 -17861 54220.1 1.05215
967000 0.55 301.271 -205.323 -21135.3 3370.31 -17765 54296.9 1.05066
968000 0.55 301.037 -88.5876 -21188.2 3367.69 -17820.5 54190.2 1.05274
969000 0.55 301.927 -80.0553 -21247 3377.65 -17869.4 54317.9 1.05026
970000 0.55 298.098 164.608 -21190.9 3334.81 -17856.1 53949.1 1.05745
971000 0.55 297.831 -193.292 -21185.7 3331.83 -17853.8 54261.5 1.05136
972000 0.55 301.488 -4.72635 -21183.4 3372.74 -17810.6 54356.1 1.04955
973000 0.55 302.476 -91.1743 -21206.2 3383.79 -17822.4 54527.4 1.04624
974000 0.55 299.785 -107.86 -21145.4 3353.69 -17791.7 54365.6 1.04935
975000 0.55 300.438 -144.66 -21134.7 3360.99 -17773.7 54216.9 1.05222
976000 0.55 301.12 60.0851 -21113.8 3368.62 -17745.2 54173.7 1.05306
977000 0.55 300.086 58.7652 -21105.2 3357.06 -17748.2 54316.7 1.05029
978000 0.55 299.452 168.603 -21110.4 3349.97 -17760.4 54089 1.05474
979000 0.55 298.344 -158.54 -21096.4 3337.57 -17758.8 54218.4 1.0522
980000 0.55 299.819 -259.876 -21146.4 3354.07 -17792.3 54264.1 1.05131
981000 0.55 299.789 48.1545 -21126.3 3353.74 -17772.5 54194.5 1.05265
982000 0.55 300.68 216.948 -21132.3 3363.7 -17768.6 54398.4 1.04873
983000 0.55 298.394 -80.9946 -21151 3338.13 -17812.8 54440.9 1.04789
984000 0.55 298.769 216.263 -21163.5 3342.33 -17821.1 54349.7 1.04966
985000 0.55 300.652 -145.47 -21121.5 3363.39 -17758.1 54265.4 1.05128
986000 0.55 298.512 29.8313 -21133.4 3339.44 -17794 54179.4 1.05295
987000 0.55 299.032 81.0782 -21157.4 3345.26 -17812.2 54555 1.0457
988000 0.55 298.221 -82.0215 -21187.7 3336.19 -17851.5 54426.6 1.04817
989000 0.55 299.509 20.9988 -21194.6 3350.6 -17844 54439 1.04793
990000 0.55 301.014 193.892 -21217.4 3367.43 -17850 54259.5 1.05139
991000 0.55 298.685 139.233 -21186.9 3341.39 -17845.5 54500.5 1.04675
992000 0.55 301.66 -252.626 -21153.3 3374.66 -17778.6 54514.6 1.04647
993000 0.55 300.393 -263.114 -21231.6 3360.5 -17871.1 54474.1 1.04727
994000 0.55 299.39 65.4778 -21232.2 3349.27 -17883 54424.6 1.0482
995000 0.55 300.603 16.8088 -21155.8 3362.84 -17793 54399.1 1.0487
996000 0.55 299.286 -55.5183 -21208.1 3348.11 -17860 54058 1.05532
997000 0.55 302.033 -12.9585 -21174.8 3378.84 -17795.9 54418.2 1.04833
998000 0.55 299.786 81.9338 -21131.9 3353.7 -17778.2 54495.6 1.04685
999000 0.55 301.187 73.9981 -21154.9 3369.37 -17785.5 54446.3 1.04779
1000000 0.55 301.312 103.183 -21136.1 3370.77 -17765.3 54656.8 1.04375
1001000 0.55 300.888 60.8306 -21148.1 3366.02 -17782 54313.2 1.05036
1002000 0.55 298.788 11.0874 -21150.8 3342.53 -17808.3 54250.3 1.05159
1003000 0.55 298.917 -62.0497 -21151.5 3343.98 -17807.6 54119.9 1.05411
1004000 0.55 301.482 56.7742 -21156 3372.68 -17783.4 54217.5 1.05221
1005000 0.55 301.105 -2.52966 -21150.7 3368.46 -17782.3 54146.9 1.05358
1006000 0.55 299.623 -57.6946 -21153.4 3351.87 -17801.5 53872.5 1.05898
1007000 0.55 298.345 -77.4962 -21159 3337.58 -17821.4 54161.6 1.05329
1008000 0.55 300.644 140.881 -21207.9 3363.3 -17844.6 54349.6 1.04965
1009000 0.55 300.616 28.1632 -21228.4 3362.99 -17865.4 54424.5 1.04822
1010000 0.55 300.666 -128.002 -21170.8 3363.54 -17807.2 54267.2 1.05125
1011000 0.55 300.72 143.128 -21162.9 3364.15 -17798.7 54627.1 1.04431
1012000 0.55 297.576 -304.446 -21224 3328.98 -17895 54598.4 1.04487
1013000 0.55 301.057 68.4085 -21181.9 3367.91 -17814 54223.9 1.05208
1014000 0.55 299.538 237.409 -21144.1 3350.93 -17793.2 54032 1.05583
1015000 0.55 299.606 248.357 -21170.5 3351.69 -17818.9 54489.7 1.04695
1016000 0.55 300.202 -190.173 -21227.4 3358.35 -17869 54276.5 1.05107
1017000 0.55 299.973 99.1283 -21180.3 3355.79 -17824.5 54217.3 1.05221
1018000 0.55 298.921 -22.242 -21141.9 3344.02 -17797.9 54289.3 1.05083
1019000 0.55 300.608 -140.458 -21218.2 3362.89 -17855.3 54525.1 1.04628
1020000 0.55 301.437 -75.9228 -21212.3 3372.16 -17840.1 54577.1 1.04528
1021000 0.55 300.198 160.212 -21186.7 3358.3 -17828.3 54651.1 1.0439
1022000 0.55 299.815 -21.6468 -21187 3354.02 -17833 54540.6 1.04598
1023000 0.55 301.853 60.2663 -21166.2 3376.83 -17789.3 54447.3 1.04778
1024000 0.55 298.418 -157.598 -21190.1 3338.4 -17851.7 54639.3 1.04408
1025000 0.55 296.411 132.623 -21156.4 3315.94 -17840.5 54458.4 1.04756
1026000 0.55 301.241 128.404 -21149.5 3369.98 -17779.5 54248.7 1.0516
1027000 0.55 298.802 -168.333 -21078.2 3342.69 -17735.5 54413.2 1.04843
1028000 0.55 300.881 45.8165 -21083.9 3365.95 -17718 54551 1.04578
1029000 0.55 299.941 -168.006 -21149.5 3355.44 -17794.1 54266 1.0513
1030000 0.55 300.471 91.3802 -21180.1 3361.36 -17818.7 54220.6 1.05215
1031000 0.55 301.029 -125.734 -21195.9 3367.6 -17828.3 54202.2 1.0525
1032000 0.55 301.094 -20.6545 -21209.6 3368.33 -17841.3 54250.3 1.05158
1033000 0.55 299.953 17.0823 -21252.4 3355.57 -17896.9 54318.4 1.05025
1034000 0.55 298.604 135.033 -21184.2 3340.48 -17843.7 54371.8 1.04923
1035000 0.55 300.397 -46.1074 -21185.8 3360.54 -17825.3 54354 1.04956
1036000 0.55 301.855 30.3831 -21154.3 3376.85 -17777.4 54649.6 1.04389
1037000 0.55 299.54 166.122 -21197.5 3350.95 -17846.6 54518.3 1.04641
1038000 0.55 301.031 -58.9415 -21239.9 3367.62 -17872.2 54193 1.0527
1039000 0.55 299.703 50.6284 -21191.8 3352.77 -17839 54314.5 1.05034
1040000 0.55 301.869 43.5653 -21154.8 3377 -17777.8 54485.9 1.04703
1041000 0.55 298.595 56.2124 -21178.5 3340.38 -17838.2 54134.6 1.05385
1042000 0.55 298.72 63.0946 -21134 3341.78 -17792.2 54425 1.0482
1043000 0.55 299.211 157.83 -21137.2 3347.27 -17789.9 54296.2 1.05071
1044000 0.55 300.175 -27.0598 -21205 3358.05 -17846.9 54429.4 1.04812
1045000 0.55 302.08 -103.409 -21108.6 3379.36 -17729.2 54388.4 1.04891
1046000 0.55 298.661 201.29 -21111.3 3341.12 -17770.2 54391.3 1.04888
1047000 0.55 301.71 94.3638 -21199.9 3375.22 -17824.7 54824.2 1.04058
1048000 0.55 300.682 109.011 -21111.2 3363.73 -17747.5 54730.3 1.04235
1049000 0.55 298.66 256.942 -21125.4 3341.1 -17784.3 54181.6 1.05291
1050000 0.55 300.197 151.232 -21162.9 3358.3 -17804.6 54210.1 1.05235
1051000 0.55 298.125 -15.7785 -21143.7 3335.12 -17808.6 54208.8 1.05238
1052000 0.55 301.264 -90.7043 -21185.7 3370.24 -17815.5 54010.1 1.05627
1053000 0.55 297.339 -30.3819 -21182.6 3326.33 -17856.2 54495.4 1.04684
1054000 0.55 300.283 213.162 -21101.6 3359.26 -17742.3 54244.6 1.05169
1055000 0.55 299.936 -157.495 -21115.6 3355.38 -17760.2 54069.5 1.05511
1056000 0.55 300.792 -52.4277 -21142 3364.95 -17777.1 54140.1 1.05373
1057000 0.55 300.551 -85.0785 -21117.1 3362.26 -17754.9 54412 1.04845
1058000 0.55 298.958 199.994 -21150.3 3344.43 -17805.9 54369.3 1.04927
1059000 0.55 300.355 241.545 -21184.6 3360.06 -17824.5 54561 1.04559
1060000 0.55 300.261 -103.135 -21139.3 3359.02 -17780.2 54587.2 1.0451
1061000 0.55 300.414 35.639 -21145.4 3360.72 -17784.7 54482.5 1.0471
1062000 0.55 300.012 -267.107 -21138.9 3356.22 -17782.6 54538.1 1.04603
1063000 0.55 300.483 -41.8938 -21122.7 3361.5 -17761.2 54830.5 1.04044
1064000 0.55 298.845 5.12892 -21180.5 3343.17 -17837.4 54493.7 1.04689
1065000 0.55 299.553 -65.3542 -21210.9 3351.09 -17859.8 54441 1.04789
1066000 0.55 299.783 151.766 -21121.9 3353.66 -17768.2 54530.1 1.04618
1067000 0.55 298.272 39.9694 -21134.2 3336.77 -17797.4 54743.3 1.04212
1068000 0.55 298.973 182.926 -21110.7 3344.61 -17766.1 54271.9 1.05115
1069000 0.55 300.38 233.129 -21149.8 3360.34 -17789.5 54200.7 1.05254
1070000 0.55 298.002 189.825 -21178.5 3333.74 -17844.8 54434.9 1.04806
1071000 0.55 299.055 -86.2182 -21144.7 3345.52 -17799.2 54623.3 1.04439
1072000 0.55 297.661 17.481 -21102.5 3329.93 -17772.5 54415.9 1.04837
1073000 0.55 300.628 -17.2915 -21107 3363.12 -17743.9 54450.4 1.04771
1074000 0.55 300.026 -98.6302 -21109.8 3356.38 -17753.5 54243.4 1.0517
1075000 0.55 301.124 294.749 -21140.1 3368.67 -17771.5 54501.1 1.04674
1076000 0.55 299.593 55.5311 -21113.3 3351.54 -17761.7 54352.5 1.0496
1077000 0.55 298.532 212.355 -21218.1 3339.67 -17878.5 54136.9 1.05379
1078000 0.55 300.433 90.6595 -21184.7 3360.93 -17823.8 54324.1 1.05016
1079000 0.55 299.423 68.7198 -21122.2 3349.63 -17772.6 54438.9 1.04794
1080000 0.55 301.686 -9.18134 -21133.6 3374.96 -17758.7 54544.6 1.0459
1081000 0.55 299.838 -12.12 -21110.8 3354.29 -17756.5 54150.1 1.05355
1082000 0.55 300 22.0893 -21151.1 3356.09 -17795 53898.4 1.05844
1083000 0.55 299.33 193.341 -21108.9 3348.6 -17760.3 54036.9 1.05573
1084000 0.55 298.807 -75.7491 -21142.9 3342.75 -17800.1 54070.6 1.05507
1085000 0.55 301.232 -200.846 -21150.6 3369.87 -17780.8 54750.4 1.04197
1086000 0.55 299.705 -90.7818 -21144.8 3352.79 -17792 54397.8 1.04872
1087000 0.55 299.783 -83.5193 -21162.5 3353.66 -17808.8 54188.5 1.05279
1088000 0.55 298.862 -204.439 -21146.5 3343.36 -17803.1 54176.8 1.053
1089000 0.55 299.224 -105.834 -21186.9 3347.41 -17839.5 54273.9 1.05111
1090000 0.55 299.892 64.4674 -21207.3 3354.88 -17852.4 54243.1 1.05173
1091000 0.55 301.536 -235.668 -21192.2 3373.28 -17818.9 54225.5 1.05204
1092000 0.55 297.907 178.63 -21141.2 3332.68 -17808.5 54276.2 1.05107
1093000 0.55 300.014 126.539 -21144.7 3356.25 -17788.5 54420 1.04829
1094000 0.55 299.787 -118.546 -21184.5 3353.71 -17830.8 54342.5 1.04979
1095000 0.55 299.438 45.3079 -21191.9 3349.81 -17842.1 54072.3 1.05503
1096000 0.55 300.102 41.2315 -21137 3357.24 -17779.7 54123.4 1.05404
1097000 0.55 300.218 -156.181 -21122.4 3358.53 -17763.9 54323.2 1.05017
1098000 0.55 300.83 109.554 -21068.7 3365.38 -17703.3 54407.3 1.04855
1099000 0.55 299.252 114.52 -21113.6 3347.73 -17765.8 54623.5 1.0444
1100000 0.55 297.951 -111.419 -21092.6 3333.17 -17759.4 54341.5 1.04982
1101000 0.55 299.229 119.138 -21131.1 3347.47 -17783.6 54166.2 1.05322
1102000 0.55 300.433 222.471 -21131.9 3360.94 -17771 54381.7 1.04904
1103000 0.55 298.761 254.064 -21083.8 3342.23 -17741.5 54406.3 1.04859
1104000 0.55 300.273 96.8077 -21175.9 3359.15 -17816.8 54236.5 1.05184
1105000 0.55 301.159 -45.7955 -21153.6 3369.06 -17784.5 54211.7 1.05237
1106000 0.55 300.25 187.132 -21111.3 3358.89 -17752.4 54216.1 1.05225
1107000 0.55 298.262 -29.8186 -21136.5 3336.65 -17799.9 54290.8 1.05082
1108000 0.55 301.507 55.5866 -21169.4 3372.95 -17796.4 54175 1.05305
1109000 0.55 299.017 -197.964 -21129.9 3345.1 -17784.8 53944.7 1.05753
1110000 0.55 299.499 -146.668 -21160.9 3350.49 -17810.4 54161.8 1.05329
1111000 0.55 299.628 15.5756 -21149.3 3351.94 -17797.4 54016.1 1.05614
1112000 0.55 299.557 -149.471 -21152.5 3351.14 -17801.3 53953.5 1.05738
1113000 0.55 300.461 -99.7847 -21119.5 3361.25 -17758.2 54075.6 1.05497
1114000 0.55 298.961 -49.5318 -21135.2 3344.47 -17790.8 54229.4 1.05197
1115000 0.55 299.788 123.701 -21177.9 3353.73 -17824.2 54011.5 1.05622
1116000 0.55 299.547 -99.371 -21222.2 3351.03 -17871.2 54128.8 1.05393
1117000 0.55 299.597 -52.1544 -21177.4 3351.58 -17825.8 54209.8 1.05236
1118000 0.55 301.464 -70.0874 -21207.2 3372.47 -17834.7 54471.8 1.04731
1119000 0.55 300.679 130.207 -21170.5 3363.69 -17806.8 54309.8 1.05043
1120000 0.55 301.23 -141.164 -21181.3 3369.86 -17811.5 54085 1.05478
1121000 0.55 299.761 -31.5858 -21163.4 3353.42 -17810 54365.8 1.04934
1122000 0.55 298.454 223.184 -21237.9 3338.8 -17899.1 54330.8 1.05003
1123000 0.55 299.519 -39.9591 -21241.3 3350.72 -17890.6 54423.8 1.04822
1124000 0.55 300.298 -29.7534 -21197.4 3359.43 -17838 54378.1 1.04911
1125000 0.55 299.045 -5.50724 -21175.6 3345.41 -17830.2 54241.4 1.05174
1126000 0.55 302.417 -102.898 -21216.9 3383.13 -17833.8 54536.2 1.04607
1127000 0.55 301.808 -175.72 -21155.3 3376.32 -17779 54533.5 1.04613
1128000 0.55 300.933 -135.618 -21190.7 3366.53 -17824.2 54712.3 1.04269
1129000 0.55 301.705 -44.629 -21167 3375.17 -17791.8 54050.6 1.05547
1130000 0.55 299.755 -39.4952 -21134.6 3353.36 -17781.3 53863.9 1.05912
1131000 0.55 298.448 109.706 -21122.4 3338.74 -17783.7 54017.5 1.0561
1132000 0.55 299.445 122.582 -21150.2 3349.88 -17800.4 54451 1.04772
1133000 0.55 300.39 -153.921 -21153 3360.45 -17792.6 54553.8 1.04572
1134000 0.55 300.29 112.146 -21150 3359.34 -17790.6 54077.2 1.05493
1135000 0.55 299.115 -239.105 -21123.7 3346.19 -17777.5 54301.6 1.05058
1136000 0.55 300.896 22.5322 -21095.3 3366.12 -17729.1 54148.5 1.05355
1137000 0.55 298.334 -154.066 -21134.1 3337.46 -17796.6 54490.7 1.04693
1138000 0.55 300.351 -90.6536 -21232 3360.02 -17872 54197.1 1.05264
1139000 0.55 299.507 -79.9586 -21180.3 3350.58 -17829.7 54462.1 1.04748
1140000 0.55 299.206 25.834 -21148.6 3347.21 -17801.4 54411.4 1.04845
1141000 0.55 299.929 -63.6716 -21157.3 3355.3 -17802 54760.9 1.04177
1142000 0.55 300.538 199.608 -21181.9 3362.11 -17819.8 54611.5 1.04463
1143000 0.55 300.317 11.8151 -21137.4 3359.64 -17777.7 54446.1 1.04781
1144000 0.55 300.163 78.7821 -21103.2 3357.91 -17745.3 54677 1.04337
1145000 0.55 301.072 -81.4091 -21183.2 3368.08 -17815.1 54227.2 1.05204
1146000 0.55 299.96 145.789 -21107.5 3355.65 -17751.8 54591.9 1.04499
1147000 0.55 298.935 85.5336 -21094.5 3344.18 -17750.4 54327.3 1.05012
1148000 0.55 300.895 -142.59 -21177.9 3366.1 -17811.8 54508 1.04661
1149000 0.55 296.56 82.693 -21170.6 3317.61 -17853 54419.5 1.0483
1150000 0.55 300.931 -120.789 -21209.8 3366.51 -17843.3 54562.3 1.04556
1151000 0.55 299.074 4.67459 -21135.4 3345.73 -17789.6 54263.3 1.05133
1152000 0.55 299.833 -109.71 -21153.4 3354.22 -17799.2 54428.6 1.04816
1153000 0.55 299.626 25.4208 -21167.7 3351.91 -17815.8 54654.4 1.0438
1154000 0.55 298.439 96.8662 -21127.5 3338.63 -17788.9 54469.5 1.04735
1155000 0.55 299.572 -244.993 -21111.9 3351.31 -17760.6 54412.2 1.04844
1156000 0.55 299.902 114.312 -21170.3 3355 -17815.3 54382.2 1.04902
1157000 0.55 299.844 -102.348 -21144.8 3354.35 -17790.5 54108.4 1.05434
1158000 0.55 300.827 -1.23127 -21228.9 3365.34 -17863.6 54029.4 1.05588
1159000 0.55 301.81 13.1758 -21180.7 3376.34 -17804.3 54398.8 1.04872
1160000 0.55 300.084 -75.5342 -21164.4 3357.03 -17807.4 54404.1 1.0486
1161000 0.55 297.622 113.35 -21208.3 3329.49 -17878.8 54292.1 1.05076
1162000 0.55 299.219 -260.77 -21229.1 3347.36 -17881.7 54275.8 1.05107
1163000 0.55 298.693 -28.3983 -21241.2 3341.47 -17899.7 54109.2 1.05433
1164000 0.55 299.594 227.506 -21167.6 3351.55 -17816 53903.2 1.05834
1165000 0.55 300.017 15.5724 -21251.4 3356.28 -17895.1 54278.2 1.05105
1166000 0.55 300.121 -33.5634 -21177.9 3357.44 -17820.4 54307.4 1.05051
1167000 0.55 298.706 -95.747 -21142.4 3341.62 -17800.7 54696.6 1.04301
1168000 0.55 298.755 -1.58257 -21167.1 3342.17 -17824.9 54434.4 1.04801
1169000 0.55 301.039 -106.862 -21228.9 3367.72 -17861.2 54195.8 1.05264
1170000 0.55 301.292 147.323 -21179.8 3370.55 -17809.3 54233.1 1.05191
1171000 0.55 300.164 9.32458 -21169.3 3357.93 -17811.4 54497.2 1.04681
1172000 0.55 301.022 10.3986 -21142.3 3367.52 -17774.8 54120.1 1.05413
1173000 0.55 298.598 -16.7444 -21146.9 3340.41 -17806.5 54116.6 1.05417
1174000 0.55 300.491 3.84769 -21194.2 3361.59 -17832.7 54230.8 1.05197
1175000 0.55 300.804 -72.2472 -21161.6 3365.09 -17796.5 54121.6 1.05407
1176000 0.55 300.106 107.967 -21168.1 3357.28 -17810.8 54169.8 1.05314
1177000 0.55 300.509 -22.8944 -21193.1 3361.78 -17831.3 54088.9 1.05471
1178000 0.55 300.229 -70.0476 -21160 3358.66 -17801.3 54403.9 1.04862
1179000 0.55 300.568 -209.624 -21153.5 3362.44 -17791 54088.3 1.05472
1180000 0.55 300.331 -353.361 -21183.5 3359.8 -17823.7 54262.4 1.05134
1181000 0.55 299.521 -111.297 -21152.2 3350.74 -17801.5 54140.2 1.05371
1182000 0.55 299.518 -63.2043 -21169.9 3350.71 -17819.2 54011.8 1.05623
1183000 0.55 300.455 -287.108 -21115.7 3361.18 -17754.5 54450.2 1.04771
1184000 0.55 299.989 232.808 -21156.5 3355.98 -17800.6 54435 1.04801
1185000 0.55 301.436 164.925 -21159.9 3372.16 -17787.8 54370.2 1.04925
1186000 0.55 299.843 176.872 -21207.6 3354.34 -17853.2 54119.6 1.05411
1187000 0.55 300.104 -59.8744 -21160.5 3357.26 -17803.2 54548.2 1.04586
1188000 0.55 300.375 -231.106 -21169.2 3360.29 -17808.9 54514.3 1.04648
1189000 0.55 300.58 -183.582 -21142.2 3362.58 -17779.7 54206 1.05243
1190000 0.55 301.249 -55.1905 -21141.7 3370.07 -17771.6 53946.9 1.05749
1191000 0.55 299.556 101.116 -21117.9 3351.13 -17766.8 54113.9 1.05423
1192000 0.55 298.586 233.112 -21087.3 3340.28 -17747 54074.8 1.05499
1193000 0.55 299.504 184.12 -21215.1 3350.54 -17864.5 54120.3 1.05411
1194000 0.55 299.54 158.625 -21215.5 3350.95 -17864.6 54425.7 1.04818
1195000 0.55 301.727 18.6937 -21171.7 3375.42 -17796.3 54524.2 1.0463
1196000 0.55 298.931 222.643 -21127.5 3344.14 -17783.4 54284.6 1.05092
1197000 0.55 298.569 -86.2254 -21133.9 3340.08 -17793.8 54224.2 1.05211
1198000 0.55 300.808 2.49383 -21189.6 3365.13 -17824.5 54182.4 1.05288
1199000 0.55 300.183 225.772 -21159.2 3358.14 -17801.1 54138.2 1.05376
1200000 0.55 300.801 -20.0724 -21151.7 3365.05 -17786.7 54248.9 1.05162
1201000 0.55 302.269 -59.5391 -21199.1 3381.48 -17817.6 54603.4 1.04477
1202000 0.55 302.41 156.841 -21227.7 3383.05 -17844.6 54625 1.04435
1203000 0.55 302.108 -96.937 -21207.6 3379.68 -17827.9 54691.6 1.04309
1204000 0.55 298.584 -150.264 -21184.8 3340.26 -17844.6 54696.7 1.043
1205000 0.55 298.732 192.348 -21182.1 3341.91 -17840.2 54546.6 1.04586
1206000 0.55 300.771 101.234 -21147.2 3364.72 -17782.4 54318.2 1.05028
1207000 0.55 299.698 -15.8721 -21174.1 3352.71 -17821.3 54344.9 1.04974
1208000 0.55 299.928 85.9302 -21153.7 3355.29 -17798.4 54152.4 1.05348
1209000 0.55 299.503 164.63 -21192.7 3350.53 -17842.1 54329.5 1.05004
1210000 0.55 301.766 -66.111 -21232.1 3375.85 -17856.3 54447.8 1.04775
1211000 0.55 299.159 -282.199 -21235.8 3346.69 -17889.1 54567.2 1.04548
1212000 0.55 300.662 78.4044 -21184.4 3363.5 -17820.9 54197.4 1.05261
1213000 0.55 300.126 264.329 -21182.9 3357.5 -17825.4 54018.8 1.05611
1214000 0.55 298.489 -87.3652 -21170.8 3339.19 -17831.6 53979.2 1.05685
1215000 0.55 300.659 -14.8243 -21111.3 3363.47 -17747.8 54123.1 1.05405
1216000 0.55 299.688 135.756 -21131.3 3352.61 -17778.7 54067.8 1.05514
1217000 0.55 300.319 -24.6007 -21170.7 3359.67 -17811 54300.5 1.05061
1218000 0.55 299.59 -91.9129 -21167.8 3351.51 -17816.3 54177.9 1.05299
1219000 0.55 302.895 -34.2007 -21103.7 3388.48 -17715.3 54427.8 1.04814
1220000 0.55 298.656 -59.112 -21119.6 3341.06 -17778.5 54072.7 1.05503
1221000 0.55 300.296 -159 -21143.4 3359.4 -17784 54436.6 1.04798
1222000 0.55 298.897 94.9198 -21159.5 3343.75 -17815.7 54377.2 1.04913
1223000 0.55 300.952 44.2007 -21110.8 3366.75 -17744 54302.6 1.05056
1224000 0.55 301.014 -236.872 -21072.7 3367.44 -17705.3 54625.2 1.04437
1225000 0.55 298.798 -17.3646 -21102.8 3342.64 -17760.2 54179.6 1.05296
1226000 0.55 300.453 -16.5743 -21087.7 3361.16 -17726.6 54166.5 1.0532
1227000 0.55 300.288 -85.3029 -21077.8 3359.32 -17718.4 53946.4 1.05751
1228000 0.55 299.059 39.888 -21149.9 3345.56 -17804.3 54067.6 1.05513
1229000 0.55 301.595 -215.326 -21130.2 3373.94 -17756.3 54474.5 1.04726
1230000 0.55 301.573 3.56052 -21135.9 3373.69 -17762.2 54267 1.05126
1231000 0.55 299.116 -17.9599 -21102.6 3346.2 -17756.4 54301.3 1.05059
1232000 0.55 299.423 152.242 -21075.9 3349.64 -17726.2 54457.6 1.04758
1233000 0.55 298.777 126.15 -21144 3342.41 -17801.6 54403.3 1.04862
1234000 0.55 301.268 -129.882 -21208.1 3370.28 -17837.8 54274.1 1.0511
1235000 0.55 299.546 -110.239 -21169.2 3351.02 -17818.2 54228 1.052
1236000 0.55 299.538 164.21 -21118.8 3350.92 -17767.8 54501 1.04673
1237000 0.55 299.839 -35.2579 -21129.3 3354.29 -17775 54679.5 1.04332
1238000 0.55 300.048 16.6794 -21251.3 3356.63 -17894.7 54281.5 1.05097
1239000 0.55 300.076 45.7247 -21229.9 3356.94 -17873 54271.5 1.05115
1240000 0.55 300.992 -209.517 -21103 3367.19 -17735.8 54658.5 1.04372
1241000 0.55 300.264 168.502 -21127.8 3359.04 -17768.8 54082.7 1.05484
1242000 0.55 299.721 93.9976 -21177.8 3352.97 -17824.8 54586.2 1.04511
1243000 0.55 299.205 -178.068 -21121.1 3347.2 -17773.9 54519.5 1.04638
1244000 0.55 299.422 107.459 -21172.5 3349.63 -17822.9 54093.8 1.05461
1245000 0.55 300.153 60.6076 -21135.3 3357.81 -17777.5 54233.7 1.05191
1246000 0.55 300.167 113.538 -21216 3357.96 -17858.1 54296.6 1.05068
1247000 0.55 298.789 92.793 -21123.9 3342.55 -17781.3 54343.7 1.04977
1248000 0.55 299.798 68.905 -21096.4 3353.84 -17742.5 54085.1 1.05478
1249000 0.55 302.108 -58.868 -21179.4 3379.68 -17799.7 54183.6 1.05288
1250000 0.55 298.988 -269.316 -21168.7 3344.78 -17824 54433.5 1.04803
1251000 0.55 301.912 56.3989 -21135.4 3377.48 -17758 54226.2 1.05204
1252000 0.55 297.279 -157.72 -21154.1 3325.65 -17828.4 54264.8 1.05131
1253000 0.55 298.618 56.8078 -21051.6 3340.63 -17711 54108.8 1.05434
1254000 0.55 300.416 -32.8035 -21123.6 3360.75 -17762.8 54072.6 1.05502
1255000 0.55 300.088 116.007 -21100.2 3357.08 -17743.1 54081 1.05487
1256000 0.55 299.264 234.529 -21123.3 3347.86 -17775.5 54189 1.05277
1257000 0.55 300.148 -83.6318 -21118.7 3357.75 -17761 54441.6 1.04789
1258000 0.55 298.934 152.409 -21139.9 3344.17 -17795.7 54509.5 1.04658
1259000 0.55 299.99 34.0185 -21193.9 3355.98 -17837.9 54820.1 1.04064
1260000 0.55 299.202 -24.3468 -21133.4 3347.16 -17786.2 54443.8 1.04783
1261000 0.55 299.134 44.6513 -21169.3 3346.41 -17822.9 54067.8 1.05512
1262000 0.55 299.275 -89.4142 -21109 3347.99 -17761 54398.9 1.04872
1263000 0.55 300.284 27.5933 -21152.7 3359.27 -17793.4 53927 1.05787
1264000 0.55 299.693 94.3737 -21140.1 3352.66 -17787.4 54266.9 1.05125
1265000 0.55 301.58 -50.063 -21152.5 3373.77 -17778.7 54278.8 1.05103
1266000 0.55 299.183 40.0823 -21149.2 3346.96 -17802.2 54474.8 1.04727
1267000 0.55 298.632 128.197 -21086 3340.79 -17745.2 54191.1 1.05272
1268000 0.55 303.093 75.9193 -21143.1 3390.7 -17752.4 54026.4 1.05594
1269000 0.55 300.633 -84.1054 -21112.7 3363.17 -17749.6 54252.7 1.05154
1270000 0.55 299.691 95.6855 -21130.2 3352.64 -17777.6 54173.8 1.05306
1271000 0.55 298.434 181.692 -21196.6 3338.57 -17858 54329.8 1.05003
1272000 0.55 298.63 252.242 -21142.2 3340.77 -17801.4 54082.8 1.05483
1273000 0.55 301.381 -84.9995 -21145.1 3371.55 -17773.6 54361 1.04943
1274000 0.55 298.189 149.324 -21137.9 3335.83 -17802 54048.3 1.05552
1275000 0.55 301.951 -54.7491 -21087.1 3377.93 -17709.2 54305.3 1.05054
1276000 0.55 299.317 40.2454 -21112.5 3348.45 -17764 54116.7 1.05418
1277000 0.55 300.812 99.8523 -21099.9 3365.18 -17734.7 54199.7 1.05256
1278000 0.55 299.662 -37.7282 -21133.9 3352.31 -17781.6 54259.4 1.05139
1279000 0.55 299.508 -17.8648 -21093.8 3350.59 -17743.2 54391.9 1.04887
1280000 0.55 300.627 -154.318 -21134.3 3363.1 -17771.2 54225.4 1.05207
1281000 0.55 298.064 40.0576 -21208.9 3334.44 -17874.5 54139.5 1.05372
1282000 0.55 300.352 143.15 -21207.3 3360.04 -17847.3 54048.3 1.05552
1283000 0.55 297.273 126.272 -21198 3325.59 -17872.4 54041.4 1.05568
1284000 0.55 302.147 0.244998 -21108.3 3380.12 -17728.1 54163.2 1.05326
1285000 0.55 300.341 15.6238 -21145.4 3359.9 -17785.5 54688.1 1.04317
1286000 0.55 299.471 -61.4438 -21180.5 3350.17 -17830.3 54673.8 1.04343
1287000 0.55 298.875 -34.4647 -21167.3 3343.51 -17823.8 54409.2 1.0485
1288000 0.55 298.438 -176.914 -21149.3 3338.62 -17810.7 54268.2 1.05123
1289000 0.55 300.316 261.34 -21098.1 3359.63 -17738.4 54199.6 1.05258
1290000 0.55 300.402 -167.933 -21123.7 3360.59 -17763.1 54312.7 1.05037
1291000 0.55 299.378 12.3046 -21127.5 3349.14 -17778.4 54630.3 1.04426
1292000 0.55 298.735 131.359 -21167.6 3341.94 -17825.7 54308 1.05045
1293000 0.55 300.213 99.505 -21151.6 3358.48 -17793.1 54151.8 1.05349
1294000 0.55 301.284 67.436 -21230.4 3370.46 -17859.9 54350.5 1.04965
1295000 0.55 301.813 -255.195 -21171.9 3376.38 -17795.5 54444.1 1.04785
1296000 0.55 299.904 -66.4244 -21163.8 3355.02 -17808.8 54425.8 1.04819
1297000 0.55 299.704 77.3939 -21200.6 3352.78 -17847.8 54339.4 1.04984
1298000 0.55 299.731 271.076 -21200.2 3353.09 -17847.1 54259.5 1.05141
1299000 0.55 298.212 117.314 -21178.1 3336.09 -17842 54308.9 1.05043
1300000 0.55 299.999 -95.9199 -21149.4 3356.09 -17793.3 54212.9 1.05229
1301000 0.55 299.397 4.86478 -21157.3 3349.35 -17808 53907 1.05827
1302000 0.55 301.051 242.012 -21172.8 3367.85 -17805 54106 1.05439
1303000 0.55 300.127 -119.622 -21175 3357.52 -17817.5 54352.7 1.04959
1304000 0.55 299.96 -7.66236 -21139.5 3355.65 -17783.9 54102.5 1.05445
1305000 0.55 300.703 -150.772 -21167.9 3363.96 -17803.9 54684.1 1.04324
1306000 0.55 300.93 56.659 -21155.9 3366.5 -17789.4 54806.6 1.0409
1307000 0.55 299.965 192.777 -21163.6 3355.71 -17807.9 54337.8 1.0499
1308000 0.55 300.907 138.237 -21124.4 3366.24 -17758.2 54558.3 1.04563
1309000 0.55 298.655 -252.658 -21115.1 3341.05 -17774.1 54388.3 1.04891
1310000 0.55 299.267 -286.085 -21149.2 3347.89 -17801.3 54147.5 1.05358
1311000 0.55 299.122 -314.358 -21156.7 3346.27 -17810.4 54202.4 1.0525
1312000 0.55 299.32 85.667 -21144.2 3348.49 -17795.7 54095.4 1.05458
1313000 0.55 299.915 -3.87282 -21137.5 3355.14 -17782.4 54534.5 1.04611
1314000 0.55 299.53 -81.5051 -21184 3350.84 -17833.1 54548.9 1.04582
1315000 0.55 300.223 113.201 -21213.4 3358.59 -17854.8 54318.1 1.05025
1316000 0.55 298.346 -2.15144 -21186 3337.59 -17848.4 54083.6 1.05482
1317000 0.55 300.242 -77.3492 -21120.9 3358.81 -17762.1 54356.4 1.04953
1318000 0.55 300.861 21.2285 -21069.9 3365.72 -17704.2 54510.9 1.04656
1319000 0.55 300.276 -40.3124 -21137.5 3359.18 -17778.3 54088.4 1.05473
1320000 0.55 300.65 -284.437 -21161.2 3363.36 -17797.8 54461.4 1.0475
1321000 0.55 298.592 37.8195 -21165.5 3340.34 -17825.2 54177 1.053
1322000 0.55 299.763 188.756 -21147.4 3353.44 -17794 54196.5 1.05261
1323000 0.55 299.83 0.135915 -21110.3 3354.19 -17756.1 54218.1 1.05219
1324000 0.55 300.031 -52.8937 -21170.3 3356.44 -17813.8 54034.6 1.05577
1325000 0.55 299.028 74.5485 -21213.6 3345.22 -17868.3 54095.1 1.0546
1326000 0.55 299.275 -151.553 -21142.6 3347.99 -17794.6 54428.8 1.04815
1327000 0.55 299.474 52.1588 -21168.1 3350.21 -17817.9 54161 1.05331
1328000 0.55 300.465 -2.7601 -21104.9 3361.3 -17743.6 54455.4 1.04763
1329000 0.55 298.656 -60.0608 -21170.6 3341.06 -17829.6 54338.2 1.04988
1330000 0.55 298.776 -5.43478 -21187.5 3342.4 -17845.1 53924.3 1.05794
1331000 0.55 299.203 -71.2511 -21177.2 3347.18 -17830 54135.2 1.05381
1332000 0.55 300.391 -75.7508 -21220.7 3360.47 -17860.2 53984.6 1.05676
1333000 0.55 299.901 -61.0369 -21133.9 3354.99 -17778.9 54454.1 1.04764
1334000 0.55 299.13 226.275 -21177 3346.36 -17830.6 54082.1 1.05485
1335000 0.55 298.812 14.0251 -21156.7 3342.81 -17813.9 54109.7 1.05432
1336000 0.55 299.869 -139.369 -21123 3354.63 -17768.4 54297.1 1.05066
1337000 0.55 300.242 139.939 -21148.7 3358.81 -17789.9 54350.9 1.04964
1338000 0.55 299.872 31.7002 -21105.5 3354.66 -17750.9 54334.3 1.04995
1339000 0.55 297.915 245.172 -21103.1 3332.77 -17770.3 54314.8 1.05033
1340000 0.55 301.099 -335.299 -21215.3 3368.39 -17846.9 54264.4 1.05131
1341000 0.55 300.115 65.0729 -21217.3 3357.38 -17859.9 54123.2 1.05404
1342000 0.55 298.296 319.126 -21136.7 3337.04 -17799.6 54501.4 1.04673
1343000 0.55 300.544 130.929 -21125.2 3362.18 -17763 54390.8 1.04887
1344000 0.55 298.234 -55.2454 -21194.6 3336.34 -17858.3 54458.4 1.04755
1345000 0.55 299.628 -19.9071 -21210.7 3351.94 -17858.8 54607.5 1.04472
1346000 0.55 300.097 -110.98 -21182 3357.18 -17824.8 54953.7 1.03812
1347000 0.55 299.983 95.8047 -21170 3355.91 -17814.1 54408.8 1.04851
1348000 0.55 297.398 72.8811 -21197.2 3326.98 -17870.2 54058.2 1.05531
1349000 0.55 300.351 -83.7076 -21119.4 3360.02 -17759.4 54545.4 1.04592
1350000 0.55 300.978 -117.488 -21177.2 3367.04 -17810.2 54601.3 1.04481
1351000 0.55 301.369 -87.2832 -21171.3 3371.41 -17799.8 54510.8 1.04657
1352000 0.55 300.763 7.02176 -21167.2 3364.63 -17802.5 54523.3 1.04633
1353000 0.55 302.436 -257.659 -21112.6 3383.34 -17729.3 54607.5 1.04471
1354000 0.55 299.599 126.474 -21081.3 3351.61 -17729.7 54408.5 1.04851
1355000 0.55 298.166 -88.3545 -21178.5 3335.58 -17842.9 54085.6 1.05477
1356000 0.55 296.62 100.609 -21136.3 3318.28 -17818 54137.9 1.05378
1357000 0.55 300.791 58.6317 -21179 3364.95 -17814 54425.1 1.0482
1358000 0.55 301.354 -176.964 -21119.6 3371.25 -17748.4 54347.9 1.0497
1359000 0.55 299.889 228.286 -21150.9 3354.86 -17796.1 53843.9 1.05951
1360000 0.55 299.329 -194.123 -21192.8 3348.58 -17844.2 54068.2 1.05512
1361000 0.55 300.527 -32.6494 -21149 3361.99 -17787 54221.9 1.05213
1362000 0.55 299.107 -72.2586 -21149.4 3346.1 -17803.3 54422.1 1.04825
1363000 0.55 299.19 38.23 -21165.6 3347.03 -17818.5 54331 1.05002
1364000 0.55 297.933 -40.0116 -21153.4 3332.97 -17820.4 54538.2 1.04605
1365000 0.55 299.683 243.775 -21105.3 3352.55 -17752.8 54375.1 1.04917
1366000 0.55 299.164 94.5022 -21116.5 3346.74 -17769.7 54198.3 1.05259
1367000 0.55 302.332 -83.4801 -21183.9 3382.18 -17801.7 54076.7 1.05496
1368000 0.55 299.942 -392.605 -21141.9 3355.44 -17786.5 54324 1.05014
1369000 0.55 301.402 -118.451 -21167.4 3371.77 -17795.6 54136.4 1.05378
1370000 0.55 300.077 46.3433 -21126.6 3356.96 -17769.7 54341.9 1.04979
1371000 0.55 300.411 72.2671 -21090.1 3360.7 -17729.4 54467.9 1.04737
1372000 0.55 301.401 -112.767 -21169.6 3371.76 -17797.8 54159.4 1.05333
1373000 0.55 299.795 -350.809 -21180.9 3353.8 -17827.1 54641.6 1.04406
1374000 0.55 300.436 -310.006 -21162.6 3360.97 -17801.6 54299.2 1.05063
1375000 0.55 299.278 74.9285 -21175.6 3348.02 -17827.5 54417.2 1.04838
1376000 0.55 301.829 18.0269 -21141.9 3376.56 -17765.3 54787.7 1.04127
1377000 0.55 299.933 3.72069 -21157.5 3355.35 -17802.2 54744.1 1.04208
1378000 0.55 300.112 9.60381 -21233.8 3357.34 -17876.4 54591.5 1.045
1379000 0.55 297.838 23.538 -21217.4 3331.91 -17885.5 54665.3 1.04359
1380000 0.55 300.161 156.808 -21163.2 3357.89 -17805.3 54458.7 1.04756
1381000 0.55 300.676 -49.2983 -21163.9 3363.66 -17800.2 54085 1.0548
1382000 0.55 302.722 -246.445 -21153.4 3386.54 -17766.9 54575.1 1.04531
1383000 0.55 299.563 168.103 -21183.1 3351.21 -17831.9 54551.6 1.04576
1384000 0.55 299.752 125.292 -21199.1 3353.32 -17845.8 54384.8 1.04899
1385000 0.55 299.819 84.0644 -21127.2 3354.06 -17773.1 54363.9 1.04936
1386000 0.55 299.399 -258.283 -21179 3349.38 -17829.6 53984.4 1.05675
1387000 0.55 300.723 -221.328 -21151.4 3364.18 -17787.2 54283.5 1.05094
1388000 0.55 298.841 157.316 -21137.3 3343.13 -17794.2 54435.8 1.04799
1389000 0.55 300.127 84.6197 -21167.3 3357.51 -17809.8 54368.4 1.0493
1390000 0.55 299.322 144.04 -21201.9 3348.51 -17853.4 54489.2 1.04697
1391000 0.55 301.268 -19.4417 -21139.6 3370.28 -17769.3 54420.5 1.04828
1392000 0.55 298.853 54.2848 -21203.7 3343.26 -17860.5 54403.1 1.04862
1393000 0.55 299.407 30.2876 -21176.6 3349.46 -17827.2 54422.1 1.04825
1394000 0.55 299.168 50.3223 -21183.3 3346.78 -17836.5 54648.9 1.04391
1395000 0.55 300.602 83.8927 -21171 3362.82 -17808.1 54398 1.04873
1396000 0.55 299.964 135.744 -21209.6 3355.69 -17853.9 54544.9 1.04592
1397000 0.55 299.208 -133.73 -21144.5 3347.23 -17797.3 54732.4 1.04231
1398000 0.55 300.109 142.493 -21179.1 3357.31 -17821.8 54669.9 1.04352
1399000 0.55 301.478 -34.9856 -21116.5 3372.62 -17743.8 54201.2 1.05252
1400000 0.55 298.814 -275.685 -21128.2 3342.83 -17785.4 54383.3 1.04901
1401000 0.55 298.886 -10.8581 -21142.3 3343.63 -17798.7 54580.7 1.04521
1402000 0.55 301.567 32.4381 -21141 3373.62 -17767.4 54377.5 1.04913
1403000 0.55 297.932 -145.338 -21097.3 3332.96 -17764.4 54186.8 1.05281
1404000 0.55 300.427 45.7553 -21215.7 3360.87 -17854.9 54601.2 1.04482
1405000 0.55 300.449 10.0828 -21176.7 3361.12 -17815.6 54270.2 1.05118
1406000 0.55 301.59 148.025 -21108.1 3373.88 -17734.2 54361 1.04943
1407000 0.55 297.82 122.661 -21134.4 3331.7 -17802.7 54216.4 1.05224
1408000 0.55 299.637 -61.961 -21177.8 3352.03 -17825.8 54313.9 1.05035
1409000 0.55 300.257 -33.5834 -21172.2 3358.96 -17813.2 54283.8 1.05094
1410000 0.55 299.349 -142.141 -21145.7 3348.81 -17796.9 54466.9 1.0474
1411000 0.55 299.999 69.6817 -21155 3356.08 -17799 54381.7 1.04903
1412000 0.55 300.301 -341.372 -21192.2 3359.47 -17832.8 54072 1.05505
1413000 0.55 300.307 -303.72 -21232.5 3359.52 -17873 54174.1 1.05305
1414000 0.55 299.184 -108.342 -21132.4 3346.97 -17785.4 54439.4 1.04791
1415000 0.55 297.832 178.655 -21203.8 3331.85 -17872 54154.8 1.05345
1416000 0.55 297.696 -53.1138 -21190.5 3330.32 -17860.2 54631.8 1.04423
1417000 0.55 301.799 -78.2056 -21151.4 3376.22 -17775.1 54586.2 1.04511
1418000 0.55 302.806 -169.761 -21160.7 3387.49 -17773.2 54378.3 1.0491
1419000 0.55 301.387 -25.8144 -21111.4 3371.61 -17739.8 54473.6 1.04728
1420000 0.55 299.514 -7.70792 -21211.6 3350.66 -17860.9 54340 1.04984
1421000 0.55 299.259 -219.462 -21199.6 3347.81 -17851.8 54344 1.04976
1422000 0.55 300.235 65.0375 -21175 3358.72 -17816.3 54272 1.05115
1423000 0.55 300.331 74.404 -21197.7 3359.79 -17837.9 54434.8 1.04802
1424000 0.55 302.376 -191.877 -21158.4 3382.68 -17775.7 54551.5 1.04577
1425000 0.55 301.802 187.366 -21177.4 3376.25 -17801.1 54493.1 1.04689
1426000 0.55 300.582 134.699 -21156.3 3362.61 -17793.7 54564.4 1.04553
1427000 0.55 301.527 -71.1875 -21159.8 3373.18 -17786.6 54589 1.04504
1428000 0.55 299.831 -274.729 -21143.1 3354.2 -17788.9 54699.8 1.04293
1429000 0.55 300.116 180.934 -21129.4 3357.39 -17772 54310 1.05045
1430000 0.55 302.249 22.0156 -21178.1 3381.26 -17796.8 54577.1 1.04527
1431000 0.55 300.323 115.198 -21192.9 3359.71 -17833.2 54254.7 1.05148
1432000 0.55 300.28 -46.0162 -21182.1 3359.23 -17822.9 54544.3 1.04591
1433000 0.55 300.752 160.442 -21183.4 3364.5 -17818.9 54446.4 1.04781
1434000 0.55 300.156 34.3955 -21144.5 3357.84 -17786.7 54220.1 1.05215
1435000 0.55 298.166 -79.4868 -21174 3335.58 -17838.4 54330.5 1.05002
1436000 0.55 300.631 207.517 -21225.8 3363.15 -17862.7 54018.3 1.05609
1437000 0.55 300.77 -10.9197 -21172.1 3364.7 -17807.4 54027.6 1.05591
1438000 0.55 300.407 -44.6509 -21133.5 3360.64 -17772.9 54418.2 1.04832
1439000 0.55 300.83 -88.3117 -21206.5 3365.38 -17841.1 54274.4 1.05111
1440000 0.55 299.355 140.8 -21103.9 3348.88 -17755 53975.2 1.05693
1441000 0.55 300.681 197.164 -21141.3 3363.72 -17777.5 54484 1.0471
1442000 0.55 300.967 -58.7877 -21158.9 3366.91 -17792 54557.3 1.04566
1443000 0.55 300.682 138.127 -21214.9 3363.72 -17851.2 54089.9 1.05469
1444000 0.55 301.06 20.3501 -21148 3367.96 -17780.1 54025.4 1.05596
1445000 0.55 302.011 -10.9519 -21163.5 3378.59 -17784.9 54134.6 1.05382
1446000 0.55 298.332 63.4863 -21271.3 3337.44 -17933.9 54007.7 1.05631
1447000 0.55 297.712 -43.089 -21234.6 3330.5 -17904.1 54457 1.04758
1448000 0.55 301.097 -308.574 -21159.8 3368.36 -17791.4 54464.4 1.04744
1449000 0.55 299.822 -97.9798 -21144.2 3354.1 -17790.1 54454.7 1.04763
1450000 0.55 297.77 110.539 -21161.2 3331.14 -17830.1 54247.8 1.05162
1451000 0.55 300.633 -7.32817 -21156.2 3363.18 -17793 54522.3 1.04636
1452000 0.55 299.887 48.366 -21105.8 3354.83 -17750.9 54031.8 1.05585
1453000 0.55 298.675 82.8115 -21125.6 3341.27 -17784.3 54200.7 1.05253
1454000 0.55 300.217 -290.254 -21171.5 3358.52 -17813 54311.3 1.05043
1455000 0.55 298.98 -61.0644 -21189.8 3344.68 -17845.1 53941.1 1.05761
1456000 0.55 299.872 4.58684 -21220.6 3354.67 -17866 54296.4 1.05069
1457000 0.55 300.506 -1.45515 -21137.4 3361.75 -17775.6 54635.1 1.04417
1458000 0.55 300.749 -166.396 -21150.3 3364.47 -17785.8 54247.1 1.05164
1459000 0.55 300.477 -324.763 -21093.4 3361.43 -17732 54101.7 1.05446
1460000 0.55 300.35 150.956 -21093.3 3360.01 -17733.3 54157.1 1.05338
1461000 0.55 298.777 -46.4833 -21110 3342.41 -17767.6 54345.9 1.04972
1462000 0.55 299.712 -56.6231 -21143.6 3352.88 -17790.7 54422 1.04825
1463000 0.55 298.854 168.245 -21122.7 3343.28 -17779.4 54396.3 1.04874
1464000 0.55 298.53 -69.0234 -21181.7 3339.65 -17842.1 54547.8 1.04585
1465000 0.55 301.553 229.711 -21171.6 3373.47 -17798.1 54349.4 1.04965
1466000 0.55 300.004 -9.40414 -21211.6 3356.14 -17855.5 54433.9 1.04803
1467000 0.55 300.31 -29.6434 -21134 3359.56 -17774.4 54248.8 1.0516
1468000 0.55 299.038 31.9727 -21155 3345.33 -17809.6 54158.1 1.05336
1469000 0.55 299.264 -74.1874 -21173.1 3347.86 -17825.2 54361.4 1.04942
1470000 0.55 300.631 -8.74867 -21158.8 3363.16 -17795.6 54124.8 1.05402
1471000 0.55 301.143 -97.1025 -21154.9 3368.88 -17786 54388.4 1.0489
1472000 0.55 300.432 -190.215 -21143.6 3360.92 -17782.6 54585.9 1.0451
1473000 0.55 301.592 139.799 -21196.2 3373.9 -17822.3 54525.4 1.04627
1474000 0.55 300.445 -17.308 -21138.1 3361.07 -17777.1 54454.8 1.04762
1475000 0.55 297.295 192.647 -21144.8 3325.83 -17818.9 54136.2 1.05379
1476000 0.55 298.934 109.711 -21204.3 3344.16 -17860.2 54108 1.05437
1477000 0.55 298.712 94.2866 -21196.6 3341.69 -17854.9 54278.1 1.05103
1478000 0.55 299.179 35.9527 -21206.1 3346.91 -17859.1 54333.9 1.04995
1479000 0.55 300.392 74.5346 -21121.3 3360.48 -17760.8 54624.9 1.04436
1480000 0.55 298.09 85.7132 -21104.3 3334.73 -17769.5 53889.7 1.05861
1481000 0.55 298.187 -34.1073 -21118.5 3335.81 -17782.7 54090.5 1.05469
1482000 0.55 300.71 -111.445 -21117.7 3364.04 -17753.6 53964.2 1.05716
1483000 0.55 300.065 286.788 -21131.7 3356.82 -17774.8 54184.4 1.05285
1484000 0.55 300.005 108.009 -21118.2 3356.16 -17762.1 54196.1 1.05263
1485000 0.55 299.484 -6.73593 -21114.8 3350.32 -17764.5 54445.4 1.04782
1486000 0.55 298.248 59.1579 -21121.2 3336.49 -17784.7 54584.1 1.04515
1487000 0.55 300.111 116.741 -21215.5 3357.33 -17858.2 54051.4 1.05545
1488000 0.55 298.976 -52.7674 -21132.8 3344.64 -17788.1 54115.6 1.05418
1489000 0.55 300.281 471.69 -21164.3 3359.24 -17805 54221.6 1.05213
1490000 0.55 301.078 74.9239 -21155.8 3368.15 -17787.6 54382 1.04904
1491000 0.55 299.179 70.5217 -21093.9 3346.9 -17747 54175.6 1.05306
1492000 0.55 300.668 49.8424 -21115 3363.56 -17751.4 54264.1 1.0513
1493000 0.55 300.656 -101.792 -21086.6 3363.43 -17723.1 54018.5 1.05608
1494000 0.55 298.31 -110.919 -21162.9 3337.19 -17825.7 54240.5 1.0518
1495000 0.55 302.097 32.7753 -21202 3379.56 -17822.5 54365.3 1.04935
1496000 0.55 299.223 -24.0279 -21151 3347.4 -17803.6 54392.2 1.04882
1497000 0.55 301.072 -16.6925 -21160.2 3368.08 -17792.1 53928 1.05785
1498000 0.55 301.121 19.2162 -21157.4 3368.64 -17788.8 54466.3 1.04739
1499000 0.55 300.519 54.3886 -21115.4 3361.9 -17753.5 54197.7 1.0526
1500000 0.55 300.032 238.534 -21176.9 3356.45 -17820.4 54012.5 1.0562
1501000 0.55 299.489 -109.769 -21171.2 3350.38 -17820.8 54407.5 1.04853
1502000 0.55 300.962 -117.138 -21197.1 3366.85 -17830.2 54339.1 1.04987
1503000 0.55 300.252 11.1545 -21168.1 3358.91 -17809.1 54110.8 1.05428
1504000 0.55 301.65 57.1384 -21152.4 3374.56 -17777.8 54207.3 1.05241
1505000 0.55 297.309 -71.3291 -21136.7 3325.99 -17810.7 54148.1 1.05356
1506000 0.55 298.611 -134.688 -21139.8 3340.56 -17799.3 54220.3 1.05217
1507000 0.55 299.665 37.9864 -21150.6 3352.35 -17798.2 54458.2 1.04756
1508000 0.55 301.365 19.3096 -21266.6 3371.37 -17895.3 54635.5 1.04417
1509000 0.55 298.938 -163.749 -21242.9 3344.22 -17898.7 54364.4 1.04936
1510000 0.55 300.562 -126.192 -21250.6 3362.38 -17888.2 54076.3 1.05496
1511000 0.55 299.666 132.312 -21185.2 3352.36 -17832.9 54252.5 1.05157
1512000 0.55 300.359 9.86255 -21217.9 3360.11 -17857.8 53949.8 1.05743
1513000 0.55 300.653 169.221 -21192.3 3363.4 -17828.9 54169.8 1.05313
1514000 0.55 299.824 -38.3285 -21125.7 3354.12 -17771.5 53903.2 1.05833
1515000 0.55 300.63 49.32 -21147.5 3363.14 -17784.4 54055.8 1.05536
1516000 0.55 297.672 -82.2561 -21156.2 3330.06 -17826.1 54288.9 1.05085
1517000 0.55 301.126 -217.829 -21184.9 3368.69 -17816.2 53904.3 1.05832
1518000 0.55 299.396 52.5074 -21167.8 3349.34 -17818.4 54096.3 1.05458
1519000 0.55 299.017 105.762 -21135.6 3345.1 -17790.5 54491.2 1.04693
1520000 0.55 299.541 -58.5047 -21112.3 3350.96 -17761.3 54230.9 1.05194
1521000 0.55 299.109 -120.658 -21156.1 3346.12 -17810 54267.6 1.05127
1522000 0.55 298.915 -93.1325 -21216.8 3343.96 -17872.9 54155.8 1.0534
1523000 0.55 300.165 3.50126 -21147.6 3357.94 -17789.6 54205 1.05246
1524000 0.55 298.716 -180.844 -21133 3341.73 -17791.3 54413.6 1.04842
1525000 0.55 300.372 -18.5149 -21088.7 3360.26 -17728.5 54460.2 1.04753
1526000 0.55 299.577 -79.7361 -21095.6 3351.36 -17744.2 54384.4 1.04897
1527000 0.55 298.629 136.488 -21057.5 3340.76 -17716.7 54243 1.05172
1528000 0.55 300.847 -90.0313 -21166.9 3365.57 -17801.3 54111.5 1.05427
1529000 0.55 300.161 -105.343 -21171.2 3357.89 -17813.3 53825.5 1.05989
1530000 0.55 301.42 -205.156 -21157.8 3371.98 -17785.8 54066.4 1.05519
1531000 0.55 299.605 -42.7275 -21143.9 3351.68 -17792.2 54591.8 1.04501
1532000 0.55 301.639 30.5955 -21129.2 3374.42 -17754.8 54361.6 1.04943
1533000 0.55 299.514 -58.3399 -21232.4 3350.66 -17881.8 54419.7 1.04831
1534000 0.55 300.361 9.12751 -21198.8 3360.13 -17838.7 54489.4 1.04697
1535000 0.55 301.218 304.042 -21143.9 3369.72 -17774.1 54380.9 1.04904
1536000 0.55 301.132 -111.2 -21095.8 3368.76 -17727 54528.6 1.04621
1537000 0.55 299.781 -152.119 -21134.9 3353.64 -17781.3 54323.6 1.05018
1538000 0.55 299.567 -70.2423 -21133.2 3351.25 -17782 54736.2 1.04224
1539000 0.55 300.636 90.2714 -21122.2 3363.21 -17758.9 54729.1 1.04237
1540000 0.55 300.654 109.238 -21169.1 3363.41 -17805.7 54472 1.0473
1541000 0.55 300.572 211.461 -21130.5 3362.5 -17768 54282 1.05097
1542000 0.55 299.046 150.448 -21185 3345.42 -17839.5 54419.5 1.04831
1543000 0.55 300.953 58.3567 -21119.5 3366.76 -17752.7 54651.6 1.04385
1544000 0.55 300.974 -92.6788 -21166.2 3366.99 -17799.2 54461.1 1.04757
1545000 0.55 301.123 50.2944 -21136.3 3368.65 -17767.7 54293.6 1.05074
1546000 0.55 300.224 60.007 -21156.2 3358.61 -17797.6 54428 1.04816
1547000 0.55 300.08 128.176 -21126.7 3356.98 -17769.7 54108 1.05436
1548000 0.55 299.293 46.1347 -21160 3348.19 -17811.8 53983 1.05678
1549000 0.55 301.049 32.8091 -21121.7 3367.83 -17753.9 54149.6 1.05353
1550000 0.55 300.109 77.9342 -21198.7 3357.31 -17841.4 54391.4 1.04884
1551000 0.55 300.325 82.6395 -21244.3 3359.72 -17884.6 54633.1 1.0442
1552000 0.55 300.456 7.16903 -21133.5 3361.2 -17772.4 54553.3 1.04574
1553000 0.55 300.037 -162.301 -21146.6 3356.51 -17790.1 54451.9 1.04768
1554000 0.55 300.197 -1.60916 -21185.9 3358.3 -17827.6 54720.2 1.04254
1555000 0.55 299.473 20.1281 -21161 3350.19 -17810.8 54241.7 1.05175
1556000 0.55 299.417 -232.709 -21144.6 3349.57 -17795 54098.8 1.05451
1557000 0.55 298.757 156.083 -21115.5 3342.19 -17773.3 53798.4 1.0604
1558000 0.55 301.023 -77.6947 -21143.1 3367.53 -17775.5 54034.4 1.05579
1559000 0.55 299.163 -257.961 -21104.5 3346.73 -17757.8 54276.3 1.05108
1560000 0.55 301.39 30.8127 -21139.7 3371.65 -17768.1 54333.6 1.04997
1561000 0.55 300.265 79.5278 -21170 3359.06 -17810.9 54499.4 1.0468
1562000 0.55 300.912 -106.102 -21155.8 3366.3 -17789.5 54348.8 1.04969
1563000 0.55 297.722 52.3703 -21164.2 3330.61 -17833.5 54363.6 1.04938
1564000 0.55 300.571 -72.7728 -21092.6 3362.49 -17730.1 54261.8 1.05134
1565000 0.55 300.324 -71.9703 -21139.4 3359.72 -17779.7 54471.2 1.04731
1566000 0.55 299.108 21.8186 -21107 3346.12 -17760.9 54605.2 1.04475
1567000 0.55 300.649 -59.4613 -21145.7 3363.36 -17782.3 54416 1.04837
1568000 0.55 299.601 -114.833 -21151.4 3351.63 -17799.8 54291.3 1.05079
1569000 0.55 298.134 167.834 -21148.1 3335.22 -17812.8 54189.8 1.05275
1570000 0.55 300.262 25.2713 -21210.2 3359.02 -17851.1 54282 1.05095
1571000 0.55 298.091 -135.829 -21142.3 3334.74 -17807.5 54568.5 1.04546
1572000 0.55 300.996 44.2109 -21125.3 3367.24 -17758 54462 1.04749
1573000 0.55 300.055 60.72 -21124.5 3356.7 -17767.8 54417 1.04836
1574000 0.55 299.82 184.187 -21189.5 3354.08 -17835.4 54291.5 1.05077
1575000 0.55 298.386 57.6767 -21217.4 3338.04 -17879.3 54240.3 1.05177
1576000 0.55 300.781 124.394 -21202 3364.83 -17837.2 54567.5 1.04546
1577000 0.55 301.113 -152.74 -21149.7 3368.55 -17781.1 54442.3 1.04786
1578000 0.55 302.437 76.3026 -21120.8 3383.35 -17737.4 54200.1 1.05256
1579000 0.55 300.094 39.459 -21200.6 3357.15 -17843.5 54025.7 1.05595
1580000 0.55 300.293 -5.18914 -21203.4 3359.37 -17844.1 54151.6 1.0535
1581000 0.55 300.303 53.2293 -21236.9 3359.49 -17877.4 54404.4 1.04859
1582000 0.55 298.795 -231.39 -21163 3342.61 -17820.4 54033.7 1.05579
1583000 0.55 298.202 99.8329 -21222.9 3335.98 -17886.9 54123.2 1.05406
1584000 0.55 302.114 -158.725 -21246.6 3379.74 -17866.8 54577.1 1.04527
1585000 0.55 299.28 -156.496 -21188.6 3348.04 -17840.6 54391.7 1.04885
1586000 0.55 301.718 -162.863 -21162.9 3375.31 -17787.6 54182.8 1.0529
1587000 0.55 301.562 -63.6206 -21171.6 3373.57 -17798.1 53968.8 1.05706
1588000 0.55 301.117 -45.8276 -21157.2 3368.59 -17788.6 54200.8 1.05255
1589000 0.55 300.718 108.382 -21169.9 3364.13 -17805.8 54480.2 1.04715
1590000 0.55 299.305 -120.172 -21205.2 3348.32 -17856.9 54536.5 1.04605
1591000 0.55 300.688 -11.5731 -21227.2 3363.79 -17863.4 54373.3 1.04919
1592000 0.55 300.087 53.8816 -21206.8 3357.06 -17849.8 54097.9 1.05454
1593000 0.55 299.028 -141.732 -21202 3345.22 -17856.8 53816.4 1.06006
1594000 0.55 301.001 85.2578 -21180.4 3367.29 -17813.1 54393.8 1.04883
1595000 0.55 300.155 53.2253 -21151.4 3357.83 -17793.6 54404.5 1.04861
1596000 0.55 301.338 -24.4634 -21144.8 3371.06 -17773.7 54167.7 1.05318
1597000 0.55 299.146 -152.217 -21117.6 3346.54 -17771.1 54301 1.05061
1598000 0.55 298.6 -17.2352 -21121.6 3340.44 -17781.2 54476.9 1.04719
1599000 0.55 301.688 -121.572 -21161.5 3374.98 -17786.5 54209.5 1.05236
1600000 0.55 300.723 143.322 -21137.4 3364.18 -17773.2 54389.3 1.04888
