# Time-averaged data for fix msd_avg
# TimeStep c_msd_water[1] c_msd_water[2] c_msd_water[3] c_msd_water[4]
601000 0.698403 0.705094 0.684319 2.08782
602000 1.76609 1.74013 1.60444 5.11066
603000 2.76374 2.69905 2.56281 8.0256
604000 3.38819 3.72328 3.45893 10.5704
605000 4.17071 4.8786 4.41061 13.4599
606000 4.8272 5.66744 5.31148 15.8061
607000 6.03212 6.84064 6.11987 18.9926
608000 6.96964 7.96326 7.04391 21.9768
609000 7.76743 8.76916 8.05278 24.5894
610000 8.59683 9.60059 8.84093 27.0383
611000 9.75048 10.5536 9.94612 30.2502
612000 10.2523 11.0563 10.7122 32.0208
613000 10.5838 12.025 11.5137 34.1225
614000 11.3813 12.7391 12.5515 36.6718
615000 11.982 13.545 13.4363 38.9634
616000 12.8213 14.6252 14.4241 41.8707
617000 13.6009 15.8637 15.3094 44.7739
618000 14.8235 16.8607 15.9984 47.6825
619000 15.6432 17.8189 16.7227 50.1848
620000 16.4683 19.0735 17.3097 52.8515
621000 17.353 19.967 18.5321 55.8521
622000 17.8903 21.1423 19.4731 58.5058
623000 18.3018 22.2239 20.5148 61.0405
624000 19.2482 22.9615 21.5232 63.7329
625000 20.3867 24.4599 22.4648 67.3114
626000 21.4938 25.4861 23.3851 70.3651
627000 22.5236 26.3124 23.9053 72.7413
628000 23.0204 26.7863 24.5866 74.3933
629000 23.7591 27.7308 25.2467 76.7366
630000 24.7398 28.4835 26.5606 79.7839
631000 25.0458 29.612 27.7737 82.4314
632000 25.991 30.7607 28.665 85.4167
633000 27.0615 31.5878 29.0267 87.676
634000 27.7232 33.0416 29.4998 90.2646
635000 28.5665 34.0345 29.7507 92.3517
636000 29.0832 33.9425 30.2332 93.2589
637000 30.2349 35.8841 31.3891 97.508
638000 30.5997 36.9538 32.0176 99.5712
639000 31.6728 37.7174 33.1223 102.513
640000 32.6525 37.998 33.7762 104.427
641000 33.8858 38.5414 34.8935 107.321
642000 34.1323 38.8036 35.9629 108.899
643000 34.8888 39.5157 37.1217 111.526
644000 35.288 40.7132 37.3534 113.355
645000 35.1078 41.3042 37.5795 113.991
646000 35.569 41.9917 38.1112 115.672
647000 36.2242 42.9761 39.4015 118.602
648000 37.0741 44.1062 40.5412 121.721
649000 37.9184 45.4599 42.0055 125.384
650000 38.3693 47.031 42.6593 128.06
651000 39.3456 47.7423 43.4975 130.585
652000 40.2983 48.1529 44.7159 133.167
653000 41.4255 49.0393 45.54 136.005
654000 42.4205 50.4936 46.6333 139.547
655000 43.3168 51.325 47.2595 141.901
656000 43.6189 51.9215 47.4307 142.971
657000 44.7135 52.7394 48.0321 145.485
658000 46.2816 54.251 49.1951 149.728
659000 47.5952 55.0794 50.0761 152.751
660000 48.6896 55.8962 51.5138 156.1
661000 49.4099 57.5417 52.4776 159.429
662000 49.7839 58.3804 53.2885 161.453
663000 50.9445 59.9243 53.5942 164.463
664000 51.6135 61.6613 54.8512 168.126
665000 52.4816 62.4713 55.7998 170.753
666000 52.7606 63.0537 56.0212 171.835
667000 52.8644 64.1547 57.0039 174.023
668000 54.1829 65.4636 57.7957 177.442
669000 54.9303 66.1966 58.7167 179.844
670000 55.9903 67.1821 59.3504 182.523
671000 57.519 67.8049 60.2849 185.609
672000 58.4732 68.7367 60.459 187.669
673000 58.9666 69.6791 60.5572 189.203
674000 59.6671 70.8971 61.4803 192.044
675000 60.7281 71.9869 62.4605 195.175
676000 61.433 73.4088 62.9986 197.84
677000 62.1954 74.2231 64.2008 200.619
678000 62.7263 75.686 65.4428 203.855
679000 63.8627 77.1731 65.9146 206.95
680000 64.4445 78.3725 65.9769 208.794
681000 65.1487 79.4437 67.4325 212.025
682000 66.1947 80.7341 69.0057 215.934
683000 67.2883 81.7303 69.862 218.881
684000 67.7173 81.6259 70.7004 220.044
685000 68.9318 81.8804 71.8907 222.703
686000 69.9291 81.8019 72.7731 224.504
687000 70.6811 82.523 73.3656 226.57
688000 70.9303 82.9165 73.2393 227.086
689000 71.9869 84.2443 74.0939 230.325
690000 72.6669 84.8209 74.7934 232.281
691000 73.7555 85.9033 76.4884 236.147
692000 74.6655 86.9521 77.7748 239.392
693000 75.9828 87.5166 78.5497 242.049
694000 76.5835 88.6436 78.529 243.756
695000 76.7497 89.7499 78.9945 245.494
696000 77.0527 90.0309 79.1903 246.274
697000 77.6134 91.1574 79.2956 248.066
698000 78.5527 91.991 79.5887 250.132
699000 79.0326 92.7035 79.9223 251.658
700000 80.3156 94.4031 80.359 255.078
701000 81.5815 95.8984 81.5515 259.031
702000 81.844 96.0658 82.6874 260.597
703000 82.568 97.9757 83.7876 264.331
704000 82.9491 97.9956 84.554 265.499
705000 84.1212 98.4572 86.2059 268.784
706000 84.6988 99.0242 86.0973 269.82
707000 85.9396 99.2253 87.0318 272.197
708000 87.6872 100.611 88.0366 276.334
709000 88.7797 100.789 89.2129 278.782
710000 89.9234 101.978 90.2206 282.122
711000 91.0055 101.98 90.5647 283.551
712000 92.0202 102.818 91.614 286.452
713000 92.6367 103.449 91.438 287.523
714000 94.6808 104.995 93.2318 292.907
715000 95.1591 105.137 93.6455 293.942
716000 95.9726 105.923 93.9361 295.832
717000 96.3839 107.149 94.2894 297.822
718000 96.8347 107.05 94.7059 298.591
719000 98.8399 107.908 96.029 302.777
720000 99.405 109.123 96.7193 305.247
721000 100.593 110.018 98.0634 308.674
722000 101.878 110.547 98.9452 311.37
723000 102.625 110.87 99.571 313.066
724000 104.941 112.643 101.276 318.861
725000 105.578 113.324 102.564 321.466
726000 107.53 114.229 103.423 325.183
727000 107.803 115.256 104.45 327.509
728000 108.2 116.597 106.302 331.099
729000 107.973 117.036 107.223 332.231
730000 109.26 117.566 108.75 335.576
731000 109.478 117.428 109.158 336.064
732000 110.467 119.457 110.264 340.188
733000 109.995 120.604 110.288 340.887
734000 111.448 121.953 112.253 345.654
735000 111.538 122.69 113.189 347.417
736000 112.224 123.433 113.074 348.731
737000 113.05 123.785 113.211 350.047
738000 113.214 125.496 113.534 352.245
739000 114.209 126.615 115.156 355.979
740000 115.389 127.637 115.774 358.8
741000 116.364 128.675 116.886 361.925
742000 118.512 129.963 118 366.474
743000 119.206 130.629 117.623 367.457
744000 120.262 132.232 119.317 371.811
745000 120.873 133.033 121.185 375.091
746000 122.025 133.823 122.232 378.079
747000 122.691 134.28 123.309 380.28
748000 122.955 134.965 124.208 382.128
749000 122.744 135.541 125.451 383.737
750000 123.979 136.407 126.875 387.261
751000 126.034 136.896 127.691 390.62
752000 127.174 136.977 127.596 391.747
753000 128.531 137.566 129.064 395.161
754000 128.785 137.178 129.878 395.842
755000 129.621 137.902 130.308 397.831
756000 130.235 138.844 131.13 400.208
757000 130.437 139.915 131.699 402.051
758000 131.535 141.551 132.446 405.533
759000 132.856 142.027 132.645 407.528
760000 132.64 141.883 132.881 407.404
761000 133.538 142.151 133.526 409.215
762000 133.941 141.778 133.738 409.457
763000 135.09 143.005 135.253 413.348
764000 136.175 144.175 136.889 417.238
765000 137.173 145.128 139.503 421.803
766000 138.151 145.156 140 423.307
767000 139.081 144.54 139.757 423.377
768000 140.123 144.579 140.507 425.209
769000 142.108 146.198 141.8 430.106
770000 142.287 146.981 142.086 431.354
771000 142.468 148.267 141.964 432.699
772000 142.891 148.628 141.914 433.433
773000 143.992 149.514 143.108 436.614
774000 145.065 149.983 143.248 438.296
775000 146.889 151.304 143.682 441.875
776000 147.717 152.759 143.907 444.384
777000 148.124 154.133 145.091 447.348
778000 148.103 154.72 144.981 447.805
779000 148.511 156.423 147.085 452.018
780000 149.247 157.671 148.579 455.497
781000 148.787 158.051 150.393 457.232
782000 150.8 159.088 152.644 462.533
783000 150.957 159.69 153.881 464.528
784000 151.095 160.067 154.116 465.278
785000 151.352 160.255 154.163 465.77
786000 152.149 162.47 155.47 470.089
787000 152.545 162.289 156.136 470.97
788000 154.248 163.112 156.312 473.672
789000 154.725 164.335 156.635 475.695
790000 156.231 165.787 157.819 479.837
791000 157.251 166.66 158.663 482.574
792000 158.095 166.811 159.521 484.426
793000 158.865 167.977 159.661 486.503
794000 159.389 169.541 160.023 488.953
795000 160.15 170.722 161.356 492.228
796000 161.078 172.668 163.19 496.936
797000 162.872 174.627 165.258 502.756
798000 163.081 175.171 165.075 503.327
799000 164.71 176.248 165.168 506.126
800000 166.133 176.438 167.055 509.626
801000 166.302 176.549 167.18 510.031
802000 167.621 178.696 168.171 514.489
803000 167.498 179.607 168.977 516.083
804000 169.229 180.521 171.188 520.937
805000 170.46 180.843 172.172 523.475
806000 170.126 180.696 172.496 523.318
807000 171.319 182.27 174.012 527.601
808000 172.035 182.524 174.44 529
809000 172.472 183.644 175.729 531.845
810000 173.505 185.421 177.546 536.471
811000 174.343 186.522 177.362 538.227
812000 175.082 187.197 177.112 539.391
813000 176.196 188.3 177.918 542.414
814000 178.14 190.812 180.292 549.243
815000 177.961 190.971 179.676 548.608
816000 179.121 190.842 180.398 550.361
817000 179.676 191.597 180.277 551.55
818000 181.012 191.093 181.102 553.206
819000 181.428 192.481 182.67 556.58
820000 183.031 193.958 184.214 561.203
821000 183.759 196.157 184.52 564.436
822000 184.567 197.046 185.646 567.259
823000 184.064 197.136 186.069 567.269
824000 184.702 197.768 186.541 569.011
825000 186.089 200.252 188.205 574.546
826000 185.304 200.289 188.257 573.849
827000 186.537 201.215 190.192 577.944
828000 186.597 201.613 191.765 579.976
829000 188.558 202.2 192.946 583.704
830000 188.357 202.034 191.028 581.419
831000 188.394 202.462 190.546 581.401
832000 190.744 203.026 192.911 586.682
833000 191.912 204.418 194.53 590.859
834000 193.21 204.617 195.556 593.382
835000 193.768 204.67 196.294 594.733
836000 195.087 205.15 197.827 598.064
837000 196.031 206.198 197.95 600.18
838000 196.468 207.204 199.103 602.775
839000 196.696 207.181 201.092 604.969
840000 196.561 206.999 201.828 605.389
841000 198.975 208.671 203.218 610.863
842000 200.075 208.203 202.516 610.793
843000 201.847 209.598 202.512 613.958
844000 202.339 209.17 203.395 614.903
845000 202.147 209.458 203.572 615.177
846000 202.826 211.115 204.18 618.121
847000 203.442 211.777 203.857 619.076
848000 204.859 212.79 204.271 621.921
849000 204.296 213.133 203.776 621.205
850000 205.381 214.089 203.099 622.569
851000 206.795 216.12 204.228 627.143
852000 208.059 218.087 205.288 631.434
853000 208.907 218.511 207.493 634.91
854000 209.933 218.863 208.551 637.346
855000 212.07 218.622 208.87 639.563
856000 212.84 218.73 210.246 641.815
857000 213.195 219.81 211.79 644.795
858000 214.44 221.773 212.912 649.125
859000 214.632 221.271 212.771 648.674
860000 217.358 223.403 215.065 655.826
861000 219.032 224.722 215.017 658.77
862000 219.771 224.363 215.088 659.223
863000 221.57 226.926 216.294 664.79
864000 222.363 228.625 216.8 667.788
865000 220.916 227.967 216.244 665.127
866000 221.011 228.245 216.858 666.115
867000 222.701 229.933 217.649 670.284
868000 223.726 230.655 218.682 673.062
869000 225.06 230.556 220.279 675.894
870000 226.616 232.377 221.093 680.085
871000 226.062 234.075 221.383 681.521
872000 227.745 235.461 223.265 686.471
873000 228.329 236.457 224.393 689.179
874000 229.383 237.863 224.946 692.192
875000 228.485 234.966 225.687 689.138
876000 229.819 235.264 226.901 691.985
877000 230.052 235.786 228.235 694.073
878000 232.152 237.002 229.792 698.945
879000 232.748 237.74 231.078 701.565
880000 233.622 238.44 232.281 704.342
881000 236.088 240.325 233.681 710.094
882000 236.158 241.032 233.623 710.813
883000 237.886 241.862 234.305 714.054
884000 239.367 243.27 235.46 718.097
885000 239.142 243.901 234.814 717.858
886000 239.451 243.925 236.776 720.152
887000 240.559 244.648 236.797 722.004
888000 241.237 245.464 236.878 723.579
889000 243.624 247.172 236.839 727.634
890000 245.543 248.476 237.576 731.595
891000 245.933 247.541 236.105 729.579
892000 245.122 246.499 236.779 728.4
893000 246.108 247.067 236.969 730.144
894000 248.889 248.576 238.476 735.941
895000 249.846 249.728 238.094 737.669
896000 250.548 250.55 239.546 740.644
897000 249.741 250.549 240.28 740.569
898000 251.358 252.284 241.387 745.029
899000 252.762 252.976 241.789 747.527
900000 253.46 254.059 242.069 749.588
901000 255.116 256.045 242.973 754.134
902000 254.973 256.139 242.696 753.808
903000 255.925 257.088 242.817 755.83
904000 257.371 259.898 244.073 761.343
905000 258.255 260.385 243.918 762.558
906000 258.319 260.032 245.37 763.721
907000 259.083 261.384 247.035 767.503
908000 261.491 262.885 248.433 772.809
909000 260.859 263.15 248.426 772.435
910000 262.749 264.74 249.781 777.27
911000 263.269 265.354 249.73 778.353
912000 263.454 266.431 250.639 780.524
913000 263.244 266.306 249.235 778.786
914000 263.082 267.567 249.597 780.246
915000 263.336 270.437 250.082 783.855
916000 263.352 271.606 249.564 784.522
917000 264.043 271.321 249.754 785.118
918000 266.24 272.599 249.551 788.391
919000 267.129 273.897 250.633 791.659
920000 268.364 274.766 251.939 795.068
921000 269.019 275.579 251.893 796.492
922000 268.008 275.384 251.369 794.761
923000 269.57 275.305 252.463 797.338
924000 272.425 278.137 254.008 804.57
925000 273.058 278.94 254.427 806.425
926000 275.171 279.67 254.86 809.702
927000 277.805 282.294 256.819 816.918
928000 278.819 282.806 256.834 818.459
929000 281.005 285.577 258.286 824.867
930000 282.698 286.475 259.098 828.272
931000 282.812 286.266 259.849 828.928
932000 284.377 287.166 259.421 830.964
933000 284.689 287.428 258.506 830.623
934000 283.777 287.224 257.899 828.9
935000 284.925 287.914 260.965 833.803
936000 285.996 288.351 263.382 837.73
937000 286.066 288.88 263.778 838.724
938000 287.64 291.704 264.874 844.217
939000 286.887 292.482 264.839 844.208
940000 287.684 292.669 265.448 845.802
941000 287.977 293.619 266.009 847.605
942000 288 294.423 266.2 848.624
943000 288.559 295.453 266.686 850.699
944000 289.857 298.352 268.124 856.332
945000 290.853 298.788 267.979 857.62
946000 291.533 299.047 269.951 860.532
947000 292.687 300.362 271.422 864.47
948000 292.623 301.11 271.948 865.68
949000 293.285 300.736 271.18 865.202
950000 295.505 303.759 270.777 870.042
951000 297.673 305.535 272.61 875.818
952000 298.79 306.55 274.733 880.073
953000 301.055 308.449 275.859 885.363
954000 303.05 309.493 277.807 890.349
955000 303.851 308.134 277.806 889.791
956000 303.949 307.316 276.282 887.546
957000 305.598 308.088 276.921 890.607
958000 305.978 306.064 278.502 890.544
959000 307.973 307.882 280.509 896.364
960000 307.362 306.918 280.006 894.285
961000 308.085 308.384 280.91 897.378
962000 309.835 307.379 280.922 898.136
963000 311.873 309.094 282.492 903.458
964000 312.843 310.18 285.515 908.538
965000 312.937 311.22 286.597 910.754
966000 315.014 312.805 286.99 914.809
967000 316.785 315.933 287.105 919.823
968000 316.617 315.97 285.787 918.374
969000 318.102 317.326 287.047 922.475
970000 319.203 318.567 288.846 926.616
971000 318.6 318.955 289.422 926.978
972000 319.436 320.331 289.846 929.613
973000 321.106 322.217 291.419 934.741
974000 322.649 322.735 293.863 939.247
975000 322.505 321.786 292.175 936.466
976000 322.919 322.968 292.974 938.86
977000 325.065 324.169 294.699 943.933
978000 326.574 325.749 294.98 947.304
979000 326.581 325.476 295.347 947.404
980000 327.006 324.992 294.483 946.48
981000 328.55 324.855 295.485 948.89
982000 330 325.371 295.783 951.154
983000 332.236 327.708 296.89 956.834
984000 335.618 330.275 298.365 964.258
985000 335.016 330.874 299.006 964.896
986000 334.398 330.264 299.392 964.055
987000 334.909 330.595 300.142 965.645
988000 335.667 331.331 301.006 968.005
989000 336.721 331.154 301.806 969.68
990000 336.886 331.785 303.593 972.264
991000 335.186 333.629 305.468 974.283
992000 337.014 336.195 308.671 981.881
993000 338.782 337.299 311.312 987.393
994000 336.224 334.968 309.549 980.74
995000 338.463 337.486 311.08 987.028
996000 337.874 336.059 309.974 983.907
997000 338.981 339.094 312.021 990.096
998000 339.244 339.02 312.348 990.612
999000 339.427 338.828 311.005 989.26
1000000 341.971 340.305 310.535 992.81
1001000 343.994 342.7 312.556 999.25
1002000 345.926 344.429 314.557 1004.91
1003000 346.919 346.936 315.766 1009.62
1004000 347.78 347.61 316.14 1011.53
1005000 347.288 348.37 314.969 1010.63
1006000 347.682 349.839 315.745 1013.27
1007000 348.854 352.426 317.093 1018.37
1008000 350.354 353.187 319.161 1022.7
1009000 350.863 355.019 319.229 1025.11
1010000 353.542 356.084 321.014 1030.64
1011000 353.179 355.891 321.581 1030.65
1012000 354.341 356.856 323.087 1034.28
1013000 355.884 359.429 325.234 1040.55
1014000 356.09 360.277 325.975 1042.34
1015000 356.054 359.166 325.649 1040.87
1016000 357.558 359.589 327.341 1044.49
1017000 355.74 358.074 326.567 1040.38
1018000 357.218 359.284 328.877 1045.38
1019000 359.374 360.591 328.893 1048.86
1020000 362.719 362.982 328.579 1054.28
1021000 361.335 362.635 327.049 1051.02
1022000 362.087 365.402 328.081 1055.57
1023000 363.617 367.338 328.967 1059.92
1024000 363.592 367.528 329.636 1060.76
1025000 361.665 367.464 328.98 1058.11
1026000 363.547 371.213 331.529 1066.29
1027000 362.83 370.984 331.281 1065.09
1028000 365.625 370.412 333.84 1069.88
1029000 366.026 369.964 334.278 1070.27
1030000 366.177 371.204 336.766 1074.15
1031000 365.961 371.045 337 1074.01
1032000 368.381 373.266 339.47 1081.12
1033000 369.104 374.312 339.301 1082.72
1034000 368.459 374.83 339.615 1082.9
1035000 373.154 377.896 343.498 1094.55
1036000 374.867 377.75 345.927 1098.54
1037000 374.071 375.148 344.665 1093.88
1038000 373.84 376.509 346.861 1097.21
1039000 373.794 378.784 349.269 1101.85
1040000 373.736 377.551 348.974 1100.26
1041000 373.665 379.305 350.397 1103.37
1042000 374.316 379.534 351.842 1105.69
1043000 375.982 381.148 352.985 1110.12
1044000 377.688 381.878 354.865 1114.43
1045000 377.356 382.095 356.206 1115.66
1046000 374.72 378.777 354.212 1107.71
1047000 378.442 381.229 356.903 1116.57
1048000 378.757 381.479 357.432 1117.67
1049000 379.257 382.784 357.841 1119.88
1050000 379.547 384.091 356.982 1120.62
1051000 380.545 384.399 357.869 1122.81
1052000 382.07 385.444 358.15 1125.66
1053000 383.64 387.185 358.707 1129.53
1054000 383.586 387.256 360.417 1131.26
1055000 381.747 387.646 360.504 1129.9
1056000 383.339 389.492 362.857 1135.69
1057000 384.305 388.488 363.57 1136.36
1058000 385.826 388.022 363.342 1137.19
1059000 386.893 389.397 362.643 1138.93
1060000 388.679 390.162 363.116 1141.96
1061000 387.288 389.426 361.949 1138.66
1062000 389.952 394.091 363.767 1147.81
1063000 389.726 394.321 363.808 1147.85
1064000 390.491 393.521 364.248 1148.26
1065000 391.128 394.423 364.006 1149.56
1066000 392.113 394.952 365.126 1152.19
1067000 395.165 394.731 368.682 1158.58
1068000 396.9 394.729 368.406 1160.03
1069000 398.431 394.275 369.812 1162.52
1070000 400.614 394.653 369.826 1165.09
1071000 401.677 396.047 370.827 1168.55
1072000 400.648 395.641 370.702 1166.99
1073000 399.067 395.543 368.875 1163.48
1074000 400.435 397.617 369.879 1167.93
1075000 401.093 399.215 371.442 1171.75
1076000 402.779 400.365 373.1 1176.24
1077000 405.395 402.716 376.127 1184.24
1078000 405.639 399.954 375.551 1181.14
1079000 405.67 399.117 375.764 1180.55
1080000 406.997 399.329 375.832 1182.16
1081000 409.554 401.756 377.08 1188.39
1082000 410.617 402.256 375.936 1188.81
1083000 413.513 404.466 379.314 1197.29
1084000 415.695 405.838 381.635 1203.17
1085000 413.487 404.459 379.994 1197.94
1086000 412.419 403.595 380.158 1196.17
1087000 413.411 404.661 379.609 1197.68
1088000 415.955 405.279 382.565 1203.8
1089000 416.526 406.948 384.279 1207.75
1090000 418.046 410.016 386.31 1214.37
1091000 418.913 411.854 385.496 1216.26
1092000 419.437 412.528 385.768 1217.73
1093000 420.86 412.669 387.168 1220.7
1094000 421.586 413.468 388.766 1223.82
1095000 421.712 413.05 388.7 1223.46
1096000 422.828 412.456 388.931 1224.21
1097000 424.917 413.855 392.026 1230.8
1098000 429.821 419.209 396.438 1245.47
1099000 428.284 419.176 396.413 1243.87
1100000 429.651 420.978 397.261 1247.89
1101000 430.343 421.984 398.064 1250.39
1102000 433.309 423.896 398.579 1255.78
1103000 432.778 424.375 398.341 1255.49
1104000 433.049 423.1 396.688 1252.84
1105000 433.439 424.055 398.517 1256.01
1106000 435.046 425.504 400.401 1260.95
1107000 436.139 427.597 402.17 1265.91
1108000 437.945 428.435 401.46 1267.84
1109000 437.362 428.301 401.421 1267.08
1110000 439.649 429.718 403.898 1273.27
1111000 440.298 430.226 404.654 1275.18
1112000 440.536 426.991 401.808 1269.33
1113000 442.652 430.021 405.721 1278.39
1114000 444.248 432.362 407.497 1284.11
1115000 444.554 432.003 406.19 1282.75
1116000 443.306 431.453 404.907 1279.67
1117000 446.494 432.587 406.93 1286.01
1118000 446.669 433.422 407.776 1287.87
1119000 448.451 436.716 408.754 1293.92
1120000 448.733 439.402 410.094 1298.23
1121000 451.241 441.92 411.744 1304.91
1122000 451.881 441.531 411.869 1305.28
1123000 453.879 445.332 414.94 1314.15
1124000 452.526 444.861 413.691 1311.08
1125000 453.45 445.86 416.433 1315.74
1126000 453.109 445.861 415.008 1313.98
1127000 453.187 446.522 415.425 1315.13
1128000 454.921 450.478 418.136 1323.53
1129000 455.253 450.22 416.405 1321.88
1130000 455.012 448.987 414.362 1318.36
1131000 456.09 450.354 415.696 1322.14
1132000 458.991 452.661 418.285 1329.94
1133000 459.987 455.008 419.722 1334.72
1134000 461.362 455.674 420.572 1337.61
1135000 464.285 458.403 421.69 1344.38
1136000 463.268 455.458 418.791 1337.52
1137000 465.757 459.115 420.408 1345.28
1138000 466.545 460.531 420.994 1348.07
1139000 469.063 462.614 424.936 1356.61
1140000 467.929 463.026 425.936 1356.89
1141000 465.382 462.492 423.449 1351.32
1142000 467.983 467.292 426.831 1362.11
1143000 467.036 468.26 426.964 1362.26
1144000 470.372 471.821 431.131 1373.32
1145000 469.02 469.817 428.59 1367.43
1146000 469.047 469.27 428.986 1367.3
1147000 470.766 470.458 431.077 1372.3
1148000 471.342 471.566 431.571 1374.48
1149000 470.987 470.334 430.69 1372.01
1150000 473.227 470.569 433.158 1376.95
1151000 475.754 470.53 435.454 1381.74
1152000 478.157 472.15 435.761 1386.07
1153000 477.437 471.396 434.719 1383.55
1154000 478.502 472.734 435.182 1386.42
1155000 480.365 472.718 439.834 1392.92
1156000 483.373 474.966 441.927 1400.27
1157000 484.78 476.384 443.053 1404.22
1158000 485.124 477.996 444.4 1407.52
1159000 485.378 478.801 445.217 1409.4
1160000 486.776 480.95 446.987 1414.71
1161000 486.461 479.011 446.104 1411.58
1162000 485.758 477.403 444.486 1407.65
1163000 486.908 477.028 446.643 1410.58
1164000 491.3 478.803 450.106 1420.21
1165000 490.192 477.351 448.755 1416.3
1166000 492.622 479.451 448.754 1420.83
1167000 493 478.13 447.479 1418.61
1168000 493.985 479.428 448.914 1422.33
1169000 494.811 480.813 449.888 1425.51
1170000 493.318 480.164 451.282 1424.76
1171000 494.295 481.679 453.081 1429.05
1172000 496.543 482.462 453.951 1432.96
1173000 498.184 482.548 453.626 1434.36
1174000 499.784 484.705 455.813 1440.3
1175000 500.745 485.778 455.758 1442.28
1176000 503.576 485.527 457.952 1447.05
1177000 504.048 486.76 459.74 1450.55
1178000 507.805 487.911 462.13 1457.85
1179000 508.653 490.528 463.902 1463.08
1180000 507.265 490.324 462.669 1460.26
1181000 511.729 495.656 465.561 1472.95
1182000 511.877 495.329 464.844 1472.05
1183000 512.754 496.032 466.173 1474.96
1184000 515.407 498.333 469.473 1483.21
1185000 513.423 495.389 468.212 1477.02
1186000 515.253 497.954 473.852 1487.06
1187000 514.769 497.313 474.843 1486.93
1188000 513.547 497.572 476.401 1487.52
1189000 512.614 499.879 475.827 1488.32
1190000 512.596 498.51 476.088 1487.19
1191000 514.22 499.757 477.734 1491.71
1192000 516.016 501.673 478.473 1496.16
1193000 518.62 503.927 478.866 1501.41
1194000 517.789 501.858 477.561 1497.21
1195000 518.978 501.44 477.824 1498.24
1196000 522.31 502.983 480.158 1505.45
1197000 523.037 502.155 481.118 1506.31
1198000 525.389 504.135 485.198 1514.72
1199000 527.204 507.073 488.647 1522.92
1200000 527.275 507.094 489.899 1524.27
1201000 524.612 505.491 489.801 1519.9
1202000 526.575 508.967 491.208 1526.75
1203000 527.106 509.064 489.738 1525.91
1204000 527.374 511.029 488.567 1526.97
1205000 527.699 513.279 488.705 1529.68
1206000 527.507 513.608 487.91 1529.02
1207000 529.173 514.867 488.254 1532.29
1208000 528.386 513.604 487.586 1529.58
1209000 531.094 514.931 489.816 1535.84
1210000 533.933 516.558 492.125 1542.62
1211000 533.09 515.52 491.562 1540.17
1212000 530.079 514.427 488.724 1533.23
1213000 530.494 518.261 491.315 1540.07
1214000 531.752 520.009 494.504 1546.26
1215000 531.576 519.636 493.257 1544.47
1216000 535.145 523.057 496.06 1554.26
1217000 535.924 524.574 496.095 1556.59
1218000 535.017 522.771 496.041 1553.83
1219000 534.718 521.695 495.012 1551.43
1220000 535.086 521.696 494.218 1551
1221000 537.163 523.865 494.4 1555.43
1222000 538.442 525.616 496.858 1560.92
1223000 541.665 527.812 498.181 1567.66
1224000 540.597 528.312 497.205 1566.11
1225000 539.802 530.047 496.157 1566.01
1226000 539.571 529.895 494.809 1564.27
1227000 542.153 532.062 496.445 1570.66
1228000 545.601 536.622 499.169 1581.39
1229000 545.823 538.992 500.577 1585.39
1230000 542.353 536.906 498.323 1577.58
1231000 542.182 536.58 499.677 1578.44
1232000 545.197 539.372 503.412 1587.98
1233000 547.431 542.311 505.091 1594.83
1234000 548.603 542.221 505.36 1596.18
1235000 550.257 543.466 505.853 1599.58
1236000 550.848 543.486 505.323 1599.66
1237000 551.084 543.613 504.61 1599.31
1238000 552.678 545.248 504.36 1602.29
1239000 553.703 544.664 505.645 1604.01
1240000 554.411 544.304 505.771 1604.49
1241000 554.533 546.378 505.286 1606.2
1242000 558.022 547.979 506.566 1612.57
1243000 558.007 548.582 506.214 1612.8
1244000 561.263 549.462 509.688 1620.41
1245000 562.418 549.377 510.221 1622.02
1246000 563.724 550.497 510.061 1624.28
1247000 561.886 549.437 509.661 1620.98
1248000 564.25 551.104 511.549 1626.9
1249000 567.102 554.229 512.992 1634.32
1250000 566.815 552.634 511.805 1631.25
1251000 567.424 554.533 511.046 1633
1252000 565.433 554.23 510.29 1629.95
1253000 566.739 557.092 513.492 1637.32
1254000 566.433 557.039 513.11 1636.58
1255000 570.118 561.168 517.878 1649.16
1256000 567.534 559.235 515.82 1642.59
1257000 569.555 561.299 514.735 1645.59
1258000 573.026 563.664 518.232 1654.92
1259000 573.552 563.163 518.138 1654.85
1260000 572.89 561.256 518.314 1652.46
1261000 574.301 561.536 520.032 1655.87
1262000 578.707 562.108 521.527 1662.34
1263000 583.466 562.863 523.271 1669.6
1264000 584.046 562.382 521.934 1668.36
1265000 586.743 565.109 523.407 1675.26
1266000 590.073 568.158 524.97 1683.2
1267000 593.507 567.552 523.896 1684.95
1268000 596.377 567.702 523.403 1687.48
1269000 596.368 569.571 523.882 1689.82
1270000 595.875 570.741 524.977 1691.59
1271000 596.05 573.434 527.153 1696.64
1272000 593.044 571.07 524.522 1688.64
1273000 592.626 571.455 526.074 1690.15
1274000 594.134 572.428 528.393 1694.96
1275000 593.776 573.604 529.023 1696.4
1276000 591.856 572.973 527.863 1692.69
1277000 592.799 574.069 530.081 1696.95
1278000 595.544 574.478 531.395 1701.42
1279000 594.984 575.029 532.155 1702.17
1280000 594.528 577.284 533.139 1704.95
1281000 597.384 579.113 536.532 1713.03
1282000 600.251 581.991 538.287 1720.53
1283000 601.747 586.324 542.107 1730.18
1284000 602.244 588.321 542.089 1732.65
1285000 602.131 588.51 542.726 1733.37
1286000 602.032 589.261 544.471 1735.76
1287000 601.662 588.728 544.708 1735.1
1288000 604.627 592.288 545.248 1742.16
1289000 605.218 592.581 543.553 1741.35
1290000 605.687 594.688 543.493 1743.87
1291000 606.871 597.911 545.204 1749.99
1292000 609.886 598.909 547.404 1756.2
1293000 610.464 597.617 545.535 1753.62
1294000 611.129 599.646 547.162 1757.94
1295000 610.217 600.948 545.527 1756.69
1296000 614.129 605.946 547.048 1767.12
1297000 615.551 607.558 546.525 1769.63
1298000 615.625 608.186 546.18 1769.99
1299000 614.747 607.988 546.884 1769.62
1300000 617.595 609.538 549.04 1776.17
1301000 622.384 611.225 552.029 1785.64
1302000 621.855 610.152 554.037 1786.04
1303000 622.844 607.612 556.321 1786.78
1304000 624.447 607.667 557.438 1789.55
1305000 624.818 610.893 558.641 1794.35
1306000 624.344 611.976 558.111 1794.43
1307000 624.476 611.291 558.854 1794.62
1308000 625.408 612.684 561.959 1800.05
1309000 624.65 612.39 562.792 1799.83
1310000 624.979 613.98 564.209 1803.17
1311000 625.568 614.041 565.668 1805.28
1312000 626.98 615.404 567.466 1809.85
1313000 629.317 618.528 570.235 1818.08
1314000 628.873 617.296 569.924 1816.09
1315000 627.653 618.652 571.209 1817.51
1316000 628.806 621.956 573.033 1823.8
1317000 629.558 624.152 573.628 1827.34
1318000 629.45 624.746 573.632 1827.83
1319000 630.345 624.783 574.002 1829.13
1320000 630.212 625.307 573.536 1829.05
1321000 629.535 625.508 573.427 1828.47
1322000 631.011 628.422 576.69 1836.12
1323000 633.716 629.344 579.164 1842.22
1324000 631.385 627.012 576.322 1834.72
1325000 630.57 629.347 577.886 1837.8
1326000 630.493 629.69 577.969 1838.15
1327000 630.142 629.702 578.472 1838.32
1328000 630.372 630.616 579.485 1840.47
1329000 632.205 633.874 580.989 1847.07
1330000 635.546 638.167 583.237 1856.95
1331000 632.761 637.339 582.957 1853.06
1332000 634.438 639.56 585.533 1859.53
1333000 634.081 639.035 584.005 1857.12
1334000 637.896 642.997 586.913 1867.81
1335000 638.994 644.767 588.584 1872.35
1336000 638.726 642.896 588.396 1870.02
1337000 641.192 648.075 591.792 1881.06
1338000 636.014 645.353 587.66 1869.03
1339000 640.444 651.917 592.653 1885.01
1340000 639.449 651.63 591.253 1882.33
1341000 637.316 648.88 590.538 1876.73
1342000 636.911 646.523 590.767 1874.2
1343000 640.226 647.397 591.303 1878.93
1344000 644.112 649.347 594.045 1887.5
1345000 646.36 649.798 593.654 1889.81
1346000 649.396 653.346 597.229 1899.97
1347000 651.221 657.502 598.574 1907.3
1348000 653.063 661.499 598.479 1913.04
1349000 650.966 660.555 596.685 1908.21
1350000 652.248 660.973 594.612 1907.83
1351000 653.524 663.245 596.28 1913.05
1352000 655.264 662.301 596.531 1914.1
1353000 657.127 662.21 598.928 1918.26
1354000 653.625 658.783 596.081 1908.49
1355000 663.124 666.999 603.571 1933.69
1356000 663.964 668.042 602.986 1934.99
1357000 663.434 668.318 602.73 1934.48
1358000 664.187 670.463 605.225 1939.88
1359000 664.343 671.621 605.624 1941.59
1360000 665.149 672.101 604.331 1941.58
1361000 668.373 675.299 608.741 1952.41
1362000 667.512 676.184 610.668 1954.36
1363000 669.181 675.015 611.862 1956.06
1364000 669.742 675.045 610.676 1955.46
1365000 667.08 673.62 608.808 1949.51
1366000 668.479 674.778 608.827 1952.08
1367000 671.821 678.402 610.936 1961.16
1368000 669.775 677.549 610.379 1957.7
1369000 674.824 682.844 614.924 1972.59
1370000 676.901 683.22 617.76 1977.88
1371000 678.46 684.974 618.488 1981.92
1372000 677.848 686.171 617.671 1981.69
1373000 680.51 686.368 620.03 1986.91
1374000 681.294 686.561 619.189 1987.05
1375000 679.291 685.814 618.075 1983.18
1376000 681.35 688.621 623.28 1993.25
1377000 681.447 688.071 624.126 1993.64
1378000 679.646 688.188 623.174 1991.01
1379000 681.042 690.094 626.234 1997.37
1380000 680.844 692.878 628.035 2001.76
1381000 680.739 693.936 628.754 2003.43
1382000 683.788 694.553 629.867 2008.21
1383000 685.473 697.397 632.598 2015.47
1384000 686.73 698.383 632.384 2017.5
1385000 684.695 697.188 631.358 2013.24
1386000 684.835 697.865 630.939 2013.64
1387000 688.029 701.587 632.43 2022.05
1388000 685.765 700.161 629.439 2015.36
1389000 687.979 702.611 630.777 2021.37
1390000 690.459 705.843 632.895 2029.2
1391000 689.931 706.202 632.742 2028.87
1392000 691.741 707.688 632.994 2032.42
1393000 697.583 713.421 636.406 2047.41
1394000 695.352 711.185 634.783 2041.32
1395000 696.945 712.336 634.217 2043.5
1396000 701.588 716.208 637.651 2055.45
1397000 701.073 716.667 637.737 2055.48
1398000 702.448 720.999 639.423 2062.87
1399000 700.306 719.049 636.923 2056.28
1400000 703.816 721.015 639.571 2064.4
1401000 705.056 720.634 641.504 2067.19
1402000 707.934 723.705 643.742 2075.38
1403000 708.399 723.935 642.791 2075.12
1404000 706.45 722.368 640.613 2069.43
1405000 706.637 722.877 642.869 2072.38
1406000 705.557 723.168 642.593 2071.32
1407000 707.631 725.15 644.305 2077.09
1408000 708.712 726.057 645.503 2080.27
1409000 711.436 729.801 648.161 2089.4
1410000 709.169 727.999 647.456 2084.62
1411000 708.364 727.489 647.29 2083.14
1412000 712.546 731.147 650.543 2094.24
1413000 713.859 732.89 651.396 2098.15
1414000 714.95 731.679 652.992 2099.62
1415000 717.012 734.102 655.598 2106.71
1416000 715.751 734.497 654.28 2104.53
1417000 715.144 734.41 655.249 2104.8
1418000 717.897 737.608 659.981 2115.49
1419000 720.786 738.352 661.964 2121.1
1420000 721.069 737.657 658.852 2117.58
1421000 724.15 740.827 661.399 2126.38
1422000 722.471 739.386 659.733 2121.59
1423000 725.258 741.744 662.76 2129.76
1424000 727.606 742.866 664.583 2135.05
1425000 727.455 744.239 664.341 2136.04
1426000 725.231 743.933 662.609 2131.77
1427000 728.362 747.054 665.085 2140.5
1428000 726.749 746.226 664.653 2137.63
1429000 727.583 747.884 664.071 2139.54
1430000 729.255 748.874 665.021 2143.15
1431000 728.183 747.834 663.592 2139.61
1432000 730.225 747.665 665.897 2143.79
1433000 731.196 748.46 666.744 2146.4
1434000 731.175 748.486 667.987 2147.65
1435000 731.168 751.07 669.544 2151.78
1436000 729.881 750.417 670.419 2150.72
1437000 733.85 753.256 671.157 2158.26
1438000 736.457 752.452 671.848 2160.76
1439000 733.979 749.443 671.635 2155.06
1440000 737.061 753.029 675.901 2165.99
1441000 736.948 751.24 672.47 2160.66
1442000 737.393 751.131 672.947 2161.47
1443000 740.175 751.225 672.682 2164.08
1444000 741.215 751.951 674.093 2167.26
1445000 741.023 753.222 673.036 2167.28
1446000 745.529 756.587 675.067 2177.18
1447000 741.617 754.034 673.624 2169.28
1448000 744.243 758.863 680.234 2183.34
1449000 742.358 759.195 678.656 2180.21
1450000 743.777 762.817 682.093 2188.69
1451000 741.498 762.616 682.427 2186.54
1452000 746.096 764.767 685.24 2196.1
1453000 745.034 759.996 682.912 2187.94
1454000 748.773 762.265 686.439 2197.48
1455000 752.595 766.196 689.571 2208.36
1456000 759.012 769.802 694.778 2223.59
1457000 756.217 768.135 691.836 2216.19
1458000 756.129 768.389 689.844 2214.36
1459000 757.624 771.46 688.712 2217.8
1460000 756.168 767.844 686.463 2210.48
1461000 760.506 770.417 689.297 2220.22
1462000 764.484 771.964 689.236 2225.68
1463000 763.779 770.173 688.146 2222.1
1464000 765.987 772.122 692.54 2230.65
1465000 764.643 770.241 692.093 2226.98
1466000 763.8 772.95 691.545 2228.29
1467000 765.217 778.459 695.232 2238.91
1468000 764.468 778.406 693.542 2236.42
1469000 766.74 778.485 695.044 2240.27
1470000 764.63 777.113 694.343 2236.09
1471000 768.084 776.456 695.516 2240.06
1472000 768.677 776.479 694.725 2239.88
1473000 774.515 779.442 697.36 2251.32
1474000 776.026 778.569 698.436 2253.03
1475000 775.659 778.219 698.537 2252.41
1476000 776.059 777.258 699.428 2252.74
1477000 774.795 777.192 700.479 2252.47
1478000 776.5 781.923 703.556 2261.98
1479000 776.887 783.197 703.016 2263.1
1480000 775.08 784.683 701.554 2261.32
1481000 777.59 787.357 701.637 2266.58
1482000 778.225 787.096 703.62 2268.94
1483000 775.784 785.359 703.761 2264.9
1484000 782.176 789.4 706.95 2278.53
1485000 780.92 788.207 705.062 2274.19
1486000 780.534 789.682 707.306 2277.52
1487000 779.707 787.176 705.421 2272.3
1488000 782.561 791 707.581 2281.14
1489000 785.378 792.614 710.467 2288.46
1490000 785.789 790.908 710.534 2287.23
1491000 785.992 790.256 712.33 2288.58
1492000 786.936 791.466 713.663 2292.07
1493000 789.111 792.909 714.373 2296.39
1494000 793.235 794.369 716.501 2304.1
1495000 793.756 795.756 717.989 2307.5
1496000 795.299 798.285 719.604 2313.19
1497000 793.87 799.297 719.902 2313.07
1498000 792.093 800.451 719.852 2312.4
1499000 788.037 800.872 719.688 2308.6
1500000 788.653 803.707 722.567 2314.93
1501000 790.805 807.69 725.068 2323.56
1502000 787.38 806.07 723.618 2317.07
1503000 790.192 809.183 727.417 2326.79
1504000 792.767 811.566 728.555 2332.89
1505000 794.498 811.051 730.372 2335.92
1506000 793.179 811.405 730.816 2335.4
1507000 794.603 812.697 730.976 2338.28
1508000 797.172 817.04 733.373 2347.59
1509000 801.37 819.227 738.341 2358.94
1510000 798.36 814.116 733.564 2346.04
1511000 796.894 813.506 733.877 2344.28
1512000 797.437 816.318 738.273 2352.03
1513000 796.509 814.03 738.064 2348.6
1514000 796.358 815.096 738.824 2350.28
1515000 793.983 815.171 737.148 2346.3
1516000 795.564 815.443 738.147 2349.15
1517000 797.234 815.985 740.814 2354.03
1518000 797.023 817.33 741.584 2355.94
1519000 798.8 819.925 745.191 2363.92
1520000 796.809 818 743.529 2358.34
1521000 800.203 822.977 748.23 2371.41
1522000 801.909 824.894 748.241 2375.04
1523000 799.582 821.085 746.171 2366.84
1524000 799.539 823.274 748.525 2371.34
1525000 801.056 825.422 749.094 2375.57
1526000 799.053 824.478 746.554 2370.09
1527000 802.66 826.938 748.222 2377.82
1528000 806.326 827.928 748.503 2382.76
1529000 809.466 828.789 748.789 2387.04
1530000 810.09 829.942 750.5 2390.53
1531000 809.986 831.62 750.923 2392.53
1532000 806.963 828.64 747.433 2383.04
1533000 810.298 831.271 750.308 2391.88
1534000 814.022 832.742 753.788 2400.55
1535000 814.739 831.515 753.701 2399.96
1536000 816.951 835.375 754.955 2407.28
1537000 815.04 831.671 751.395 2398.11
1538000 820.298 838.495 756.601 2415.39
1539000 818.137 838.887 754.997 2412.02
1540000 819.381 839.089 756.881 2415.35
1541000 821.08 840.23 760.07 2421.38
1542000 820.382 840.298 761.837 2422.52
1543000 819.886 837.858 760.916 2418.66
1544000 820.016 839.742 762.536 2422.29
1545000 819.863 840.906 764.759 2425.53
1546000 819.91 843.932 769.372 2433.21
1547000 819.728 844.429 771.562 2435.72
1548000 815.377 842.086 768.789 2426.25
1549000 821.399 846.274 773.047 2440.72
1550000 821.097 844.963 771.563 2437.62
1551000 822.007 847.275 772.292 2441.57
1552000 820.13 848.834 772.899 2441.86
1553000 819.017 848.704 773.785 2441.51
1554000 819.323 850.308 772.928 2442.56
1555000 820.009 851.631 773.914 2445.55
1556000 820.59 853.662 773.582 2447.83
1557000 823.482 854.751 775.534 2453.77
1558000 826.631 856.528 779.081 2462.24
1559000 827.764 854.806 776.478 2459.05
1560000 826.407 855.029 775 2456.44
1561000 828.165 855.196 776.133 2459.49
1562000 830.854 858.029 779.708 2468.59
1563000 834.208 861.757 782.956 2478.92
1564000 836.232 860.895 784.967 2482.09
1565000 836.305 859.23 783.599 2479.13
1566000 839.844 860.85 784.118 2484.81
1567000 837.987 857.51 782.509 2478.01
1568000 841.313 861.583 786.505 2489.4
1569000 843.606 864.065 788.458 2496.13
1570000 842.055 862.414 786.578 2491.05
1571000 842.691 865.543 788.369 2496.6
1572000 841.253 863.924 788.998 2494.17
1573000 840.852 866.677 790.005 2497.53
1574000 847.232 873.975 793.532 2514.74
1575000 848.409 872.869 792.984 2514.26
1576000 846.393 873.872 794.115 2514.38
1577000 844.234 873.33 795.074 2512.64
1578000 844.258 872.287 794.422 2510.97
1579000 847.941 875.124 797.955 2521.02
1580000 850.102 875.5 800.877 2526.48
1581000 851.508 877.418 801.758 2530.69
1582000 848.708 875.443 801.078 2525.23
1583000 850.865 876.24 804.048 2531.15
1584000 855.08 879.34 808.992 2543.41
1585000 854.81 878.903 808.194 2541.91
1586000 850.335 874.15 803.408 2527.89
1587000 849.422 873.592 804.724 2527.74
1588000 850.919 876.628 807.262 2534.81
1589000 850.662 876.722 807.502 2534.89
1590000 851.845 877.975 808.968 2538.79
1591000 853.171 877.104 812.011 2542.29
1592000 850.42 873.401 808.002 2531.82
1593000 849.949 873.364 806.517 2529.83
1594000 853.1 877.052 810.695 2540.85
1595000 852.297 877.762 812.547 2542.61
1596000 851.271 876.921 812.644 2540.84
1597000 856.687 879.402 816.354 2552.44
1598000 854.965 876.883 814.376 2546.22
1599000 856.455 878.667 816.152 2551.27
1600000 858.033 880.86 820.206 2559.1
1601000 856.227 877.901 816.336 2550.46
1602000 858.062 878.114 815.059 2551.23
1603000 860.326 880.417 816.62 2557.36
1604000 861.072 882.11 818.127 2561.31
1605000 865.294 884.439 821.098 2570.83
1606000 865.557 881.235 820.538 2567.33
1607000 868.694 884.332 824.195 2577.22
1608000 868.384 884.819 822.667 2575.87
1609000 865.907 882.809 818.325 2567.04
1610000 866.105 884.083 819.777 2569.96
1611000 869.351 886.664 822.909 2578.92
1612000 873.263 888.72 825.936 2587.92
1613000 872.584 887.751 824.769 2585.1
1614000 872.421 886.484 825.242 2584.15
1615000 874.321 885.793 826.724 2586.84
1616000 872.881 887.709 827.886 2588.48
1617000 871.383 887.184 828.513 2587.08
1618000 871.761 887.465 827.384 2586.61
1619000 873.764 890.301 831.538 2595.6
1620000 875.453 893.217 833.966 2602.64
1621000 878.281 897.919 838.438 2614.64
1622000 877.082 897.56 835.656 2610.3
1623000 880.319 900.643 836.989 2617.95
1624000 877.186 900.002 832.857 2610.04
1625000 876.43 902.791 831.742 2610.96
1626000 876.258 903.49 832.831 2612.58
1627000 880.506 906.509 838.285 2625.3
1628000 883.07 908.531 839.758 2631.36
1629000 884.597 908.491 838.644 2631.73
1630000 885.12 907.679 839.758 2632.56
1631000 886.953 910.585 842.3 2639.84
1632000 885.38 910.072 841.229 2636.68
1633000 885.004 909.694 839.857 2634.55
1634000 886.882 911.815 839.726 2638.42
1635000 888.371 912.744 840.617 2641.73
1636000 892.703 917.109 846.161 2655.97
1637000 892.453 915.466 845.328 2653.25
1638000 895.194 923.407 851.147 2669.75
1639000 897.865 925.348 855.082 2678.29
1640000 898.78 924.262 853.668 2676.71
1641000 893.988 922.705 852.107 2668.8
1642000 891.056 921.368 849.039 2661.46
1643000 892.302 922.97 849.466 2664.74
1644000 894.541 926.307 850.657 2671.51
1645000 896.199 927.998 848.531 2672.73
1646000 897.536 928.391 850.12 2676.05
1647000 899.47 931.157 851.99 2682.62
1648000 899.884 931.212 851.914 2683.01
1649000 898.018 930.311 850.112 2678.44
1650000 899.47 930.509 849.243 2679.22
1651000 900.292 930.698 848.115 2679.11
1652000 902.789 933.042 847.063 2682.89
1653000 907.405 936.078 849.554 2693.04
1654000 904.748 934.756 847.452 2686.96
1655000 907.456 935.549 848.861 2691.87
1656000 905.071 933.634 847.831 2686.54
1657000 906.315 934.673 848.786 2689.77
1658000 906.246 938.595 851.643 2696.48
1659000 910.727 941.187 854.417 2706.33
1660000 909.928 941.578 853.37 2704.88
1661000 911.831 946.037 854.454 2712.32
1662000 912.564 946.445 853.011 2712.02
1663000 914.749 945.371 852.893 2713.01
1664000 917.781 947.252 854.495 2719.53
1665000 916.142 945.649 852.896 2714.69
1666000 912.398 941.156 850.947 2704.5
1667000 916.241 946.002 856.008 2718.25
1668000 912.951 944.006 852.068 2709.03
1669000 924.438 954.982 860.85 2740.27
1670000 921.969 951.683 857.05 2730.7
1671000 923.154 951.349 856.677 2731.18
1672000 927.643 958.181 861.58 2747.4
1673000 928.035 957.729 861.235 2747
1674000 929.11 958.517 859.914 2747.54
1675000 930.867 958.965 859.89 2749.72
1676000 931.03 959.112 860.186 2750.33
1677000 930.213 957.078 856.397 2743.69
1678000 932.236 958.04 858.876 2749.15
1679000 936.523 960.006 862.65 2759.18
1680000 938.951 962.711 865.19 2766.85
1681000 940.071 962.96 868.584 2771.62
1682000 937.097 960.167 865.963 2763.23
1683000 936.745 959.213 863.328 2759.29
1684000 937.03 960.96 865.165 2763.16
1685000 932.195 958.429 861.207 2751.83
1686000 939.651 967.144 865.912 2772.71
1687000 935.741 962.672 860.584 2759
1688000 938.021 965.772 863.83 2767.62
1689000 940.205 970.083 866.459 2776.75
1690000 939.497 966.492 865.079 2771.07
1691000 943.267 968.843 867.967 2780.08
1692000 945.796 968.425 869.86 2784.08
1693000 948.534 971.131 871.996 2791.66
1694000 955.616 976.459 875.405 2807.48
1695000 952.215 975.744 871.443 2799.4
1696000 952.564 975.232 870.482 2798.28
1697000 958.527 982.261 878.711 2819.5
1698000 957.025 982.099 878.871 2818
1699000 958.599 983.873 879.22 2821.69
1700000 960.893 984.367 880.028 2825.29
1701000 960.732 981.502 878.409 2820.64
1702000 961.511 984.043 880.8 2826.35
1703000 959.043 978.768 876.87 2814.68
1704000 957.462 973.968 878.019 2809.45
1705000 961.895 976.561 882.386 2820.84
1706000 964.998 980.858 885.379 2831.24
1707000 965.174 980.087 884.398 2829.66
1708000 970.682 986.489 890.504 2847.68
1709000 970.83 987.238 890.734 2848.8
1710000 969.033 983.216 889.446 2841.7
1711000 966.988 984.954 891.017 2842.96
1712000 962.977 984.224 890.486 2837.69
1713000 962.154 984.711 892.588 2839.45
1714000 963.625 987.629 891.917 2843.17
1715000 964.957 985.595 889.057 2839.61
1716000 965.666 983.492 889.01 2838.17
1717000 970.705 985.959 890.089 2846.75
1718000 974.047 987.48 888.802 2850.33
1719000 975.529 987.712 887.096 2850.34
1720000 977.651 988.248 888.749 2854.65
1721000 978.174 991.53 893.885 2863.59
1722000 977.398 991.188 894.857 2863.44
1723000 977.189 987.766 892.583 2857.54
1724000 981.209 991.739 897.009 2869.96
1725000 984.237 993.102 901.494 2878.83
1726000 982.339 991.72 901.476 2875.53
1727000 983.992 994.842 903.309 2882.14
1728000 983.808 993.266 900.453 2877.53
1729000 980.271 989.209 900.333 2869.81
1730000 983.414 995.432 902.599 2881.44
1731000 986.743 998.186 905.238 2890.17
1732000 985.988 997.774 906.265 2890.03
1733000 987.938 1000.83 906.983 2895.75
1734000 988.447 1002.26 907.596 2898.3
1735000 989.823 1004.4 907.573 2901.79
1736000 984.695 1000.17 903.944 2888.81
1737000 986.422 1003.56 905.296 2895.28
1738000 980.747 1000.21 898.619 2879.58
1739000 988.826 1006.21 905.914 2900.95
1740000 991.146 1009.06 908.527 2908.73
1741000 993.26 1012.34 910.018 2915.61
1742000 992.8 1015.62 912.459 2920.88
1743000 989.057 1014.62 909.443 2913.12
1744000 993.641 1016.81 912.654 2923.11
1745000 995.903 1017.17 914.354 2927.43
1746000 997.725 1019.11 914.249 2931.08
1747000 999.652 1020.08 913.68 2933.42
1748000 1000.49 1020.9 912.399 2933.78
1749000 998.702 1020.99 912.99 2932.69
1750000 998.588 1020.28 914.961 2933.83
1751000 999.191 1021.68 916.46 2937.33
1752000 1001.13 1025.23 918.447 2944.81
1753000 1003.24 1030.1 921.191 2954.53
1754000 1000.23 1027.37 920.828 2948.43
1755000 1000.97 1028.73 923.224 2952.92
1756000 999.621 1028.8 921.485 2949.9
1757000 1001.28 1030.44 923.447 2955.16
1758000 1000.41 1028.97 922.634 2952.01
1759000 997.001 1027.9 920.6 2945.5
1760000 1002.04 1033.5 925.35 2960.89
1761000 1001.13 1033.79 926.152 2961.07
1762000 1005.12 1036.68 930.023 2971.83
1763000 999.802 1030.76 927.017 2957.58
1764000 1002.7 1033.19 928.18 2964.08
1765000 1000.92 1031.27 928.663 2960.86
1766000 1000.73 1033.2 930.369 2964.3
1767000 1000.38 1034.62 930.569 2965.57
1768000 998.483 1037.77 932.457 2968.71
1769000 1005.13 1045.62 939.349 2990.1
1770000 1000.78 1042.96 935.916 2979.66
1771000 1003.6 1046.74 939.487 2989.82
1772000 1002.29 1047.68 940.127 2990.1
1773000 1002.57 1050.31 938.928 2991.81
1774000 1008.73 1055.81 943.668 3008.21
1775000 1005.44 1052.73 941.355 2999.53
1776000 1002.64 1050.96 940.303 2993.91
1777000 1007.02 1057.78 945.491 3010.29
1778000 1006.42 1060.51 947.935 3014.86
1779000 1010.42 1065.31 950.361 3026.09
1780000 1014.18 1072.5 954.221 3040.9
1781000 1014.65 1072.89 955.947 3043.49
1782000 1013.87 1075.15 959.271 3048.29
1783000 1006.17 1068.09 954.913 3029.17
1784000 1008.42 1071.78 957.591 3037.79
1785000 1009.89 1075.64 959.875 3045.4
1786000 1006.93 1072.08 955.887 3034.9
1787000 1011.29 1075.35 959.75 3046.4
1788000 1011.53 1074.95 959.51 3045.99
1789000 1014.08 1076.66 962.054 3052.79
1790000 1018.27 1081.38 964.812 3064.46
1791000 1021.52 1083.75 966.071 3071.34
1792000 1017.56 1080.69 962.356 3060.61
1793000 1013.54 1077.3 960.095 3050.94
1794000 1013.68 1078.81 962.043 3054.53
1795000 1013.93 1076.79 960.274 3051
1796000 1017.94 1078.62 964.001 3060.56
1797000 1016.27 1077.97 961.759 3056
1798000 1020.64 1083.91 965.983 3070.54
1799000 1018.53 1083.74 965.612 3067.88
1800000 1023.02 1085.84 969.477 3078.33
1801000 1020.81 1084.43 968.709 3073.96
1802000 1022.68 1086.51 971.566 3080.76
1803000 1018.47 1086.36 971 3075.84
1804000 1018.95 1093.26 973.762 3085.97
1805000 1016.04 1094.04 970.154 3080.24
1806000 1019.67 1100.33 972.946 3092.95
1807000 1023.03 1107.63 977.775 3108.44
1808000 1017.9 1102.65 973.305 3093.85
1809000 1024.86 1112.09 981.772 3118.72
1810000 1024.61 1112.37 981.148 3118.12
1811000 1028.34 1116.33 986.591 3131.26
1812000 1030.63 1118.47 986.444 3135.54
1813000 1030.3 1118.18 987.389 3135.88
1814000 1035.05 1119.91 988.606 3143.56
1815000 1039.01 1118.69 987.597 3145.29
1816000 1041.69 1119.38 988.987 3150.06
1817000 1043.9 1119.73 991.303 3154.94
1818000 1042.22 1118.34 989.204 3149.76
1819000 1040.86 1117.86 986.91 3145.63
1820000 1040.02 1115.21 984.239 3139.47
1821000 1041.82 1118.77 985.834 3146.43
1822000 1047.23 1121.51 987.212 3155.95
1823000 1049.24 1121.96 989.591 3160.79
1824000 1053.66 1125.54 990.414 3169.61
1825000 1053.71 1124.74 989.545 3167.99
1826000 1057.34 1128.67 991.235 3177.25
1827000 1053.53 1125.24 985.119 3163.89
1828000 1056.19 1127.81 989.922 3173.92
1829000 1056 1128.49 989.562 3174.05
1830000 1055.09 1130.14 990.76 3175.99
1831000 1052.64 1124.29 989.542 3166.47
1832000 1053.22 1124.48 989.181 3166.87
1833000 1056.41 1128.13 991.354 3175.9
1834000 1057.64 1130.47 992.347 3180.45
1835000 1058.95 1129.69 991.156 3179.79
1836000 1063.51 1135.37 996.242 3195.12
1837000 1065.8 1135.72 998.918 3200.44
1838000 1066.43 1135.47 998.743 3200.64
1839000 1066.63 1137.08 1000.66 3204.37
1840000 1066.64 1137.35 1004.43 3208.42
1841000 1063.35 1135.41 1002.42 3201.18
1842000 1058.23 1130.59 996.381 3185.2
1843000 1058.74 1138.19 999.162 3196.09
1844000 1063.08 1145.9 1001.82 3210.8
1845000 1065.1 1148.22 1003.93 3217.25
1846000 1064.51 1148.81 1003.99 3217.31
1847000 1068.75 1152.14 1010.41 3231.29
1848000 1067.45 1148.91 1008.86 3225.21
1849000 1066.77 1153.06 1009.53 3229.35
1850000 1068.83 1154.53 1012.54 3235.9
1851000 1067.93 1152.1 1010.96 3230.99
1852000 1072.45 1155.16 1016.97 3244.58
1853000 1069.76 1153.59 1018.12 3241.47
1854000 1072.91 1158.04 1023.78 3254.72
1855000 1072.95 1156.03 1023.39 3252.37
1856000 1074.66 1153.72 1021.55 3249.93
1857000 1078.58 1157.81 1026.95 3263.34
1858000 1079.84 1155.2 1025.94 3260.98
1859000 1079.45 1156.52 1023.5 3259.47
1860000 1079.58 1160.44 1024.37 3264.39
1861000 1080.56 1163.79 1027.78 3272.13
1862000 1085.58 1169.69 1031.68 3286.96
1863000 1083.11 1166.85 1030.67 3280.63
1864000 1089.39 1172.91 1036.78 3299.08
1865000 1084.26 1170.77 1032.84 3287.88
1866000 1084.16 1168.97 1030.36 3283.49
1867000 1083.62 1166.94 1030.36 3280.91
1868000 1087.31 1170.17 1030.41 3287.89
1869000 1086.38 1171.58 1031.18 3289.14
1870000 1089.13 1172.72 1032.95 3294.8
1871000 1088.02 1170.59 1026.34 3284.94
1872000 1088.79 1170.97 1028.95 3288.72
1873000 1091.77 1172.33 1029.93 3294.03
1874000 1097.42 1175.11 1032.75 3305.27
1875000 1098.02 1178.26 1029.24 3305.51
1876000 1103.41 1182.59 1031.24 3317.24
1877000 1101.91 1179.97 1028.53 3310.41
1878000 1098.19 1177.5 1028.52 3304.2
1879000 1102.12 1178.73 1031.54 3312.38
1880000 1109.14 1185.23 1035.71 3330.09
1881000 1110.29 1186.44 1037.6 3334.34
1882000 1112.16 1184.9 1035.45 3332.51
1883000 1112.76 1186.92 1038.47 3338.15
1884000 1105.56 1181.39 1035.11 3322.07
1885000 1109.43 1187.22 1041.54 3338.2
1886000 1117.45 1192.11 1049.5 3359.05
1887000 1113.58 1192.23 1049.66 3355.47
1888000 1108.63 1191.03 1046.84 3346.5
1889000 1111.88 1191.33 1051.03 3354.23
1890000 1110.15 1189.16 1051.73 3351.04
1891000 1111.41 1193.76 1058.73 3363.9
1892000 1102.11 1185.64 1051.22 3338.97
1893000 1104.33 1190.27 1054.33 3348.93
1894000 1105.28 1194.36 1057.71 3357.34
1895000 1106.06 1196.06 1058.16 3360.29
1896000 1107.62 1198.58 1059.68 3365.88
1897000 1100.68 1193.16 1056.33 3350.18
1898000 1104.6 1198.86 1063.73 3367.19
1899000 1108.56 1202.23 1067.1 3377.89
1900000 1108.18 1201.88 1068.11 3378.17
1901000 1104.6 1200.28 1065.24 3370.12
1902000 1108 1205.29 1066.83 3380.12
1903000 1110.87 1205.91 1067.07 3383.85
1904000 1105.29 1200.29 1060.81 3366.39
1905000 1106.38 1203.72 1062.69 3372.79
1906000 1109.89 1207.6 1065.13 3382.61
1907000 1113.13 1207 1066.11 3386.25
1908000 1111.87 1206.06 1063.53 3381.46
1909000 1113.28 1203.03 1063.15 3379.46
1910000 1115.16 1207.49 1067.63 3390.27
1911000 1111.32 1206.86 1064.18 3382.36
1912000 1117.94 1216.97 1071.11 3406.02
1913000 1114.05 1213.82 1071.06 3398.93
1914000 1117.12 1217.28 1076.95 3411.35
1915000 1117.1 1212.02 1076.51 3405.63
1916000 1119.75 1213.61 1080.07 3413.43
1917000 1121.72 1213.95 1081.62 3417.29
1918000 1119.96 1213.01 1079.3 3412.28
1919000 1122.05 1214.34 1079.43 3415.81
1920000 1124.48 1218.32 1082.15 3424.95
1921000 1134.84 1224.83 1090.02 3449.68
1922000 1135.37 1224.43 1088.85 3448.66
1923000 1131.11 1221.28 1085.11 3437.5
1924000 1127.69 1216.53 1081.12 3425.34
1925000 1128.18 1215.24 1079.84 3423.25
1926000 1131.15 1217.27 1083.16 3431.57
1927000 1134.55 1222.6 1089.27 3446.43
1928000 1136.1 1223.57 1089.84 3449.51
1929000 1136.4 1226.45 1091.53 3454.38
1930000 1135.93 1225.59 1090.03 3451.56
1931000 1138.85 1228.65 1093.74 3461.23
1932000 1137.85 1227.56 1091.21 3456.62
1933000 1134.01 1224.9 1089.92 3448.84
1934000 1128.2 1218.7 1083.76 3430.66
1935000 1133.54 1224.71 1089.15 3447.4
1936000 1133.6 1223.8 1086.63 3444.03
1937000 1137.51 1224.33 1088.28 3450.13
1938000 1136.41 1225.51 1086.21 3448.13
1939000 1141.32 1233.54 1093.02 3467.88
1940000 1136.69 1231.04 1090.59 3458.33
1941000 1136.19 1233.17 1091.53 3460.89
1942000 1139.43 1234.43 1093.46 3467.32
1943000 1135.91 1227.93 1085.32 3449.16
1944000 1141.21 1232.79 1091.2 3465.21
1945000 1139.6 1231.45 1093.63 3464.68
1946000 1135.66 1228.45 1092.78 3456.9
1947000 1136.8 1227.71 1092.55 3457.07
1948000 1140.76 1232.18 1097.15 3470.09
1949000 1141.85 1231.89 1097.8 3471.54
1950000 1142.33 1232.51 1098.33 3473.17
1951000 1142.75 1233.52 1099.38 3475.65
1952000 1147.44 1236.3 1099.77 3483.51
1953000 1143.53 1229.77 1093.96 3467.25
1954000 1148.45 1236.77 1098.38 3483.59
1955000 1149.73 1240.32 1097.93 3487.98
1956000 1146.01 1238.25 1096.31 3480.57
1957000 1147.61 1235.31 1098.74 3481.67
1958000 1147.83 1235.41 1099.54 3482.78
1959000 1150.58 1239.25 1101.91 3491.75
1960000 1147.07 1239.44 1100.91 3487.43
1961000 1153.06 1247.14 1106.43 3506.64
1962000 1153.41 1245.67 1104.58 3503.66
1963000 1151.48 1244.1 1100.5 3496.09
1964000 1148.61 1239.86 1095.3 3483.78
1965000 1155.04 1248.45 1101.77 3505.26
1966000 1159.15 1254.06 1104.63 3517.84
1967000 1161.69 1255.35 1104.32 3521.36
1968000 1161.22 1255.2 1100.73 3517.14
1969000 1163.07 1257.97 1097.71 3518.74
1970000 1162.54 1256.48 1096.29 3515.31
1971000 1161.51 1255.13 1096.4 3513.05
1972000 1166.25 1260.67 1102.24 3529.16
1973000 1172.15 1267.67 1106.18 3545.99
1974000 1173.53 1267.17 1102.03 3542.74
1975000 1169.36 1262.59 1096.83 3528.78
1976000 1172.49 1266.75 1102.12 3541.37
1977000 1171.18 1265.53 1101.24 3537.95
1978000 1172.32 1261.14 1100.09 3533.56
1979000 1171.87 1262.87 1102.7 3537.44
1980000 1172.01 1262.85 1103.84 3538.7
1981000 1173.06 1264.07 1107.28 3544.42
1982000 1169.07 1260.93 1108.83 3538.84
1983000 1171.56 1262.73 1114.45 3548.75
1984000 1174.6 1266.21 1119.7 3560.5
1985000 1174.45 1267.64 1121.21 3563.3
1986000 1175.93 1269.67 1121.91 3567.51
1987000 1175.33 1267.69 1119.54 3562.56
1988000 1178.23 1270.4 1122.88 3571.52
1989000 1177.11 1266.72 1121.1 3564.93
1990000 1176.55 1267.42 1118.38 3562.35
1991000 1172.07 1263.24 1113.7 3549.02
1992000 1175.78 1266.47 1117.01 3559.25
1993000 1177.09 1265.24 1116.9 3559.23
1994000 1179.11 1268.91 1120.06 3568.08
1995000 1180.94 1272.69 1124.41 3578.04
1996000 1184.56 1277.78 1128.14 3590.48
1997000 1187.76 1277 1126.83 3591.59
1998000 1187.74 1276.8 1126.84 3591.37
1999000 1190.75 1276.08 1127.75 3594.59
2000000 1194.02 1279.28 1131.48 3604.78
2001000 1200.7 1284.83 1133.83 3619.36
2002000 1198.36 1281.35 1131.2 3610.91
2003000 1198.14 1280.64 1129.47 3608.24
2004000 1194.31 1279.03 1128.03 3601.37
2005000 1191.43 1276.08 1127.44 3594.95
2006000 1201.37 1284.91 1136.25 3622.53
2007000 1199.89 1284.05 1134.59 3618.53
2008000 1201.98 1283.42 1135.54 3620.93
2009000 1203.8 1287.96 1140.13 3631.89
2010000 1206.02 1289.52 1142.17 3637.71
2011000 1203.36 1288.63 1140.81 3632.81
2012000 1206.08 1289.67 1144.61 3640.36
2013000 1206.99 1291.13 1145.31 3643.43
2014000 1207.75 1289.69 1144.89 3642.33
2015000 1204.7 1286.58 1141.16 3632.44
2016000 1205.79 1286.58 1142.3 3634.67
2017000 1208.54 1286.46 1141.82 3636.82
2018000 1209.33 1287.21 1142.68 3639.23
2019000 1208.46 1287.52 1143.43 3639.4
2020000 1208.53 1285.69 1142.69 3636.9
2021000 1210.47 1285.87 1142.8 3639.14
2022000 1216.15 1288.17 1146.32 3650.64
2023000 1217.72 1287 1146.18 3650.9
2024000 1213.56 1284.84 1145.34 3643.73
2025000 1217.21 1289.59 1150.05 3656.85
2026000 1220.56 1290.75 1149.61 3660.92
2027000 1225.97 1295.39 1152.12 3673.48
2028000 1222.87 1291.95 1149.58 3664.41
2029000 1218.32 1289.32 1146.94 3654.58
2030000 1216.94 1292.57 1146.22 3655.73
2031000 1219.38 1297.24 1149.81 3666.44
2032000 1220.87 1300.17 1149.04 3670.08
2033000 1224.5 1303.15 1151.44 3679.09
2034000 1222.11 1296.92 1148.97 3668
2035000 1219.79 1293.69 1148.1 3661.58
2036000 1223.77 1298 1153.33 3675.09
2037000 1226.74 1298.3 1154.62 3679.66
2038000 1225.83 1295.7 1153.24 3674.78
2039000 1226.23 1298.68 1155.16 3680.07
2040000 1225.53 1299.28 1156.2 3681.01
2041000 1231.31 1303.87 1161.72 3696.9
2042000 1230.25 1302.52 1159.87 3692.65
2043000 1227.84 1302.12 1155.94 3685.9
2044000 1230.31 1304.01 1159.05 3693.37
2045000 1233.82 1309.14 1161.7 3704.66
2046000 1238.47 1315.66 1164.2 3718.34
2047000 1238.95 1315.44 1163.22 3717.61
2048000 1234.47 1307.61 1157.01 3699.09
2049000 1235.98 1309.95 1159.35 3705.28
2050000 1239.55 1311.83 1162.57 3713.95
2051000 1243.38 1314.38 1166.63 3724.39
2052000 1238.35 1311.57 1163.43 3713.34
2053000 1244.05 1318.98 1168.35 3731.39
2054000 1247.12 1322.56 1171.51 3741.19
2055000 1251.88 1326.16 1174.56 3752.6
2056000 1240.54 1312.88 1164.35 3717.77
2057000 1242 1311.81 1163.7 3717.51
2058000 1243.4 1311.5 1165.82 3720.72
2059000 1247.19 1312.78 1170.18 3730.14
2060000 1248.89 1312.08 1171.39 3732.36
2061000 1252.28 1320.67 1179.31 3752.26
2062000 1247.75 1319.72 1175.88 3743.35
2063000 1243.49 1316.85 1171.57 3731.91
2064000 1243.29 1316.27 1170.05 3729.61
2065000 1248.21 1322.27 1176.14 3746.61
2066000 1244.52 1322.46 1174.43 3741.41
2067000 1245.89 1323.88 1174.92 3744.69
2068000 1247.04 1322.61 1175.76 3745.4
2069000 1248.05 1323.36 1179.9 3751.31
2070000 1246.49 1327.13 1179.7 3753.31
2071000 1252.38 1332.28 1186.2 3770.86
2072000 1249.02 1330.5 1185.19 3764.7
2073000 1244.81 1326.01 1181.85 3752.66
2074000 1246.46 1328.82 1183.83 3759.11
2075000 1245.62 1330.76 1184.36 3760.74
2076000 1248.09 1328.55 1185.79 3762.44
2077000 1253.39 1333.09 1188.42 3774.89
2078000 1251.21 1332.74 1185.93 3769.88
2079000 1250.89 1332.27 1184.96 3768.11
2080000 1251.02 1329.09 1184.78 3764.89
2081000 1256.56 1336.97 1190.19 3783.72
2082000 1253.21 1333.69 1184.99 3771.89
2083000 1248.7 1328.23 1180.02 3756.95
2084000 1256.53 1338.46 1188.7 3783.7
2085000 1254.66 1338.23 1185.39 3778.28
2086000 1252.45 1334.45 1183.96 3770.85
2087000 1258.55 1343.79 1188.86 3791.2
2088000 1259.73 1347.65 1189.27 3796.65
2089000 1257.79 1347.21 1187.34 3792.33
2090000 1259.93 1346.87 1186.19 3792.99
2091000 1267.31 1353.01 1191.51 3811.83
2092000 1272.53 1356.31 1195.55 3824.39
2093000 1273.55 1360.73 1199.11 3833.39
2094000 1267.35 1357.21 1197.56 3822.12
2095000 1265.84 1355.17 1194.83 3815.85
2096000 1263.22 1352.89 1194.59 3810.7
2097000 1265.67 1355.92 1197.16 3818.75
2098000 1262.07 1354.32 1194.73 3811.12
2099000 1265.82 1360.33 1199.32 3825.47
2100000 1269.02 1363.28 1201.65 3833.94
2101000 1268.17 1362.11 1198.89 3829.16
2102000 1269.98 1365.88 1203.2 3839.06
2103000 1270.21 1365.54 1204.03 3839.77
2104000 1274.7 1373.73 1211.4 3859.83
2105000 1270.4 1368.88 1207.16 3846.44
2106000 1269.17 1369.75 1208.14 3847.06
2107000 1278.79 1379.09 1216.4 3874.28
2108000 1280.18 1381.92 1215.72 3877.82
2109000 1280.84 1383.34 1217.7 3881.88
2110000 1277.28 1383.51 1219.28 3880.07
2111000 1274.62 1379.5 1217.88 3872
2112000 1278.6 1382.05 1219.18 3879.82
2113000 1282.69 1383 1222.04 3887.74
2114000 1282 1382.7 1218.45 3883.15
2115000 1284.06 1382.43 1220.42 3886.91
2116000 1284.76 1382.03 1222.42 3889.21
2117000 1281.82 1379.63 1222.16 3883.61
2118000 1285.16 1385.78 1225.13 3896.07
2119000 1282.98 1384.48 1227.08 3894.53
2120000 1286.89 1385.79 1228.46 3901.14
2121000 1284.36 1386.11 1225.94 3896.41
2122000 1284.03 1388.82 1225.95 3898.8
2123000 1286.21 1393.98 1229.19 3909.38
2124000 1286.51 1394.71 1230.18 3911.39
2125000 1287.99 1397.02 1231.95 3916.95
2126000 1281.29 1391.33 1229.63 3902.26
2127000 1282.34 1394.01 1230.35 3906.7
2128000 1289.87 1399.77 1236.25 3925.9
2129000 1288.13 1397.32 1235.79 3921.24
2130000 1290.17 1398.55 1238.32 3927.04
2131000 1285.98 1396.9 1237.83 3920.71
2132000 1284.38 1400.39 1240.03 3924.8
2133000 1287.85 1403.73 1245.47 3937.05
2134000 1291.47 1406.57 1248.62 3946.66
2135000 1286.49 1404.13 1245.58 3936.2
2136000 1282.71 1401.64 1245.2 3929.55
2137000 1281.58 1399.91 1243.14 3924.64
2138000 1284.37 1401.87 1243.47 3929.72
2139000 1288.11 1402.91 1245.09 3936.12
2140000 1294.27 1411.16 1251.15 3956.59
2141000 1289.33 1405.19 1248.27 3942.78
2142000 1286.21 1401.24 1243.51 3930.96
2143000 1283.25 1396.84 1242.1 3922.19
2144000 1291.22 1405.4 1252.42 3949.04
2145000 1293.86 1408.97 1256.04 3958.87
2146000 1295.14 1410.24 1259.69 3965.07
2147000 1294.53 1406.26 1256.44 3957.23
2148000 1293.55 1407.86 1256.77 3958.18
2149000 1299.98 1413.62 1263.35 3976.96
2150000 1303.85 1417.46 1265.32 3986.63
2151000 1300.74 1411.23 1260.05 3972.02
2152000 1306.06 1414.79 1265.33 3986.17
2153000 1304.83 1413.45 1263.65 3981.93
2154000 1306.48 1412.55 1263.28 3982.31
2155000 1307.81 1408.62 1260.62 3977.05
2156000 1314.39 1410.5 1260.97 3985.86
2157000 1313.16 1410.13 1258.85 3982.14
2158000 1311.84 1408.04 1257.12 3977
2159000 1318.37 1415.64 1263.86 3997.86
2160000 1316.83 1414.21 1262.63 3993.68
2161000 1308.21 1404.14 1253.43 3965.78
2162000 1313.16 1407.74 1257.31 3978.21
2163000 1317.77 1410.57 1258.98 3987.32
2164000 1313.42 1406.32 1255.8 3975.53
2165000 1312.64 1409.83 1256.66 3979.14
2166000 1312.02 1406.87 1255.41 3974.3
2167000 1317.75 1408.56 1257.81 3984.12
2168000 1318.51 1413.12 1260.08 3991.71
2169000 1316.44 1408.66 1257.4 3982.5
2170000 1318.18 1410.23 1259.68 3988.09
2171000 1317.3 1406.16 1259.87 3983.33
2172000 1317.39 1402.6 1255.9 3975.89
2173000 1317.16 1402.2 1256.73 3976.09
2174000 1312.05 1398.8 1256.8 3967.65
2175000 1314.25 1405.31 1260.87 3980.44
2176000 1314.7 1405.7 1259.86 3980.26
2177000 1310.5 1401.66 1256.12 3968.28
2178000 1316.91 1412.54 1262.44 3991.9
2179000 1321.13 1418.17 1264.7 4004.01
2180000 1322.74 1417.61 1263.57 4003.92
2181000 1325.05 1423.62 1272.16 4020.83
2182000 1323.48 1420.77 1273.16 4017.41
2183000 1325.43 1417.33 1272.32 4015.08
2184000 1327.29 1415.97 1274.75 4018.02
2185000 1333.84 1423.35 1283.12 4040.3
2186000 1330.25 1420.77 1279.75 4030.76
2187000 1332.93 1423.5 1280.81 4037.24
2188000 1333.57 1420.59 1282.31 4036.47
2189000 1334.76 1420.05 1283.2 4038.01
2190000 1334.56 1420.99 1283.16 4038.7
2191000 1333.57 1421.01 1284.25 4038.83
2192000 1333.15 1420.14 1281.67 4034.96
2193000 1337.88 1422.66 1282.68 4043.22
2194000 1336.53 1418.44 1280.29 4035.25
2195000 1336.15 1419.67 1281.71 4037.52
2196000 1336.71 1418.86 1283.96 4039.54
2197000 1337.69 1418.27 1284.03 4039.99
2198000 1337.1 1421.75 1286.5 4045.35
2199000 1341.31 1430.02 1290.85 4062.18
2200000 1334.63 1426.42 1286.48 4047.53
2201000 1338.56 1429.13 1292.4 4060.09
2202000 1336.84 1427.32 1290.14 4054.3
2203000 1337.08 1430.58 1291.77 4059.43
2204000 1334.56 1431.74 1290.03 4056.32
2205000 1337.96 1435.33 1293.5 4066.79
2206000 1337.76 1434.51 1295.3 4067.56
2207000 1342.65 1442.19 1301.61 4086.45
2208000 1344.48 1445.29 1303.71 4093.49
2209000 1343.32 1445.6 1301.95 4090.87
2210000 1337.22 1442.5 1296.09 4075.8
2211000 1339.32 1446.12 1296.92 4082.36
2212000 1337.65 1443.11 1292.32 4073.09
2213000 1340.8 1447.55 1294.14 4082.49
2214000 1343.75 1450.78 1296.45 4090.98
2215000 1345.11 1453.77 1294.25 4093.14
2216000 1345.8 1455.8 1294.53 4096.13
2217000 1341.41 1453.25 1292.25 4086.91
2218000 1344.04 1458.35 1299.47 4101.87
2219000 1341.14 1454.21 1293.93 4089.28
2220000 1340.78 1454.29 1292.76 4087.83
2221000 1348.82 1461.28 1299.12 4109.22
2222000 1346.06 1455.64 1297.07 4098.77
2223000 1347.26 1456.93 1297.99 4102.18
2224000 1351.55 1461.09 1302.48 4115.12
2225000 1351.66 1459.6 1304.25 4115.51
2226000 1349.13 1457.17 1301.39 4107.69
2227000 1351 1462.42 1308.27 4121.69
2228000 1350.17 1460.36 1305.97 4116.49
2229000 1355.13 1461.91 1310.01 4127.05
2230000 1357.2 1465.93 1312.4 4135.53
2231000 1361.02 1471.2 1317.74 4149.96
2232000 1355.29 1464.61 1311.15 4131.04
2233000 1357.75 1468.35 1312.49 4138.6
2234000 1359.53 1469.11 1316.03 4144.66
2235000 1356.03 1465.98 1311.81 4133.82
2236000 1355.72 1464.27 1310.37 4130.36
2237000 1358.84 1467.47 1314.38 4140.68
2238000 1365.55 1473.17 1320.26 4158.97
2239000 1365.85 1474.52 1319.11 4159.48
2240000 1368.52 1481.05 1322.29 4171.86
2241000 1367.19 1480.44 1320.5 4168.13
2242000 1360.04 1474.3 1314.62 4148.96
2243000 1367.44 1485.06 1325.26 4177.76
2244000 1362.41 1478.96 1318.97 4160.34
2245000 1366.07 1483.26 1324.42 4173.75
2246000 1368.21 1488.71 1327.15 4184.08
2247000 1363.77 1482.95 1322.42 4169.14
2248000 1362.77 1479.81 1321.37 4163.95
2249000 1365.92 1482.52 1322.69 4171.13
2250000 1365.19 1483.28 1322.24 4170.7
2251000 1367.04 1485.37 1322.64 4175.06
2252000 1369.55 1488.44 1328.63 4186.62
2253000 1370.22 1488.55 1331.91 4190.69
2254000 1363.32 1483.49 1327.33 4174.14
2255000 1362.18 1483.81 1328.39 4174.39
2256000 1362.73 1486.1 1329.7 4178.53
2257000 1367.25 1492.75 1334.09 4194.09
2258000 1369.61 1494.85 1336.47 4200.93
2259000 1360.97 1484.01 1327.43 4172.41
2260000 1369.43 1493.38 1336.26 4199.07
2261000 1370.71 1493.3 1335.77 4199.78
2262000 1368.27 1494.46 1333.17 4195.9
2263000 1366.3 1492.32 1329.17 4187.8
2264000 1370.35 1493.15 1332 4195.5
2265000 1376.7 1499.88 1338.77 4215.35
2266000 1377.18 1499.09 1335.61 4211.88
2267000 1373.05 1495.98 1330.84 4199.86
2268000 1375.41 1499.4 1333.35 4208.15
2269000 1376.07 1502.16 1332.62 4210.85
2270000 1374.96 1500.94 1332.02 4207.92
2271000 1384.07 1512.88 1339.47 4236.41
2272000 1385.27 1515.2 1341.15 4241.62
2273000 1376.86 1507.76 1334.48 4219.1
2274000 1375.35 1504.42 1333.43 4213.2
2275000 1381.52 1507.78 1340.69 4229.99
2276000 1383.23 1510.14 1345.24 4238.61
2277000 1384.24 1506.77 1348.93 4239.93
2278000 1385.13 1508.44 1349.33 4242.91
2279000 1382.43 1505.79 1348.31 4236.53
2280000 1382.84 1507.72 1349.49 4240.05
2281000 1382.41 1508.1 1344.53 4235.04
2282000 1385.24 1508.6 1347.2 4241.04
2283000 1390.75 1511.82 1351.49 4254.06
2284000 1388.7 1510.19 1349.66 4248.56
2285000 1391.13 1513.58 1349.36 4254.07
2286000 1393.85 1516.65 1349 4259.49
2287000 1398.68 1519.6 1353.33 4271.61
2288000 1397.55 1519.02 1351.54 4268.11
2289000 1395.31 1517.75 1351.17 4264.24
2290000 1397.54 1519.3 1356.09 4272.93
2291000 1396.51 1515.48 1355.12 4267.11
2292000 1397.01 1514.34 1356.3 4267.65
2293000 1402.95 1519.46 1358.94 4281.35
2294000 1404.53 1523.35 1360.29 4288.17
2295000 1400.92 1517.76 1356.05 4274.73
2296000 1404.62 1519.8 1361.82 4286.23
2297000 1404.14 1516.83 1357.9 4278.87
2298000 1408.94 1521.47 1364.06 4294.47
2299000 1415.68 1525.38 1369.75 4310.82
2300000 1417.35 1528.91 1371.85 4318.11
2301000 1411.95 1523 1368.18 4303.13
2302000 1413.59 1525.66 1370.77 4310.01
2303000 1420.51 1529.03 1376.96 4326.51
2304000 1414.97 1521.44 1369.89 4306.3
2305000 1414.44 1517.35 1368.52 4300.31
2306000 1424.13 1527.69 1374.96 4326.78
2307000 1427.81 1531.14 1375.18 4334.14
2308000 1428.58 1528.76 1375.39 4332.73
2309000 1429.52 1529.61 1377.49 4336.62
2310000 1430.56 1530.55 1378.33 4339.44
2311000 1432 1533.61 1379.37 4344.98
2312000 1436.69 1535.36 1381.81 4353.86
2313000 1438.4 1537.75 1384.02 4360.17
2314000 1438.93 1537.02 1381.93 4357.87
2315000 1437.57 1538.96 1379.38 4355.91
2316000 1434.87 1540.58 1379.4 4354.85
2317000 1431.18 1535.91 1376.16 4343.25
2318000 1433.34 1536.4 1378.79 4348.54
2319000 1435.05 1539.26 1379.75 4354.07
2320000 1436.75 1540 1381.73 4358.49
2321000 1436.26 1536.86 1378.28 4351.4
2322000 1441.37 1542.53 1382.89 4366.78
2323000 1437.07 1535.87 1378.72 4351.67
2324000 1434.01 1532.04 1379.18 4345.23
2325000 1430.53 1530.44 1376.69 4337.67
2326000 1442.54 1539.49 1383.95 4365.98
2327000 1443.64 1540.91 1383.17 4367.72
2328000 1440.83 1538.62 1378.71 4358.16
2329000 1446.04 1538.21 1382.14 4366.4
2330000 1448.38 1537.79 1381.77 4367.94
2331000 1443.45 1533.35 1378 4354.79
2332000 1454.63 1547.31 1389.07 4391.01
2333000 1453.66 1542.23 1387.45 4383.34
2334000 1451.65 1538.96 1384.95 4375.56
2335000 1454.3 1542.15 1387.72 4384.17
2336000 1449.43 1540.16 1384.83 4374.42
2337000 1448.5 1541.96 1384.54 4375
2338000 1455.95 1549.93 1390.66 4396.55
2339000 1454.13 1545.38 1387.29 4386.81
2340000 1447.28 1538.8 1381.35 4367.42
2341000 1455.77 1548.02 1390.36 4394.15
2342000 1454.61 1546.95 1390.37 4391.93
2343000 1463.99 1557.7 1401.28 4422.97
2344000 1462.72 1559.62 1400.68 4423.02
2345000 1459.17 1556.73 1396.86 4412.76
2346000 1465.14 1561.81 1401.53 4428.49
2347000 1462.01 1561.03 1399.31 4422.34
2348000 1465.91 1563.52 1402.36 4431.79
2349000 1464.82 1561.81 1399.92 4426.55
2350000 1461.84 1559.22 1396.16 4417.22
2351000 1465.48 1564.09 1401.52 4431.09
2352000 1467.95 1567.51 1404.42 4439.88
2353000 1471 1565.73 1408.27 4445.01
2354000 1464.21 1555.92 1399.8 4419.93
2355000 1467.03 1562.48 1405.13 4434.64
2356000 1469.25 1563.12 1404.73 4437.1
2357000 1464.11 1553.96 1396.48 4414.54
2358000 1469.17 1557.48 1397.75 4424.41
2359000 1468.22 1556.9 1397.04 4422.15
2360000 1472.51 1560.87 1400.18 4433.57
2361000 1476.26 1564.38 1402.29 4442.93
2362000 1473.78 1561.7 1401.3 4436.79
2363000 1482.37 1570.6 1407.71 4460.68
2364000 1482.04 1568.59 1408.95 4459.57
2365000 1480.07 1567.26 1406.59 4453.91
2366000 1481.23 1572.39 1409.23 4462.85
2367000 1478.28 1571.46 1405.33 4455.07
2368000 1481.57 1574.22 1405.66 4461.44
2369000 1492.96 1582.79 1413.02 4488.78
2370000 1487.8 1578.84 1409.07 4475.71
2371000 1491.14 1582.13 1413.97 4487.24
2372000 1489.89 1584.91 1415.07 4489.88
2373000 1484.23 1579.94 1412.67 4476.83
2374000 1492.73 1589.39 1421.94 4504.06
2375000 1490.26 1588.86 1423.47 4502.58
2376000 1490.69 1588.12 1423.05 4501.86
2377000 1486.54 1586.63 1421.12 4494.3
2378000 1484.48 1585.82 1420.53 4490.82
2379000 1496.58 1595.16 1428.06 4519.8
2380000 1488.99 1583.83 1420.53 4493.35
2381000 1496.47 1591.26 1427.26 4515
2382000 1496.14 1592.16 1427.72 4516.03
2383000 1495.61 1588.17 1426.1 4509.88
2384000 1493.92 1585.05 1423.67 4502.64
2385000 1496.28 1587.71 1425.12 4509.11
2386000 1497.56 1586.37 1423.6 4507.53
2387000 1498.16 1589.66 1425.81 4513.62
2388000 1496.25 1587.65 1425.5 4509.4
2389000 1499.9 1591.94 1429.06 4520.9
2390000 1504.2 1598 1433.66 4535.87
2391000 1498.77 1590.58 1430.35 4519.7
2392000 1499.23 1590.77 1431.94 4521.94
2393000 1502.16 1597.09 1436.14 4535.38
2394000 1496.96 1590.79 1429.23 4516.98
2395000 1497.02 1591.95 1429.02 4517.99
2396000 1499.02 1599.53 1435.03 4533.57
2397000 1498.63 1604.27 1437.79 4540.69
2398000 1494.96 1603.43 1437.08 4535.47
2399000 1500.58 1608.34 1444.82 4553.73
2400000 1502.19 1611.08 1447.08 4560.35
2401000 1507.3 1615.47 1451.62 4574.39
2402000 1507.13 1614.27 1453.22 4574.61
2403000 1512.2 1617.61 1457.9 4587.71
2404000 1508.47 1613.5 1454.43 4576.4
2405000 1506.74 1614.49 1457.18 4578.41
2406000 1509.27 1616.88 1462.54 4588.69
2407000 1511.02 1614.4 1462.9 4588.32
2408000 1510.6 1613.35 1460.03 4583.97
2409000 1511.63 1615.91 1459.92 4587.46
2410000 1507.95 1610.7 1459.1 4577.75
2411000 1514.97 1620.07 1465.72 4600.75
2412000 1520.74 1627.67 1471.11 4619.52
2413000 1514.29 1622.79 1467.02 4604.1
2414000 1519.27 1628.07 1470.72 4618.06
2415000 1518.93 1625.7 1464.67 4609.3
2416000 1516.82 1625.91 1463.44 4606.16
2417000 1519.09 1629.71 1466.32 4615.12
2418000 1520.73 1630.44 1467.46 4618.63
2419000 1519.34 1628.71 1465.9 4613.94
2420000 1523.36 1629.77 1470.81 4623.94
2421000 1520.33 1627.11 1470.47 4617.91
2422000 1520.12 1625.32 1471.59 4617.04
2423000 1522.83 1631.25 1475.25 4629.33
2424000 1512.67 1621.93 1466.5 4601.09
2425000 1510.24 1615.93 1463.14 4589.31
2426000 1521.72 1628.59 1473.18 4623.49
2427000 1524.37 1633.91 1478.81 4637.09
2428000 1523.46 1633.69 1478.21 4635.36
2429000 1521.68 1627.34 1476.9 4625.91
2430000 1519.84 1624.14 1478.82 4622.79
2431000 1518.22 1622.97 1479.37 4620.56
2432000 1520 1626.54 1483.53 4630.07
2433000 1520.95 1626.11 1485.68 4632.74
2434000 1521.34 1632.11 1489.88 4643.34
2435000 1517.25 1628.03 1485.48 4630.77
2436000 1518.77 1627.18 1485.16 4631.1
2437000 1522.28 1630.71 1488.16 4641.15
2438000 1530.08 1637.7 1493.49 4661.27
2439000 1530.7 1637.32 1492.32 4660.34
2440000 1528.66 1640.09 1490.76 4659.51
2441000 1532.88 1644.42 1495.6 4672.9
2442000 1537.24 1648.33 1500 4685.58
2443000 1534.36 1642.01 1494.96 4671.33
2444000 1533.94 1637.48 1493.54 4664.96
2445000 1534.62 1635.48 1491.51 4661.61
2446000 1538.04 1638.61 1492.09 4668.74
2447000 1534.72 1634.16 1488.79 4657.67
2448000 1537.07 1638.2 1488.37 4663.64
2449000 1537.84 1643.74 1491.15 4672.72
2450000 1536.92 1640.37 1489.58 4666.86
2451000 1537.61 1642.79 1493.17 4673.56
2452000 1533.4 1641.28 1492.03 4666.7
2453000 1537.47 1646.13 1496.24 4679.85
2454000 1533.7 1640.96 1491.87 4666.53
2455000 1537.72 1641.26 1496.46 4675.44
2456000 1534.31 1638.15 1493.57 4666.02
2457000 1545.49 1647.97 1505.94 4699.41
2458000 1547.4 1650.68 1506.67 4704.75
2459000 1549.78 1650.55 1506.54 4706.87
2460000 1552.19 1652.4 1508.26 4712.85
2461000 1548.53 1648.62 1502.57 4699.72
2462000 1545.1 1644.11 1497.36 4686.57
2463000 1545.84 1643.48 1495.06 4684.38
2464000 1549.9 1646.36 1497.05 4693.31
2465000 1553.06 1649.18 1500.9 4703.14
2466000 1552.61 1647.61 1499.01 4699.23
2467000 1548.1 1641.69 1496.5 4686.29
2468000 1555.38 1649.48 1505.61 4710.47
2469000 1555.06 1649.57 1506.79 4711.42
2470000 1561.9 1657.88 1510.38 4730.16
2471000 1561.08 1657.98 1509.86 4728.92
2472000 1556.71 1650.29 1504.28 4711.28
2473000 1558.5 1652.23 1505.18 4715.91
2474000 1557.92 1650.65 1504.46 4713.02
2475000 1564.55 1656.23 1510.5 4731.28
2476000 1565.21 1659.34 1510.26 4734.81
2477000 1563.65 1660.47 1505.64 4729.77
2478000 1568.55 1668.75 1509.28 4746.59
2479000 1565.64 1669.18 1508.03 4742.85
2480000 1564.44 1668.27 1509.94 4742.64
2481000 1559.88 1663.79 1506.22 4729.88
2482000 1563.38 1665.81 1506.64 4735.82
2483000 1558.3 1665.87 1505.2 4729.37
2484000 1566.44 1673.39 1509.97 4749.81
2485000 1567.48 1673.08 1510.75 4751.3
2486000 1569.6 1678.03 1512.13 4759.75
2487000 1572.9 1680.84 1519.1 4772.84
2488000 1579 1685.55 1520.79 4785.34
2489000 1571.31 1677.24 1512.39 4760.93
2490000 1575.65 1681.71 1516.97 4774.33
2491000 1579.32 1682.01 1519.22 4780.55
2492000 1572.74 1679.83 1515.49 4768.07
2493000 1572.48 1679.65 1513.83 4765.95
2494000 1575.97 1684.2 1519.91 4780.08
2495000 1580.25 1692.25 1524.16 4796.66
2496000 1582.22 1693.87 1528.58 4804.67
2497000 1577.04 1687.74 1526.32 4791.09
2498000 1574.49 1689.57 1527.79 4791.85
2499000 1576.28 1693.41 1529.86 4799.55
2500000 1572.06 1689.31 1522.8 4784.17
2501000 1574.86 1691.14 1525.93 4791.94
2502000 1571 1688.29 1524.18 4783.47
2503000 1573.9 1692.48 1529.04 4795.42
2504000 1581.53 1701.6 1535.22 4818.35
2505000 1583.01 1702.05 1535.28 4820.35
2506000 1582.56 1705.61 1536.68 4824.85
2507000 1577.47 1696.81 1530.16 4804.43
2508000 1572.32 1690.98 1522.68 4785.98
2509000 1578.95 1698.62 1530.4 4807.97
2510000 1583.15 1706.11 1537.71 4826.97
2511000 1585.72 1711.44 1540.01 4837.16
2512000 1580.61 1708.57 1536.95 4826.13
2513000 1584.2 1712.35 1541.85 4838.4
2514000 1590.53 1720.5 1547.1 4858.12
2515000 1593.33 1723.79 1548.37 4865.49
2516000 1593.93 1727.72 1549.52 4871.18
2517000 1589.57 1727.26 1545.3 4862.12
2518000 1589.37 1723.91 1543.07 4856.35
2519000 1600.56 1735.82 1552.38 4888.75
2520000 1593.68 1728.53 1543.84 4866.06
2521000 1600.57 1734.22 1549.43 4884.22
2522000 1603.94 1740.78 1553.09 4897.8
2523000 1598.87 1734.57 1548.35 4881.78
2524000 1598.88 1735.32 1548.16 4882.36
2525000 1596.43 1734.51 1547.31 4878.25
2526000 1609.01 1744.71 1558.12 4911.84
2527000 1609.68 1747.24 1560.24 4917.16
2528000 1613.1 1753.39 1565.95 4932.44
2529000 1603.47 1745.13 1558.37 4906.97
2530000 1598.89 1743.83 1556.67 4899.39
2531000 1603.49 1749.42 1560.66 4913.56
2532000 1598.62 1739.77 1552.54 4890.93
2533000 1604.37 1744.75 1558.37 4907.48
2534000 1602.49 1742.59 1558.07 4903.15
2535000 1604.71 1752.06 1564.45 4921.22
2536000 1605.28 1756.65 1567.12 4929.05
2537000 1605.19 1756.51 1570.98 4932.68
2538000 1601.3 1753.09 1566.91 4921.3
2539000 1615.02 1767.38 1580.11 4962.51
2540000 1616.75 1768.42 1579.97 4965.15
2541000 1621.04 1770.12 1582.62 4973.79
2542000 1613.76 1762.11 1574.06 4949.93
2543000 1612.01 1757.63 1571.77 4941.42
2544000 1617.46 1762.64 1576.37 4956.48
2545000 1617.24 1760.4 1574.18 4951.82
2546000 1618.58 1758.4 1574.97 4951.95
2547000 1614.14 1755.33 1573.01 4942.48
2548000 1615.81 1759.56 1573.93 4949.3
2549000 1615.9 1761.27 1576.84 4954.02
2550000 1619.61 1763.01 1580.47 4963.09
2551000 1626.63 1773.12 1586.89 4986.64
2552000 1627.36 1771.7 1587.31 4986.38
2553000 1625.99 1767.39 1586.12 4979.49
2554000 1624.06 1761.76 1580.26 4966.08
2555000 1624 1763.34 1581.33 4968.67
2556000 1626.77 1771.49 1585.86 4984.11
2557000 1636.51 1780.83 1596.85 5014.19
2558000 1631.89 1775.99 1589.89 4997.77
2559000 1636.11 1776.25 1591.64 5004
2560000 1635.17 1774.92 1589.36 4999.46
2561000 1632.56 1772.64 1585.15 4990.35
2562000 1635.44 1775.78 1589.29 5000.5
2563000 1630.68 1774.73 1587.52 4992.94
2564000 1631.68 1775.99 1586.73 4994.4
2565000 1632.53 1777.99 1584.89 4995.41
2566000 1630.69 1776.37 1583.8 4990.86
2567000 1634.12 1779.94 1586.43 5000.49
2568000 1635.97 1780.84 1585.77 5002.58
2569000 1643.26 1792.28 1590.74 5026.28
2570000 1640.58 1788 1586.36 5014.95
2571000 1640.47 1785.05 1579.81 5005.32
2572000 1651.88 1796.92 1587.49 5036.29
2573000 1656.3 1802.98 1589.02 5048.3
2574000 1651.85 1797.33 1585.41 5034.59
2575000 1656.15 1799.41 1590.42 5045.98
2576000 1650.59 1789.5 1585.8 5025.89
2577000 1651.36 1786.14 1585.72 5023.23
2578000 1663.65 1799.06 1598.47 5061.18
2579000 1660.77 1796.91 1599.89 5057.57
2580000 1649.74 1787.39 1592.79 5029.93
2581000 1652.93 1787.59 1594.22 5034.73
2582000 1666.98 1799.52 1608.29 5074.79
2583000 1660.78 1791.68 1601.47 5053.93
2584000 1671.54 1802.94 1611.78 5086.26
2585000 1668.19 1798.92 1610.66 5077.77
2586000 1663.56 1797.48 1607.06 5068.11
2587000 1661.43 1795.75 1604.99 5062.16
2588000 1662.04 1797.75 1602.39 5062.18
2589000 1668.46 1804.3 1606.9 5079.67
2590000 1663.83 1799.34 1603.35 5066.52
2591000 1666.27 1802.81 1606.41 5075.49
2592000 1665.1 1802.56 1606.31 5073.98
2593000 1660.52 1796.22 1601.88 5058.61
2594000 1664.22 1798.33 1604.46 5067.01
2595000 1666.11 1799.72 1603.78 5069.61
2596000 1669.07 1802.85 1606.37 5078.29
2597000 1664.69 1802.79 1601.81 5069.29
2598000 1667.59 1807.88 1602.29 5077.76
2599000 1670.18 1808.35 1604.26 5082.79
2600000 1678.34 1815.11 1613.01 5106.46
