# Time-averaged data for fix thermo_avg_npt
# TimeStep v_epsilon_co v_temp v_press v_pe v_ke v_etotal v_vol v_dens
101000 0.45 301.101 270.782 -20986.2 3368.41 -17617.8 54436 1.04798
102000 0.45 299.94 -46.653 -20963.2 3355.42 -17607.8 54911.5 1.0389
103000 0.45 300.282 226.253 -20959.1 3359.25 -17599.8 54653.1 1.04382
104000 0.45 299.22 -66.8383 -20956.5 3347.37 -17609.1 54786.5 1.04128
105000 0.45 300.606 -120.003 -20974.9 3362.88 -17612 54769.1 1.04161
106000 0.45 299.408 -45.1052 -20913.7 3349.47 -17564.2 54471.5 1.0473
107000 0.45 300.457 84.5803 -20993.4 3361.2 -17632.2 53979.8 1.05683
108000 0.45 299.792 -206.329 -20999.3 3353.77 -17645.5 54292 1.05076
109000 0.45 301.88 22.0612 -20982.3 3377.12 -17605.2 54653.3 1.04381
110000 0.45 298.846 -112.199 -20933.5 3343.18 -17590.3 54869.9 1.03969
111000 0.45 298.475 165.9 -20985.6 3339.03 -17646.6 54835.8 1.04033
112000 0.45 298.821 262.599 -20961.5 3342.91 -17618.6 54480.6 1.04712
113000 0.45 299.729 96.2829 -20963.6 3353.06 -17610.6 54513.7 1.04649
114000 0.45 301.097 -79.8901 -20982.6 3368.37 -17614.3 54952.2 1.03813
115000 0.45 300.557 -161.118 -21001.6 3362.32 -17639.2 54755.4 1.04187
116000 0.45 298.06 78.8195 -21019.7 3334.4 -17685.3 54103.8 1.05441
117000 0.45 299.752 350.348 -21002 3353.31 -17648.7 54136.6 1.05377
118000 0.45 301.113 -72.7445 -20959.5 3368.54 -17591 54412 1.04844
119000 0.45 300.128 223.346 -21019.4 3357.52 -17661.9 54334.5 1.04994
120000 0.45 298.824 -207.207 -20965.5 3342.94 -17622.6 54809.8 1.04083
121000 0.45 301.585 101.541 -20973.3 3373.82 -17599.5 54554.2 1.04572
122000 0.45 300.209 58.5709 -20883.1 3358.44 -17524.7 54136.3 1.05378
123000 0.45 299.651 188.747 -21002.4 3352.2 -17650.2 54200.4 1.05255
124000 0.45 298.293 -220.935 -20921 3336.99 -17584 54951.8 1.03814
125000 0.45 298.978 -71.5722 -20987.4 3344.66 -17642.8 54523.1 1.0463
126000 0.45 299.019 -61.2418 -20992.2 3345.12 -17647 54312.3 1.05036
127000 0.45 298.832 -112.835 -20927.6 3343.02 -17584.6 54463.9 1.04744
128000 0.45 302.48 227.317 -20972.3 3383.84 -17588.5 54367.8 1.04929
129000 0.45 301.306 151.195 -20990.5 3370.7 -17619.8 54655.6 1.04378
130000 0.45 300.102 -74.4579 -20952.9 3357.23 -17595.7 55066.2 1.03598
131000 0.45 301.805 386.447 -21013 3376.28 -17636.7 54303.4 1.05055
132000 0.45 302.82 43.1517 -20964.4 3387.64 -17576.7 54195 1.05264
133000 0.45 300.844 -142.148 -20894.4 3365.53 -17528.9 54606.9 1.0447
134000 0.45 298.926 119.811 -20948.1 3344.08 -17604 54415.2 1.04838
135000 0.45 298.414 -57.7867 -20984.1 3338.35 -17645.7 54286.3 1.05086
136000 0.45 298.321 42.8811 -20958.4 3337.31 -17621 54324.8 1.05012
137000 0.45 302.437 59.7449 -20960.1 3383.36 -17576.8 54526.3 1.04624
138000 0.45 299.649 -233.171 -20920.8 3352.17 -17568.7 54798.3 1.04105
139000 0.45 298.774 146.572 -20921 3342.38 -17578.7 54230.8 1.05196
140000 0.45 300.476 188.721 -20965.9 3361.42 -17604.5 53923.3 1.05794
141000 0.45 300.17 -135.052 -20939.9 3357.99 -17581.9 54339.1 1.04985
142000 0.45 300.094 -15.4024 -20911 3357.14 -17553.8 54634.2 1.04418
143000 0.45 299.92 -90.4353 -20985.2 3355.2 -17630 54942.2 1.03832
144000 0.45 299.61 210.058 -20950.7 3351.73 -17599 54771.2 1.04156
145000 0.45 300.147 -182.008 -20912.3 3357.74 -17554.5 54404.7 1.04858
146000 0.45 301.416 277.682 -20916.6 3371.93 -17544.6 54077 1.05493
147000 0.45 299.699 -139.814 -20901.9 3352.73 -17549.2 54805.1 1.04094
148000 0.45 299.937 -278.979 -20922.9 3355.39 -17567.5 54995.4 1.03732
149000 0.45 299.78 -60.4904 -20950 3353.63 -17596.4 54923.3 1.03867
150000 0.45 301.5 88.7299 -20936.4 3372.88 -17563.5 54725.9 1.04243
151000 0.45 301.014 223.18 -20965.5 3367.44 -17598 54537.1 1.04603
152000 0.45 298.551 56.5415 -20958.2 3339.88 -17618.3 55181.7 1.03383
153000 0.45 299.088 -3.97589 -20990.1 3345.89 -17644.2 55020.8 1.03685
154000 0.45 300.34 226.559 -21048.6 3359.9 -17688.7 54377.3 1.04911
155000 0.45 301.474 -38.4164 -20963 3372.59 -17590.4 54141.6 1.05368
156000 0.45 298.807 127.501 -20948.9 3342.75 -17606.1 53850.4 1.05937
157000 0.45 300.987 -80.8943 -20883.7 3367.14 -17516.5 54007.6 1.05629
158000 0.45 298.359 -217.49 -20903.9 3337.73 -17566.1 54186.3 1.05281
159000 0.45 300.193 -96.2653 -20941 3358.26 -17582.8 54500 1.04675
160000 0.45 299.165 -91.9552 -20960.4 3346.75 -17613.6 54474.1 1.04724
161000 0.45 299.666 37.4298 -20975.7 3352.35 -17623.4 54479.9 1.04713
162000 0.45 298.999 28.5617 -20951.8 3344.9 -17606.9 54874.8 1.03959
163000 0.45 299.51 -118.765 -20922.7 3350.61 -17572.1 54361.9 1.04943
164000 0.45 301.851 246.695 -20929.8 3376.8 -17553 54032.9 1.0558
165000 0.45 298.297 -182.728 -20980.2 3337.04 -17643.2 54552 1.04575
166000 0.45 300.966 -88.0675 -20944.3 3366.91 -17577.4 54624.6 1.04435
167000 0.45 300.871 24.9456 -20984.3 3365.84 -17618.5 54601.8 1.04479
168000 0.45 300.223 111.255 -21016 3358.59 -17657.4 54692.8 1.04305
169000 0.45 299.716 192.258 -20997 3352.91 -17644.1 54626.6 1.04432
170000 0.45 298.761 33.4415 -21000.6 3342.23 -17658.4 54525.5 1.04625
171000 0.45 299.027 15.2781 -21003 3345.21 -17657.8 54715.1 1.04264
172000 0.45 300.623 -96.1948 -20897.4 3363.07 -17534.3 55012.9 1.03699
173000 0.45 300.454 206.734 -20964.8 3361.17 -17603.7 54595.9 1.0449
174000 0.45 300.051 -250.497 -20967.8 3356.66 -17611.1 54773.8 1.04151
175000 0.45 298.767 189.773 -20947.7 3342.3 -17605.4 54638.7 1.04409
176000 0.45 301.571 69.6571 -20915.5 3373.67 -17541.9 54440.9 1.04788
177000 0.45 299.347 160.329 -20920.9 3348.78 -17572.1 54620.6 1.04443
178000 0.45 300.597 86.1511 -21012.8 3362.78 -17650 54650.6 1.04386
179000 0.45 301.154 -69.9256 -21001.7 3369.01 -17632.7 54598.2 1.04486
180000 0.45 298.045 141.837 -20966.6 3334.22 -17632.4 54391.6 1.04883
181000 0.45 299.22 103.064 -20929.7 3347.37 -17582.3 54400.1 1.04867
182000 0.45 297.821 7.05383 -20934.7 3331.72 -17602.9 54365.1 1.04934
183000 0.45 298.817 339.051 -20937.2 3342.86 -17594.4 54241.2 1.05174
184000 0.45 300.981 -147.099 -20913 3367.07 -17546 54460.8 1.0475
185000 0.45 297.921 -130.447 -20946.5 3332.84 -17613.7 54435.7 1.04798
186000 0.45 300.469 209.78 -20964.9 3361.34 -17603.6 54371.1 1.04922
187000 0.45 299.732 -166.912 -20892 3353.09 -17538.9 54419.4 1.0483
188000 0.45 298.875 120.887 -20951.5 3343.5 -17608 53925.1 1.05791
189000 0.45 298.253 -0.872399 -20882.4 3336.56 -17545.8 54086.7 1.05474
190000 0.45 301.31 -81.9669 -20873.6 3370.75 -17502.8 54431.1 1.04808
191000 0.45 300.368 -281.18 -20914 3360.21 -17553.8 54715.7 1.04262
192000 0.45 299.512 93.1147 -20887.5 3350.64 -17536.8 54762.6 1.04172
193000 0.45 300.427 -138.535 -20915.1 3360.87 -17554.2 54691.5 1.04308
194000 0.45 298.023 310.408 -20902 3333.98 -17568 54207.8 1.05239
195000 0.45 301.379 -49.6486 -20926.6 3371.52 -17555 54361 1.04943
196000 0.45 302.173 -165.739 -21000.1 3380.41 -17619.7 54470.8 1.04731
197000 0.45 300.185 150.858 -21002.3 3358.16 -17644.2 54112.9 1.05423
198000 0.45 300.352 89.7104 -20916 3360.03 -17555.9 54501.8 1.04672
199000 0.45 300.467 107.779 -20881.3 3361.31 -17520 54681.5 1.04327
200000 0.45 299.791 294.704 -20964 3353.76 -17610.3 54596.3 1.0449
201000 0.45 300.647 178.425 -21035.8 3363.34 -17672.5 54730.4 1.04234
202000 0.45 299.818 -422.522 -20960.5 3354.06 -17606.4 54717.4 1.0426
203000 0.45 301.31 321.211 -20963.4 3370.75 -17592.6 54318.7 1.05025
204000 0.45 299.865 -351.228 -20979.1 3354.58 -17624.6 54793.2 1.04114
205000 0.45 301.016 22.2494 -21015.7 3367.46 -17648.2 54285.8 1.05088
206000 0.45 301.402 31.884 -20973.2 3371.78 -17601.4 54001.8 1.0564
207000 0.45 298.655 -164.349 -20870.3 3341.05 -17529.2 54153.3 1.05345
208000 0.45 301.03 -30.9598 -20886.7 3367.62 -17519.1 54309.7 1.05041
209000 0.45 300.288 -115.134 -20964.8 3359.32 -17605.5 54518.7 1.04639
210000 0.45 297.935 -109.951 -20948.2 3332.99 -17615.2 54711 1.04271
211000 0.45 299.781 141.822 -20910.7 3353.65 -17557.1 54764.6 1.04169
212000 0.45 300.032 -229.068 -20913.1 3356.45 -17556.7 54847.9 1.04011
213000 0.45 302.92 173.29 -20996.4 3388.76 -17607.7 54385.1 1.04896
214000 0.45 298.913 32.529 -20910.6 3343.94 -17566.7 54625.7 1.04434
215000 0.45 300.707 -28.0054 -20922.6 3364.01 -17558.6 54656.4 1.04375
216000 0.45 297.78 198.159 -20978.5 3331.26 -17647.2 54189.4 1.05275
217000 0.45 296.775 -170.182 -20918.8 3320.02 -17598.7 54241.9 1.05173
218000 0.45 299.926 -14.5349 -20974.2 3355.27 -17619 54339.1 1.04984
219000 0.45 300.218 177.671 -21000.2 3358.53 -17641.7 54294.3 1.05071
220000 0.45 297.54 146.169 -20967.6 3328.57 -17639 54413 1.04842
221000 0.45 299.089 191.351 -20921.4 3345.9 -17575.5 54736.6 1.04222
222000 0.45 300.354 -93.9366 -20946.1 3360.06 -17586 54650.8 1.04386
223000 0.45 298.849 39.7949 -21042.9 3343.21 -17699.7 54399.7 1.04867
224000 0.45 298.756 -174.951 -20913 3342.17 -17570.8 54844.7 1.04017
225000 0.45 300.325 -213.613 -20918.6 3359.73 -17558.9 54714.2 1.04265
226000 0.45 298.476 117.011 -20977.6 3339.05 -17638.5 54339.8 1.04983
227000 0.45 300.862 33.0514 -20839.5 3365.73 -17473.8 54174.5 1.05303
228000 0.45 299.339 -243.039 -20913 3348.69 -17564.3 54383.7 1.04898
229000 0.45 298.084 14.0905 -20951.3 3334.66 -17616.7 54295.8 1.05068
230000 0.45 298.871 40.5454 -20985.2 3343.46 -17641.8 54206.6 1.05241
231000 0.45 301.217 406.16 -20905.8 3369.7 -17536.1 54529.9 1.04619
232000 0.45 298.517 -479.95 -20927.3 3339.5 -17587.8 55206.4 1.03335
233000 0.45 300.456 -238.547 -20926.9 3361.19 -17565.7 54488.6 1.047
234000 0.45 300.093 294.316 -20999.3 3357.14 -17642.2 53828.8 1.0598
235000 0.45 299.922 68.2601 -20919 3355.22 -17563.7 54097.2 1.05454
236000 0.45 298.641 125.972 -20992.5 3340.9 -17651.6 54311.9 1.05037
237000 0.45 300.435 -155.744 -21050.3 3360.96 -17689.4 54575.1 1.0453
238000 0.45 300.213 175.959 -20957.6 3358.48 -17599.1 54356.2 1.04952
239000 0.45 297.856 216.373 -20999.9 3332.11 -17667.8 54119.5 1.0541
240000 0.45 300.267 -132.941 -20980.8 3359.08 -17621.7 54437.5 1.04795
241000 0.45 300.964 -243.566 -20922.2 3366.88 -17555.3 54919.2 1.03876
242000 0.45 300.538 -100.125 -20878.1 3362.11 -17516 54962.3 1.03794
243000 0.45 299.62 -13.9843 -20929 3351.85 -17577.2 54507.3 1.04661
244000 0.45 300.66 87.6179 -20978.5 3363.47 -17615 54269.8 1.05118
245000 0.45 300.38 -41.1196 -20943.1 3360.35 -17582.8 54609.7 1.04465
246000 0.45 299.129 -363.849 -20920.1 3346.34 -17573.8 55102.2 1.03531
247000 0.45 299.107 108.372 -20991.7 3346.1 -17645.6 54217.6 1.05221
248000 0.45 302.084 -93.4824 -20943.6 3379.41 -17564.2 54310.6 1.0504
249000 0.45 300.462 -268.142 -20957.2 3361.26 -17595.9 54777.5 1.04145
250000 0.45 299.482 105.839 -20953.1 3350.3 -17602.8 54941.9 1.03832
251000 0.45 300.767 -397.558 -20951.6 3364.68 -17586.9 54580 1.04522
252000 0.45 301.237 312.339 -20994.4 3369.93 -17624.5 54350.1 1.04963
253000 0.45 300.906 -355.495 -20937.8 3366.23 -17571.6 54896.2 1.03919
254000 0.45 298.566 361.777 -20888.2 3340.05 -17548.2 54450.7 1.04772
255000 0.45 298.991 -55.5609 -20902.4 3344.81 -17557.5 54301.6 1.05057
256000 0.45 298.929 101.857 -20929.9 3344.11 -17585.8 54694.1 1.04303
257000 0.45 299.102 -162.736 -20942.1 3346.04 -17596.1 54599 1.04485
258000 0.45 300.424 457.25 -21019.1 3360.83 -17658.3 54098.1 1.05452
259000 0.45 300.138 -172.959 -20964.3 3357.64 -17606.7 54752.5 1.04193
260000 0.45 301.292 -67.9918 -20977.5 3370.54 -17607 54816.1 1.04071
261000 0.45 301.585 140.293 -21013.1 3373.83 -17639.3 54402.2 1.04863
262000 0.45 300.98 282.787 -20996.4 3367.05 -17629.4 54686.8 1.04319
263000 0.45 301.617 -299.51 -20972.7 3374.18 -17598.6 55118.4 1.035
264000 0.45 300.396 144.393 -20980.7 3360.53 -17620.1 54869 1.03971
265000 0.45 300.434 231.901 -20923.6 3360.95 -17562.6 54660.3 1.04367
266000 0.45 300.347 -92.7846 -20934.5 3359.97 -17574.5 54686.3 1.04318
267000 0.45 301.462 -146.009 -20931.9 3372.45 -17559.5 54377.2 1.04911
268000 0.45 299.919 64.4448 -20980.3 3355.18 -17625.1 54266.8 1.05125
269000 0.45 301.045 -509.899 -20871.2 3367.79 -17503.4 54952.3 1.03813
270000 0.45 299.542 -83.8528 -20905.9 3350.97 -17554.9 54378 1.04911
271000 0.45 299.951 45.4258 -20907.5 3355.54 -17551.9 54275.1 1.05108
272000 0.45 299.735 -279.918 -20884 3353.13 -17530.9 54525.6 1.04625
273000 0.45 301.816 89.9006 -20971.3 3376.41 -17594.8 54359.9 1.04944
274000 0.45 300.413 102.382 -20960.3 3360.71 -17599.6 54574.8 1.04531
275000 0.45 300.462 -8.59932 -20936.4 3361.26 -17575.1 54822.9 1.04058
276000 0.45 298.033 -24.6857 -20979.7 3334.09 -17645.6 54278.1 1.05104
277000 0.45 301.641 -19.1987 -20981 3374.45 -17606.5 54362.2 1.04942
278000 0.45 300.824 -401.576 -20923.2 3365.31 -17557.9 54983.4 1.03754
279000 0.45 299.449 -32.0182 -20914.5 3349.93 -17564.5 54505.4 1.04665
280000 0.45 299.514 33.0594 -20926.1 3350.66 -17575.5 54349 1.04965
281000 0.45 301.201 3.59978 -20979.9 3369.53 -17610.4 54248.1 1.0516
282000 0.45 300.853 200.734 -20937.3 3365.64 -17571.7 54370.5 1.04924
283000 0.45 300.099 109.11 -20922.3 3357.2 -17565.1 54722.5 1.04249
284000 0.45 300.085 -14.5009 -20895.2 3357.05 -17538.1 54977.3 1.03766
285000 0.45 299.215 220.15 -20973.8 3347.31 -17626.5 54744.5 1.04207
286000 0.45 300.852 -108.484 -20935 3365.62 -17569.3 54571.8 1.04537
287000 0.45 300.538 -64.8802 -20940.5 3362.11 -17578.4 54480.1 1.04713
288000 0.45 299.685 61.9126 -21046.7 3352.57 -17694.1 54197.4 1.05259
289000 0.45 298.804 186.09 -20991.6 3342.71 -17648.9 54223.5 1.05208
290000 0.45 301.867 -86.3699 -20916.8 3376.98 -17539.8 54312.7 1.05036
291000 0.45 300.842 -166.401 -20988.2 3365.51 -17622.7 54543.5 1.04591
292000 0.45 302.604 -87.404 -21021.6 3385.23 -17636.4 54319.8 1.05022
293000 0.45 300.949 322.966 -21088.8 3366.71 -17722.1 54200.9 1.05252
294000 0.45 300.478 -217.298 -21007.7 3361.45 -17646.3 54992 1.03741
295000 0.45 300.551 -87.3277 -20908.6 3362.26 -17546.4 55335.6 1.03094
296000 0.45 302.251 -106.298 -20962.5 3381.27 -17581.2 54455.3 1.04762
297000 0.45 299.492 -24.6808 -20942.4 3350.41 -17592 54236.9 1.05182
298000 0.45 297.983 -50.7933 -20914.9 3333.53 -17581.4 54626.3 1.04432
299000 0.45 299.801 -130.622 -20951.2 3353.87 -17597.4 54618.3 1.04448
300000 0.45 299.248 39.5141 -20888.6 3347.68 -17540.9 54527.9 1.04621
301000 0.45 299.28 -125.83 -20951.1 3348.04 -17603.1 54484.3 1.04706
302000 0.45 301.409 -0.333403 -20977.8 3371.85 -17605.9 54300 1.0506
303000 0.45 299.355 -108.814 -20928.6 3348.88 -17579.7 54378.7 1.04908
304000 0.45 302.529 78.1823 -20990.4 3384.39 -17606 54111.8 1.05426
305000 0.45 298.246 -323.358 -20964 3336.48 -17627.5 54146.6 1.05358
306000 0.45 301.059 -106.898 -20942.4 3367.94 -17574.4 54070 1.05508
307000 0.45 301.23 183.505 -20882.7 3369.86 -17512.8 54416.8 1.04835
308000 0.45 300.013 -69.6456 -20963.5 3356.24 -17607.2 54413 1.04842
309000 0.45 300.411 -85.5592 -20922.6 3360.69 -17561.9 54394 1.04879
310000 0.45 299.395 7.81847 -20982.2 3349.33 -17632.9 54358.5 1.04949
311000 0.45 301.073 132.534 -21046.5 3368.09 -17678.4 54118.1 1.05415
312000 0.45 299.746 -20.008 -20977.6 3353.25 -17624.4 54785.2 1.0413
313000 0.45 298.098 -1.07195 -20988.4 3334.81 -17653.6 54224.2 1.05209
314000 0.45 300.213 -196.306 -20945 3358.48 -17586.5 54407.4 1.04853
315000 0.45 300.475 -119.879 -20904.2 3361.41 -17542.8 54746.9 1.04202
316000 0.45 299.986 -100.686 -20965 3355.94 -17609 54281.6 1.05096
317000 0.45 298.614 -105.667 -20943.4 3340.59 -17602.8 54722 1.0425
318000 0.45 299.91 10.3696 -20947.7 3355.08 -17592.6 54598.9 1.04486
319000 0.45 299.956 129.002 -20961.9 3355.6 -17606.3 54304.6 1.05053
320000 0.45 298.75 139.495 -20958 3342.11 -17615.9 54592.4 1.04499
321000 0.45 299.839 339.934 -20891.5 3354.29 -17537.2 54337.5 1.04988
322000 0.45 301.166 165.343 -20900.5 3369.14 -17531.4 54651.5 1.04385
323000 0.45 299.532 -328.615 -20957.7 3350.86 -17606.8 54899.4 1.03913
324000 0.45 300.4 -72.7437 -20972 3360.57 -17611.4 54235.2 1.05187
325000 0.45 300.473 -128.313 -20936.8 3361.39 -17575.4 54227.1 1.05202
326000 0.45 301.451 -48.903 -20898.9 3372.32 -17526.6 54219.4 1.05217
327000 0.45 300.236 -188.258 -20926 3358.74 -17567.2 54789.1 1.04127
328000 0.45 299.024 -26.2636 -20937.6 3345.17 -17592.4 54507.8 1.04663
329000 0.45 301.779 141.923 -20996.4 3376 -17620.4 54504.8 1.04667
330000 0.45 298.9 54.2811 -20972.4 3343.79 -17628.7 54634.6 1.04417
331000 0.45 299.929 130.95 -20916.9 3355.3 -17561.6 54401.9 1.04865
332000 0.45 301.019 -217.597 -20923.5 3367.49 -17556 54989.5 1.03743
333000 0.45 298.823 -126.075 -20932.4 3342.93 -17589.5 54809.3 1.04084
334000 0.45 298.591 76.2536 -20929.1 3340.33 -17588.8 54810.9 1.04082
335000 0.45 297.854 130.587 -20918.8 3332.09 -17586.7 54543.6 1.04591
336000 0.45 300.248 -133.707 -20945.2 3358.87 -17586.4 54375.8 1.04913
337000 0.45 300.312 142.044 -20954 3359.58 -17594.4 54031 1.05584
338000 0.45 299.794 -36.2026 -20852.7 3353.79 -17498.9 54592.1 1.04499
339000 0.45 299.862 114.761 -20892.1 3354.55 -17537.6 54553.6 1.04574
340000 0.45 299.493 188.181 -20915.8 3350.43 -17565.4 54718.9 1.04256
341000 0.45 299.479 50.4973 -21014.8 3350.27 -17664.6 54905.8 1.03902
342000 0.45 299.382 -41.746 -20930.7 3349.18 -17581.5 54648.2 1.04392
343000 0.45 298.995 125.701 -20959.7 3344.85 -17614.9 54516.4 1.04644
344000 0.45 301.198 18.0288 -20940.2 3369.49 -17570.8 54716.8 1.0426
345000 0.45 299.414 -34.5958 -20997.7 3349.53 -17648.2 54615.8 1.04453
346000 0.45 300.012 219.93 -20970.1 3356.23 -17613.9 54360.5 1.04945
347000 0.45 299.14 210.473 -20874.8 3346.48 -17528.4 54149.7 1.05352
348000 0.45 300.264 51.6683 -21007 3359.04 -17648 54427.4 1.04815
349000 0.45 299.56 -49.9936 -20932.4 3351.18 -17581.3 54328.1 1.05006
350000 0.45 300.327 131.431 -20926.6 3359.75 -17566.9 54495 1.04685
351000 0.45 299.774 94.5342 -20986.4 3353.57 -17632.8 54188.1 1.05282
352000 0.45 300.747 -118.94 -20966.2 3364.45 -17601.8 54903.5 1.03908
353000 0.45 299.513 -140.367 -21017.8 3350.65 -17667.2 54808.2 1.04089
354000 0.45 299.729 70.22 -20974.6 3353.06 -17621.6 54696.1 1.043
355000 0.45 299.29 55.5484 -20998.6 3348.15 -17650.4 54472.6 1.04727
356000 0.45 300.614 29.097 -20978.3 3362.96 -17615.3 54547.3 1.04584
357000 0.45 299.864 124.163 -21016.9 3354.57 -17662.3 54716.9 1.0426
358000 0.45 300.641 -72.3992 -21005 3363.27 -17641.7 54735.8 1.0423
359000 0.45 300.287 -152.95 -20962.1 3359.3 -17602.8 54718.1 1.04257
360000 0.45 299.313 -13.8839 -20956.6 3348.41 -17608.2 54427.3 1.04814
361000 0.45 300.356 -81.9691 -21047.3 3360.08 -17687.2 54380.6 1.04905
362000 0.45 300.827 39.0572 -20929.2 3365.35 -17563.8 54314.4 1.05035
363000 0.45 299.637 -175.87 -20946 3352.03 -17593.9 54601.8 1.0448
364000 0.45 300.196 -98.4217 -21064.2 3358.29 -17705.9 54662.9 1.04363
365000 0.45 299.197 51.3135 -20986 3347.11 -17638.9 54639.3 1.04409
366000 0.45 299.539 53.9458 -20955.9 3350.93 -17604.9 54602.2 1.04479
367000 0.45 300.241 -94.4551 -20987.3 3358.79 -17628.5 54785.9 1.04128
368000 0.45 299.507 -48.2698 -20964.9 3350.58 -17614.3 54493.7 1.04687
369000 0.45 299.545 89.8121 -20921.1 3351 -17570.1 54408.3 1.04851
370000 0.45 301.677 7.53726 -20951.5 3374.86 -17576.6 54408.6 1.04852
371000 0.45 299.189 -151.702 -20898.5 3347.02 -17551.5 54547.9 1.04585
372000 0.45 299.934 266.357 -20956.2 3355.36 -17600.9 54582.2 1.04517
373000 0.45 299.683 84.7042 -20974.4 3352.55 -17621.9 54349.5 1.04966
374000 0.45 300.176 -53.0264 -20897.1 3358.07 -17539 54538.2 1.04603
375000 0.45 300.918 158.33 -20862.2 3366.36 -17495.8 54433.2 1.04806
376000 0.45 297.806 96.6756 -20843.7 3331.55 -17512.1 54389.1 1.04892
377000 0.45 298.986 82.0513 -20924.6 3344.76 -17579.8 54332.4 1.05
378000 0.45 300.323 138.874 -20958.1 3359.71 -17598.4 54505.5 1.04666
379000 0.45 300.228 111.713 -20991 3358.65 -17632.3 54389.6 1.04892
380000 0.45 299.123 29.2033 -20943.6 3346.28 -17597.3 54218.3 1.05219
381000 0.45 299.696 -97.1629 -20998 3352.7 -17645.3 54277.3 1.05108
382000 0.45 300.02 32.3216 -20992.1 3356.32 -17635.8 54440.4 1.0479
383000 0.45 300.803 185.262 -20929.5 3365.08 -17564.5 54419.5 1.0483
384000 0.45 298.668 -30.1524 -20948.9 3341.2 -17607.7 54382.9 1.049
385000 0.45 297.577 57.9613 -20962.9 3328.99 -17633.9 54285.9 1.05088
386000 0.45 297.81 135.197 -20981.8 3331.6 -17650.2 54504.6 1.04672
387000 0.45 299.367 74.1089 -20918.4 3349.02 -17569.4 54348.6 1.04966
388000 0.45 300.056 5.62197 -20997.2 3356.72 -17640.5 54390.3 1.04888
389000 0.45 298.332 -33.0128 -20941.5 3337.44 -17604 54711.4 1.0427
390000 0.45 301.94 39.041 -20952.1 3377.79 -17574.3 54653.8 1.04382
391000 0.45 298.241 59.3864 -20994.8 3336.42 -17658.4 54753.6 1.04191
392000 0.45 298.1 -348.365 -21005.4 3334.84 -17670.5 54355.3 1.04953
393000 0.45 301.895 -35.3532 -20961.6 3377.29 -17584.3 54583.9 1.04514
394000 0.45 301.108 11.8847 -20924.9 3368.49 -17556.4 54589 1.04504
395000 0.45 298.711 -69.0281 -20952.3 3341.68 -17610.7 54649.3 1.04389
396000 0.45 301.154 6.05437 -20960.5 3369 -17591.5 54817.5 1.04068
397000 0.45 301.786 -279.848 -20945.2 3376.08 -17569.1 54800.4 1.04104
398000 0.45 299.982 86.8878 -20921.8 3355.89 -17565.9 54258.1 1.05142
399000 0.45 300.03 -160.77 -20926.9 3356.43 -17570.5 54459.2 1.04755
400000 0.45 299.93 -8.11686 -20956.4 3355.31 -17601.1 54602.6 1.04478
401000 0.45 299.375 -6.89811 -20915.1 3349.1 -17566 54225.4 1.05205
402000 0.45 300.187 -50.1938 -20922 3358.19 -17563.8 54880.1 1.03953
403000 0.45 299.983 40.3134 -20946.4 3355.91 -17590.5 54494.5 1.04686
404000 0.45 299.578 -35.7265 -20917.2 3351.37 -17565.8 54787 1.04128
405000 0.45 299.633 -8.83715 -20948.4 3351.99 -17596.4 54783.4 1.04135
406000 0.45 301.569 140.581 -20882.9 3373.65 -17509.3 54265.9 1.05128
407000 0.45 300.874 -54.3982 -20902.6 3365.87 -17536.7 54531.5 1.04616
408000 0.45 297.348 206.797 -20919.1 3326.43 -17592.7 54543 1.04597
409000 0.45 298.919 28.8837 -20999.3 3344 -17655.3 54667.5 1.04356
410000 0.45 300.748 4.71857 -20950 3364.46 -17585.6 54314.7 1.05034
411000 0.45 300.51 -68.3189 -21016.9 3361.8 -17655.1 54486 1.04703
412000 0.45 298.675 -122.683 -20962.2 3341.27 -17620.9 54348.7 1.04967
413000 0.45 299.642 175.779 -20920.3 3352.09 -17568.2 54177.2 1.05299
414000 0.45 300.447 -81.9596 -20916.3 3361.09 -17555.2 54399 1.04869
415000 0.45 299.867 -218.154 -20970.8 3354.6 -17616.2 54376.9 1.04912
416000 0.45 299.869 8.60364 -20958.4 3354.62 -17603.7 54750.6 1.04196
417000 0.45 300.949 -26.5486 -20985.8 3366.71 -17619.1 54677 1.04336
418000 0.45 300.557 -60.4599 -20947.7 3362.32 -17585.3 54750.5 1.04196
419000 0.45 300.615 103.998 -21015.8 3362.97 -17652.8 54706.2 1.0428
420000 0.45 298.662 248.779 -21060.3 3341.12 -17719.2 54347.2 1.0497
421000 0.45 300.157 -185.627 -21006.7 3357.85 -17648.9 54462.1 1.04747
422000 0.45 300.99 -1.38577 -20936.8 3367.17 -17569.6 54391.9 1.04884
423000 0.45 298.679 -2.47531 -20944.8 3341.31 -17603.5 54047.5 1.05552
424000 0.45 297.866 248.43 -20923.2 3332.22 -17591 54339.6 1.04984
425000 0.45 300.304 253.71 -20955 3359.49 -17595.5 54640.2 1.04406
426000 0.45 300.051 207.405 -20967.3 3356.67 -17610.6 54543.4 1.04594
427000 0.45 300.214 57.8754 -21001.5 3358.49 -17643 54467 1.04741
428000 0.45 299.971 -229.117 -21028.7 3355.77 -17673 54665.9 1.04358
429000 0.45 301.094 -134.312 -20966.5 3368.33 -17598.2 54159.9 1.05336
430000 0.45 300.509 -77.8958 -20957.8 3361.79 -17596 54471.5 1.0473
431000 0.45 298.463 54.5154 -20981.4 3338.89 -17642.6 54541.4 1.04596
432000 0.45 299.786 225.353 -20923 3353.7 -17569.3 54283.5 1.05093
433000 0.45 300.025 88.0018 -20956.6 3356.38 -17600.2 54503.4 1.04668
434000 0.45 299.652 -109.541 -20971 3352.2 -17618.8 54487.9 1.04698
435000 0.45 300.724 -65.2254 -20964.1 3364.19 -17599.9 54567 1.04547
436000 0.45 298.682 -67.5824 -20993.3 3341.35 -17652 54702.3 1.04288
437000 0.45 302.26 -120.837 -20962.5 3381.38 -17581.1 54678 1.04334
438000 0.45 299.842 20.4994 -20959.6 3354.33 -17605.3 54636.7 1.04414
439000 0.45 297.897 -49.8173 -20999.2 3332.57 -17666.6 54700.9 1.04291
440000 0.45 300.483 52.3144 -21004.3 3361.5 -17642.8 54809.1 1.04092
441000 0.45 301.39 -14.4806 -20990.5 3371.65 -17618.8 54543.6 1.04596
442000 0.45 301.726 -190.805 -20967.6 3375.4 -17592.2 54698.8 1.04294
443000 0.45 301.084 -69.5087 -20964.8 3368.22 -17596.6 54332.1 1.04999
444000 0.45 300.145 -48.4419 -20957 3357.72 -17599.3 54493.3 1.04688
445000 0.45 297.304 -112.015 -20942.6 3325.93 -17616.6 54735.9 1.04224
446000 0.45 299.795 -70.0729 -20987.9 3353.8 -17634 54841.9 1.04023
447000 0.45 299.021 -17.6724 -20967.3 3345.14 -17622.2 54815.4 1.04075
448000 0.45 298.924 193.546 -21046.6 3344.06 -17702.6 54410 1.04848
449000 0.45 297.788 -134.348 -20987.4 3331.34 -17656 54344.1 1.04975
450000 0.45 299.778 -100.361 -20987.4 3353.61 -17633.8 54336 1.04991
451000 0.45 298.518 5.95283 -20924.3 3339.51 -17584.8 54288.3 1.05089
452000 0.45 300.231 -171.819 -20892.6 3358.68 -17533.9 54069.4 1.05511
453000 0.45 299.556 -104.771 -20947.2 3351.12 -17596.1 54339.6 1.04984
454000 0.45 298.103 101.237 -21028.5 3334.87 -17693.6 54198.6 1.05257
455000 0.45 299.073 15.872 -20945.3 3345.73 -17599.6 54293.9 1.05072
456000 0.45 299.888 9.29825 -20952.4 3354.85 -17597.5 54335.9 1.04991
457000 0.45 299.801 194.445 -20966.9 3353.86 -17613.1 54481.1 1.04712
458000 0.45 300.098 -120.288 -21001.3 3357.19 -17644.1 54934 1.03852
459000 0.45 300.103 31.6946 -21043.6 3357.25 -17686.4 54538.1 1.04604
460000 0.45 298.191 164.081 -21036.3 3335.86 -17700.4 54299.7 1.05061
461000 0.45 299.202 -49.4461 -20951 3347.17 -17603.9 54287.1 1.05088
462000 0.45 299.811 -99.6199 -20977 3353.98 -17623 54401.8 1.04865
463000 0.45 300.3 -92.7355 -20946.2 3359.45 -17586.8 54561.3 1.04558
464000 0.45 301.583 192.39 -20944.1 3373.81 -17570.3 54597.9 1.04487
465000 0.45 301.739 25.6548 -20977.2 3375.54 -17601.7 54577.1 1.04527
466000 0.45 300.639 -118.719 -21018.7 3363.24 -17655.5 54914.8 1.03884
467000 0.45 300.912 78.9165 -20951.7 3366.3 -17585.4 54439.7 1.04791
468000 0.45 300.39 133.019 -20925.6 3360.45 -17565.2 53997.1 1.05651
469000 0.45 299.634 30.5715 -20937.3 3352.01 -17585.3 54221.2 1.05215
470000 0.45 299.238 -130.858 -20988.1 3347.57 -17640.6 54506.8 1.04662
471000 0.45 299.656 127.292 -20972.1 3352.25 -17619.8 54222.8 1.05213
472000 0.45 298.318 31.0242 -20938.5 3337.28 -17601.2 54445.6 1.04779
473000 0.45 300.028 57.9056 -20924.9 3356.41 -17568.5 54711 1.04271
474000 0.45 301.22 49.5221 -20998.9 3369.75 -17629.1 54142.6 1.05365
475000 0.45 298.773 390.387 -20944.7 3342.37 -17602.4 54150.1 1.05351
476000 0.45 301.046 -352.842 -20986.4 3367.79 -17618.6 54388.7 1.0489
477000 0.45 300.198 -55.4832 -20928.5 3358.3 -17570.2 54389.7 1.04889
478000 0.45 299.219 8.94457 -20925.3 3347.36 -17578 54708 1.04277
479000 0.45 297.685 75.5634 -20934.9 3330.2 -17604.7 54948.6 1.03821
480000 0.45 300.128 42.5575 -21000.1 3357.53 -17642.6 54305.9 1.0505
481000 0.45 299.975 -19.2039 -20957.6 3355.82 -17601.8 54882 1.03951
482000 0.45 299.081 76.4521 -20982.9 3345.81 -17637.1 54766.2 1.0417
483000 0.45 298.261 116.376 -21001.6 3336.63 -17665 54755.2 1.04188
484000 0.45 298.032 -123.453 -20925 3334.08 -17590.9 54670.2 1.0435
485000 0.45 299.299 109.768 -20968.4 3348.25 -17620.1 54164.1 1.05324
486000 0.45 298.906 -38.4148 -20952 3343.86 -17608.1 54335.7 1.04991
487000 0.45 301.985 -10.9232 -20949.6 3378.3 -17571.3 54481.4 1.04712
488000 0.45 299.746 -24.2021 -20974.1 3353.26 -17620.8 54367.7 1.04932
489000 0.45 301.181 -89.0595 -20959.8 3369.3 -17590.5 54699.5 1.04293
490000 0.45 300.745 60.5716 -20945.1 3364.42 -17580.6 54603.7 1.04476
491000 0.45 301.258 -166.755 -20911 3370.17 -17540.8 54882.7 1.03946
492000 0.45 299.874 38.8852 -21021.3 3354.68 -17666.6 54724.8 1.04245
493000 0.45 301.688 57.8672 -21007.9 3374.98 -17632.9 54566.4 1.04547
494000 0.45 299.851 -187.924 -20986 3354.43 -17631.5 54406.5 1.04854
495000 0.45 298.399 39.5112 -20979.3 3338.19 -17641.1 54668.2 1.04353
496000 0.45 300.824 -199.442 -20917.2 3365.32 -17551.8 54841 1.04024
497000 0.45 299.299 -4.38191 -20924.4 3348.26 -17576.1 54392.1 1.04883
498000 0.45 300.765 7.50455 -20898.8 3364.65 -17534.2 54511.5 1.04653
499000 0.45 301.384 58.3501 -20983.5 3371.58 -17611.9 54578.5 1.04527
500000 0.45 298.898 4.01364 -20964.6 3343.76 -17620.8 54330.7 1.05003
501000 0.45 300.988 288.015 -20931.9 3367.15 -17564.8 54299.7 1.05062
502000 0.45 299.649 116.908 -20910.1 3352.17 -17557.9 54458.5 1.04757
503000 0.45 299.204 5.04906 -20949.2 3347.19 -17602 54549.9 1.04579
504000 0.45 299.316 11.0131 -20956.1 3348.45 -17607.7 54502 1.04671
505000 0.45 301.523 -26.0192 -20978.8 3373.13 -17605.7 54428.6 1.04813
506000 0.45 298.381 85.0425 -20956.5 3337.99 -17618.5 54622.8 1.04439
507000 0.45 297.96 -125.492 -20987.9 3333.27 -17654.6 54656.9 1.04374
508000 0.45 299.736 164.429 -21002.5 3353.15 -17649.3 54501.5 1.04672
509000 0.45 300.559 -164.992 -20967.3 3362.35 -17605 54654.4 1.04379
510000 0.45 297.997 37.4352 -20979.1 3333.68 -17645.4 54569.9 1.04541
511000 0.45 301.001 -46.4127 -20921.8 3367.29 -17554.5 54463.6 1.04747
512000 0.45 299.671 -3.14879 -20938 3352.41 -17585.6 54497.2 1.0468
513000 0.45 300.173 5.12203 -20949.7 3358.03 -17591.7 54365.8 1.04934
514000 0.45 298.823 -20.5815 -20959.3 3342.93 -17616.4 54668.7 1.04352
515000 0.45 302.197 54.7468 -20965.3 3380.67 -17584.6 54306.3 1.05053
516000 0.45 300.144 39.5431 -20971.4 3357.71 -17613.6 54355 1.04954
517000 0.45 301.705 -212.369 -20972.1 3375.17 -17596.9 54863.4 1.03982
518000 0.45 299.771 -47.0709 -20923.2 3353.53 -17569.7 54565.4 1.04553
519000 0.45 300.909 -96.5446 -20981.8 3366.26 -17615.5 54007.2 1.0563
520000 0.45 299.817 -57.4266 -20956.1 3354.04 -17602.1 54744.2 1.04209
521000 0.45 298.969 114.331 -20976.4 3344.56 -17631.8 54717 1.0426
522000 0.45 300.967 -115.341 -20979.3 3366.91 -17612.4 54555 1.0457
523000 0.45 301.367 2.88041 -20992.8 3371.39 -17621.4 54387.8 1.04891
524000 0.45 300.852 -12.8479 -20961.1 3365.62 -17595.5 54408.1 1.04855
525000 0.45 299.619 -138.16 -20925.4 3351.83 -17573.5 54737.3 1.04221
526000 0.45 300.676 83.2507 -20960.7 3363.66 -17597 54277.4 1.05105
527000 0.45 300.648 -43.7846 -20931.4 3363.35 -17568.1 54494.4 1.04686
528000 0.45 300.377 -80.0609 -20946.9 3360.31 -17586.5 54447.4 1.04778
529000 0.45 300.588 165.105 -21005.6 3362.67 -17642.9 54897.2 1.03922
530000 0.45 302.84 -3.55461 -20995.7 3387.86 -17607.9 54681.2 1.0433
531000 0.45 301.322 -42.5743 -21013.2 3370.88 -17642.3 54386.6 1.04896
532000 0.45 301.501 -75.0625 -20963 3372.89 -17590.1 54442.6 1.04785
533000 0.45 299.292 155.771 -20990.3 3348.18 -17642.1 54235.5 1.05186
534000 0.45 301.423 -34.1484 -20956.3 3372.01 -17584.3 54381.8 1.04902
535000 0.45 300.412 46.5031 -20984.3 3360.7 -17623.6 54296.6 1.05068
536000 0.45 299.141 -13.4508 -20926 3346.48 -17579.5 54534.5 1.04608
537000 0.45 297.931 115.998 -20915.5 3332.95 -17582.6 54485.2 1.04703
538000 0.45 300.018 240.82 -20992.2 3356.29 -17635.9 54476 1.04721
539000 0.45 300.752 -69.4062 -20982.2 3364.5 -17617.7 54686.1 1.04321
540000 0.45 299.314 -95.0784 -20923.9 3348.42 -17575.5 54863.2 1.03984
541000 0.45 302.535 89.6599 -20886.5 3384.45 -17502 54502.6 1.0467
542000 0.45 300.115 -14.6367 -20953.1 3357.38 -17595.7 54301.8 1.05056
543000 0.45 299.791 -58.3761 -20934.4 3353.76 -17580.6 54701.1 1.0429
544000 0.45 300.093 70.7456 -20943.8 3357.13 -17586.7 54310.7 1.0504
545000 0.45 299.959 -50.3805 -20946.8 3355.63 -17591.2 54684.6 1.04321
546000 0.45 300.74 54.3891 -20935.3 3364.37 -17571 54249.5 1.05161
547000 0.45 300.543 -12.0783 -20915.5 3362.17 -17553.3 54130.1 1.05392
548000 0.45 300.563 -46.7066 -21025 3362.39 -17662.6 54419 1.0483
549000 0.45 299.965 117.496 -21012.9 3355.71 -17657.2 54403 1.04863
550000 0.45 302.086 -263.377 -20962.3 3379.43 -17582.8 54846.3 1.04014
551000 0.45 300.651 156.29 -20999 3363.37 -17635.7 54350 1.04964
552000 0.45 301.279 -193.999 -21010.4 3370.4 -17640 54677.6 1.04335
553000 0.45 298.781 97.5955 -20972.3 3342.46 -17629.8 54323.9 1.05014
554000 0.45 299.503 9.14213 -21036.9 3350.54 -17686.4 54272.8 1.05113
555000 0.45 300.653 34.6373 -20993.3 3363.39 -17629.9 54625.8 1.04436
556000 0.45 300.265 -11.5831 -20976.3 3359.05 -17617.3 54429 1.04814
557000 0.45 301.054 -77.5614 -20902.1 3367.88 -17534.2 54604.1 1.04476
558000 0.45 299.383 70.9738 -20908.3 3349.19 -17559.1 54501.9 1.04672
559000 0.45 299.254 -135.376 -20965.2 3347.75 -17617.4 54513.4 1.04654
560000 0.45 299.377 16.4826 -20984.7 3349.13 -17635.6 54723.6 1.04248
561000 0.45 302.455 -84.3149 -21030.2 3383.56 -17646.6 54397.9 1.04872
562000 0.45 299.556 29.121 -20946.7 3351.12 -17595.6 54670.4 1.04348
563000 0.45 300.958 -184.747 -20947.5 3366.81 -17580.6 54789.7 1.04124
564000 0.45 297.9 111.998 -20887.6 3332.6 -17555 54391.6 1.04883
565000 0.45 300.7 -181.559 -20951.9 3363.92 -17587.9 54569.5 1.04544
566000 0.45 299.696 -179.284 -21044.5 3352.69 -17691.9 54939.5 1.03837
567000 0.45 301.734 67.8207 -20958.4 3375.5 -17582.9 54418.2 1.04832
568000 0.45 299.045 93.8511 -20968 3345.42 -17622.6 54371.4 1.04923
569000 0.45 300.974 -13.1002 -20960.7 3366.99 -17593.7 54456.4 1.04762
570000 0.45 297.604 -95.157 -20911 3329.3 -17581.8 54599.6 1.04484
571000 0.45 298.6 -292.388 -20957.7 3340.43 -17617.3 54482.6 1.04713
572000 0.45 300.965 -252.311 -20942 3366.89 -17575.1 54989 1.03748
573000 0.45 300.955 -185.152 -20919.8 3366.78 -17553 54793.5 1.04114
574000 0.45 298.724 -188.452 -20917.6 3341.82 -17575.8 55010.8 1.03703
575000 0.45 301.216 -13.0508 -20980.6 3369.7 -17610.9 54434.3 1.04801
576000 0.45 299.784 -83.7433 -20970.8 3353.68 -17617.1 54277.9 1.05103
577000 0.45 299.333 234.275 -20971.2 3348.64 -17622.6 54577.1 1.04528
578000 0.45 302.891 -41.9874 -20934.7 3388.44 -17546.2 54598.7 1.04487
579000 0.45 298.167 170.153 -20958.3 3335.59 -17622.7 54467 1.04738
580000 0.45 298.087 212.714 -20991 3334.69 -17656.4 54560.3 1.04559
581000 0.45 299.814 266.147 -21003 3354.01 -17649 54522.5 1.04631
582000 0.45 300.591 -23.7419 -21073.8 3362.7 -17711.1 54426.8 1.04815
583000 0.45 300.196 -45.6795 -20980.2 3358.28 -17621.9 54371.1 1.04923
584000 0.45 299.3 143.336 -20917.5 3348.26 -17569.2 54568 1.04544
585000 0.45 298.444 43.5462 -20889 3338.69 -17550.3 54628 1.04429
586000 0.45 300.014 -46.1405 -20944.3 3356.25 -17588.1 54526 1.04625
587000 0.45 299.04 -142.048 -21011.8 3345.36 -17666.5 54686.9 1.04317
588000 0.45 300.512 -75.1134 -21023.4 3361.82 -17661.6 54624.5 1.04438
589000 0.45 299.905 183.796 -20954.1 3355.03 -17599.1 54409.3 1.0485
590000 0.45 300.089 -232.382 -20990.1 3357.09 -17633 54284.3 1.05091
591000 0.45 300.78 -112.848 -21008.3 3364.82 -17643.5 54410.3 1.04847
592000 0.45 298.15 185.766 -20951 3335.4 -17615.6 54696.7 1.04298
593000 0.45 299.622 -98.8566 -20993.4 3351.86 -17641.5 54873 1.03965
594000 0.45 298.769 135.435 -20927.9 3342.33 -17585.6 54138.1 1.05374
595000 0.45 301.771 -132.684 -20903.6 3375.9 -17527.7 54562 1.04555
596000 0.45 297.582 -149.665 -20913.3 3329.04 -17584.2 54619.2 1.04448
597000 0.45 299.439 264.86 -20927.8 3349.82 -17578 54504.4 1.04667
598000 0.45 298.551 -164.372 -20970.7 3339.89 -17630.8 54528.1 1.04621
599000 0.45 299.496 19.0829 -20974.3 3350.45 -17623.9 54372.8 1.04923
600000 0.45 301.417 -18.9112 -20883.3 3371.95 -17511.3 54556.7 1.04568
