# Time-averaged data for fix msd_avg
# TimeStep c_msd_water[1] c_msd_water[2] c_msd_water[3] c_msd_water[4]
601000 0.740837 0.725766 0.729343 2.19595
602000 1.71924 1.75456 1.70568 5.17948
603000 2.69836 2.51591 2.67788 7.89215
604000 3.55732 3.54052 3.78943 10.8873
605000 4.29728 4.51094 4.66681 13.475
606000 4.98918 5.28979 5.39389 15.6729
607000 5.93677 6.33845 6.14962 18.4248
608000 6.69138 7.24737 7.16936 21.1081
609000 7.19176 8.16985 7.78305 23.1447
610000 8.21162 8.96046 8.46229 25.6344
611000 9.001 9.72658 9.11582 27.8434
612000 10.0606 10.6148 9.6407 30.3161
613000 10.6637 11.2235 10.5522 32.4394
614000 11.6578 12.2707 11.5066 35.4351
615000 12.9298 12.7019 12.2185 37.8502
616000 13.6311 13.4922 13.3247 40.4481
617000 14.6979 13.973 14.1705 42.8414
618000 15.4897 14.7391 15.1874 45.4162
619000 15.5997 15.4074 16.5614 47.5684
620000 15.9547 15.9495 17.3297 49.2339
621000 17.1652 16.7219 18.8362 52.7234
622000 17.8522 17.6801 19.8281 55.3605
623000 18.6401 19.1186 21.0481 58.8069
624000 19.783 20.4293 22.1851 62.3973
625000 20.5844 21.5002 23.572 65.6566
626000 21.4765 22.9363 24.625 69.0378
627000 22.2735 24.1527 25.2202 71.6463
628000 23.3294 24.4914 25.9092 73.73
629000 24.3197 25.1461 26.6981 76.1639
630000 25.0637 25.9309 27.8484 78.8431
631000 26.0519 26.9753 28.906 81.9331
632000 26.3509 28.4126 29.7104 84.4739
633000 26.6965 29.8363 30.8919 87.4248
634000 27.3957 30.3271 31.1623 88.8851
635000 28.2122 30.787 32.227 91.2262
636000 29.4239 31.7249 33.6348 94.7837
637000 29.7208 33.4533 35.258 98.4321
638000 30.3116 34.4521 35.3862 100.15
639000 31.0531 36.1735 36.9995 104.226
640000 31.7627 37.1707 37.7297 106.663
641000 32.996 38.5009 38.6503 110.147
642000 33.766 38.6304 39.9845 112.381
643000 34.1796 39.0155 41.2875 114.483
644000 34.7855 40.812 42.6038 118.201
645000 35.857 42.097 43.1952 121.149
646000 36.5731 43.0817 44.3431 123.998
647000 36.875 43.9879 45.3958 126.259
648000 37.7915 44.637 46.5237 128.952
649000 38.4629 44.9226 46.9876 130.373
650000 39.5897 46.246 48.1905 134.026
651000 40.6098 46.8398 49.903 137.353
652000 41.6735 47.7967 51.5485 141.019
653000 42.4511 48.6387 51.972 143.062
654000 43.186 49.9248 53.7638 146.875
655000 44.303 51.0914 55.125 150.519
656000 44.7007 51.7878 56.4918 152.98
657000 44.8266 52.2735 57.4847 154.585
658000 45.7403 53.8711 58.6408 158.252
659000 46.4918 54.3817 59.0394 159.913
660000 47.6103 55.0783 60.2375 162.926
661000 48.4925 55.6359 61.1295 165.258
662000 49.436 57.0158 61.8527 168.305
663000 50.4442 58.2296 62.974 171.648
664000 51.1604 59.8495 65.0676 176.078
665000 51.6357 61.243 67.1581 180.037
666000 52.4024 61.6037 67.4413 181.447
667000 53.0292 62.5506 68.6358 184.216
668000 53.6322 64.1493 69.8336 187.615
669000 54.7892 64.89 70.2958 189.975
670000 55.3959 66.3905 71.9975 193.784
671000 55.8119 68.4006 75.2752 199.488
672000 55.9001 68.6419 76.2219 200.764
673000 56.3428 69.2228 76.9714 202.537
674000 57.56 70.255 78.1652 205.98
675000 58.457 71.0457 79.0152 208.518
676000 59.4225 71.6048 80.0488 211.076
677000 60.0108 72.8111 82.6454 215.467
678000 61.4622 73.6684 84.7212 219.852
679000 62.1834 75.6158 86.8598 224.659
680000 62.9047 76.8356 87.7612 227.502
681000 63.2615 77.093 88.7124 229.067
682000 63.709 77.0368 89.9501 230.696
683000 65.3742 78.7337 92.6869 236.795
684000 66.3968 79.292 93.2882 238.977
685000 67.4077 81.7111 95.7483 244.867
686000 69.0836 82.9702 98.3184 250.372
687000 70.1144 84.1288 100.14 254.383
688000 71.051 84.5174 101.392 256.961
689000 72.9211 86.5989 101.957 261.477
690000 75.9883 89.493 104.391 269.873
691000 77.0881 91.2293 106.054 274.371
692000 76.461 91.0898 105.233 272.783
693000 77.8855 93.0066 107.701 278.593
694000 79.261 94.3507 110.468 284.08
695000 80.1752 94.9908 110.972 286.138
696000 80.2961 96.7475 113.024 290.067
697000 80.5935 97.1123 112.608 290.314
698000 82.3798 98.7689 115.619 296.767
699000 82.8769 100.353 118.563 301.793
700000 84.5337 101.36 121.188 307.081
701000 86.8279 103.173 122.587 312.588
702000 87.9329 104.284 123.337 315.554
703000 88.681 105.567 123.838 318.086
704000 90.1317 107.718 125.323 323.172
705000 90.2764 109.916 127.613 327.805
706000 91.5753 110.733 129.867 332.175
707000 92.0384 112.407 130.331 334.776
708000 93.046 113.375 132.737 339.158
709000 94.0282 114.608 135.589 344.224
710000 94.311 114.22 135.37 343.901
711000 95.1924 116.35 137.988 349.531
712000 96.5584 118.367 140.805 355.73
713000 97.3172 118.91 141.032 357.259
714000 98.5689 120.44 141.858 360.867
715000 99.5932 121.431 143.136 364.16
716000 100.92 122.611 144.617 368.147
717000 103.292 125.141 148.284 376.717
718000 103.791 125.841 149.125 378.757
719000 104.157 126.84 150.203 381.199
720000 105.1 126.85 152.201 384.151
721000 106.061 128.688 153.65 388.399
722000 106.218 129.886 155.405 391.509
723000 107.079 131.102 158.773 396.954
724000 107.628 131.71 159.235 398.573
725000 108.534 131.283 158.405 398.222
726000 109.229 132.134 160.24 401.603
727000 109.889 133.329 160.853 404.071
728000 110.383 134.528 160.992 405.904
729000 111.617 136.014 162.595 410.225
730000 112.904 137.542 165.893 416.34
731000 112.931 137.558 165.641 416.13
732000 112.981 139.169 168.146 420.296
733000 114.492 140.042 169.161 423.695
734000 114.478 142.137 171.856 428.471
735000 114.515 142.746 171.894 429.155
736000 115.382 145.285 175.159 435.826
737000 115.948 146.654 177.288 439.89
738000 117.622 148.15 180.922 446.695
739000 118.811 149.568 183.223 451.601
740000 119.44 150.247 183.257 452.944
741000 121.271 151.657 185.186 458.114
742000 121.927 152.906 187.71 462.543
743000 123.064 155.956 191.908 470.928
744000 124.682 155.687 191.68 472.049
745000 126.277 155.137 192.655 474.069
746000 127.572 156.893 193.967 478.433
747000 128.307 158.454 194.951 481.712
748000 128.614 159.848 197.449 485.912
749000 129.081 160.414 197.3 486.796
750000 130.532 162.121 200.082 492.735
751000 132.235 163.755 202.775 498.764
752000 132.498 165.956 204.18 502.634
753000 133.417 167.197 207.46 508.073
754000 133.12 168.973 209.902 511.995
755000 132.412 168.924 208.016 509.352
756000 134.609 171.238 211.963 517.81
757000 135.788 171.334 213.967 521.088
758000 136.842 172.062 216.951 525.855
759000 138.013 173.29 220.593 531.896
760000 140.62 175.296 225.694 541.611
761000 140.766 175.291 226.07 542.127
762000 140.534 175.701 225.308 541.542
763000 142.611 177.345 226.537 546.493
764000 143.323 178.562 229.111 550.996
765000 143.807 180.444 232.517 556.768
766000 143.832 179.516 232.381 555.729
767000 145.783 181.448 237.369 564.6
768000 146.46 183.169 239.835 569.465
769000 147.055 184.289 241.292 572.636
770000 148.115 183.581 240.981 572.677
771000 149.491 184.063 241.442 574.995
772000 150.517 187.481 245.122 583.12
773000 153.107 189.234 247.85 590.192
774000 154.762 190.172 249.293 594.228
775000 155.644 191.529 253.767 600.94
776000 155.707 190.783 253.009 599.499
777000 156.379 193.046 254.622 604.048
778000 159.248 194.051 256.426 609.725
779000 163.05 196.476 260.211 619.737
780000 164.168 196.59 259.069 619.827
781000 167.121 199.323 263.293 629.737
782000 167.277 200.701 264.697 632.675
783000 169.09 201.928 265.344 636.362
784000 169.679 202.373 266.655 638.706
785000 171.141 204.184 269.993 645.317
786000 172.013 206.37 272.962 651.344
787000 171.3 207.014 274.007 652.321
788000 170.996 208.452 277.116 656.565
789000 173.921 211.357 281.586 666.864
790000 173.891 210.791 282.615 667.298
791000 175.181 211.319 283.327 669.827
792000 176.595 214.097 288.289 678.981
793000 179.251 216.602 291.105 686.958
794000 180.865 217.889 293.838 692.593
795000 181.383 217.651 293.139 692.174
796000 181.878 218.685 294.689 695.252
797000 182.184 219.031 295.365 696.581
798000 182.767 219.561 294.832 697.16
799000 184.003 221.682 296.981 702.666
800000 185.526 224.259 300.705 710.489
801000 187.43 225.207 302.621 715.258
802000 190.376 228.054 306.964 725.395
803000 190.984 226.982 306.51 724.476
804000 192.028 226.377 307.37 725.775
805000 190.789 225.835 306.679 723.303
806000 193.082 228.628 310.705 732.415
807000 194.899 231.289 314.804 740.991
808000 197.377 234.479 319.274 751.129
809000 196.959 233.824 318.671 749.453
810000 197.852 236.437 324.144 758.433
811000 198.883 237.678 327.452 764.013
812000 200.128 239.029 329.236 768.393
813000 199.67 241.232 332.641 773.544
814000 200.292 242.813 333.781 776.885
815000 203.301 245.586 338.684 787.57
816000 204.17 247.014 341.876 793.06
817000 204.027 247.139 340.942 792.109
818000 204.031 247.847 342.189 794.066
819000 204.264 249.522 343.669 797.454
820000 203.772 251.991 347.16 802.922
821000 203.21 250.323 345.499 799.032
822000 203.686 251.956 347.425 803.067
823000 203.64 252.128 348.279 804.047
824000 204.679 255.494 353.932 814.105
825000 206.126 256.802 354.011 816.939
826000 206.197 257.685 357.643 821.525
827000 208.596 258.638 360.903 828.137
828000 210.133 260.197 363.255 833.584
829000 211.818 261.958 364.61 838.387
830000 213.172 265.508 370.014 848.693
831000 212.853 268.013 374.764 855.63
832000 213.6 268.994 377.728 860.322
833000 212.273 268.689 375.956 856.917
834000 213.383 270.966 380.023 864.372
835000 214.513 271.985 382.824 869.323
836000 216.822 272.143 384.342 873.307
837000 218.062 274.231 387.568 879.861
838000 219.167 275.943 392.24 887.35
839000 219.764 276.412 394.099 890.275
840000 219.357 278.174 395.258 892.788
841000 218.39 276.914 393.632 888.936
842000 218.021 278.337 396.601 892.959
843000 218.849 282.888 403.774 905.511
844000 221.021 286.637 409.542 917.2
845000 221.816 286.426 408.395 916.638
846000 220.933 287.181 408.659 916.773
847000 223.396 290.126 414.879 928.402
848000 223.045 291.286 415.972 930.304
849000 223.263 291.346 418.036 932.645
850000 223.31 290.968 418.312 932.591
851000 223.956 292.441 421.441 937.837
852000 224.95 292.013 420.974 937.938
853000 225.987 294.606 427.584 948.177
854000 226.154 297.857 431.871 955.883
855000 226.383 300.001 434.916 961.299
856000 226.351 298.473 432.78 957.603
857000 226.882 299.135 434.663 960.68
858000 229.075 300.816 438.76 968.651
859000 230.672 303.894 444.526 979.092
860000 232.36 307.224 448.116 987.699
861000 233.447 307.646 451.169 992.262
862000 235.862 310.984 456.376 1003.22
863000 234.892 306.747 448.85 990.489
864000 235.905 307.9 450.851 994.655
865000 237.088 310.701 455.387 1003.18
866000 238.404 312.689 459.547 1010.64
867000 238.855 312.289 458.92 1010.06
868000 239.952 314.139 459.284 1013.37
869000 241.94 318.706 466.235 1026.88
870000 242.513 318.513 468.105 1029.13
871000 242.906 319.516 470.538 1032.96
872000 245.092 323.218 477.231 1045.54
873000 245.419 323.824 477.955 1047.2
874000 245.484 324.124 478.657 1048.26
875000 244.812 324.135 479.996 1048.94
876000 245.383 326.522 484.079 1055.98
877000 247.095 328.904 489.063 1065.06
878000 247.912 331.19 494.007 1073.11
879000 246.466 329.016 490.978 1066.46
880000 246.893 329.282 492.747 1068.92
881000 247.246 329.284 493.585 1070.11
882000 249.346 332.588 500.019 1081.95
883000 249.593 332.294 499.13 1081.02
884000 250.128 333.602 501.92 1085.65
885000 250.482 337.456 506.421 1094.36
886000 252.199 340.272 508.449 1100.92
887000 254.654 344.769 516.091 1115.51
888000 256.605 348.008 521.155 1125.77
889000 258.061 349.408 524.512 1131.98
890000 257.746 348.685 523.663 1130.09
891000 259.269 351.046 528.437 1138.75
892000 260.738 353.384 532.418 1146.54
893000 261.387 354.495 531.46 1147.34
894000 261.782 354.924 533.628 1150.33
895000 263.236 358.478 539.818 1161.53
896000 262.995 357.77 538.298 1159.06
897000 264.376 359.879 541.603 1165.86
898000 265.491 361.135 544.884 1171.51
899000 267.326 363.018 548.287 1178.63
900000 267.013 361.795 544.207 1173.01
901000 267.717 363.126 547.165 1178.01
902000 269.067 368.105 554.273 1191.44
903000 269.086 369.864 558.61 1197.56
904000 268.993 369.43 559.258 1197.68
905000 270.029 371.037 562.48 1203.55
906000 269.445 370.346 562.038 1201.83
907000 270.602 374.455 570.816 1215.87
908000 271.407 376.542 575.808 1223.76
909000 271.999 377.147 576.069 1225.22
910000 273.421 380.626 581.013 1235.06
911000 275.459 386.541 590.718 1252.72
912000 275.184 384.42 586.076 1245.68
913000 275.648 385.772 589.471 1250.89
914000 275.359 387.185 592.503 1255.05
915000 275.41 386.844 592.422 1254.67
916000 276.789 390.121 598.899 1265.81
917000 277.446 392.805 602.676 1272.93
918000 278.026 392.24 602.174 1272.44
919000 281.089 398.509 611.449 1291.05
920000 282.845 399.769 612.041 1294.65
921000 282.85 396.163 606.321 1285.33
922000 282.992 399.177 611.223 1293.39
923000 283.608 402.523 618.317 1304.45
924000 286.674 405.435 618.769 1310.88
925000 288.669 408.205 622.6 1319.47
926000 288.255 410.582 624.762 1323.6
927000 289.253 413.474 629.963 1332.69
928000 290.16 416.07 635.918 1342.15
929000 290.046 414.753 634.432 1339.23
930000 290.212 412.642 630.767 1333.62
931000 292.424 416.186 636.439 1345.05
932000 294.778 417.34 639.804 1351.92
933000 296.747 419.257 642.994 1359
934000 299.105 424.06 650.575 1373.74
935000 299.678 427.719 654.95 1382.35
936000 301.624 431.008 659.129 1391.76
937000 301.983 431.171 656.894 1390.05
938000 302.73 432.952 659.656 1395.34
939000 303.696 436.166 664.583 1404.44
940000 305.626 439.09 668.626 1413.34
941000 306.351 438.048 668.045 1412.44
942000 307.337 440.277 671.953 1419.57
943000 309.512 445.155 680.164 1434.83
944000 309.471 444.294 677.563 1431.33
945000 311.442 448.569 683.079 1443.09
946000 310.694 448.159 680.766 1439.62
947000 311.541 448.629 677.689 1437.86
948000 312.5 452.29 687.422 1452.21
949000 313.671 455.626 691.744 1461.04
950000 314.744 461.037 700.354 1476.14
951000 314.831 461.522 700.388 1476.74
952000 314.686 462.571 701.232 1478.49
953000 316.938 466.303 707.878 1491.12
954000 318.552 470.043 714.989 1503.59
955000 318.836 471.647 719.05 1509.53
956000 317.658 472.896 719.334 1509.89
957000 316.877 471.842 716.693 1505.41
958000 318.586 473.288 721.087 1512.96
959000 319.223 473.895 719.654 1512.77
960000 320.168 477.226 725.444 1522.84
961000 319.77 478.539 727.667 1525.98
962000 320.394 480.821 730.484 1531.7
963000 321.226 483.34 731.886 1536.45
964000 322.893 486.783 737.257 1546.93
965000 323.566 487.894 737.745 1549.21
966000 324.685 489.662 740.446 1554.79
967000 325.824 492.112 745.641 1563.58
968000 327.621 494.502 750.161 1572.28
969000 327.564 495.939 753.797 1577.3
970000 329.981 496.304 755.059 1581.34
971000 332.082 496.226 755.316 1583.62
972000 333.417 500.673 763.751 1597.84
973000 333.993 505.341 771.748 1611.08
974000 334.54 506.346 773.341 1614.23
975000 336.194 508.479 775.432 1620.11
976000 338.946 518.816 789.558 1647.32
977000 337.812 519.078 787.007 1643.9
978000 338.613 521.921 791.388 1651.92
979000 337.12 518.519 783.515 1639.15
980000 338.135 520.964 789.495 1648.6
981000 338.443 522.563 794.427 1655.43
982000 339.597 526.585 799.75 1665.93
983000 341.012 530.867 807.737 1679.62
984000 341.463 531.847 809.964 1683.27
985000 342.106 530.499 807.776 1680.38
986000 342.276 531.436 810.87 1684.58
987000 344.192 533.412 816.059 1693.66
988000 345.148 538.991 826.81 1710.95
989000 345.504 540.141 830.291 1715.94
990000 347.882 543.894 837.184 1728.96
991000 349.027 546.108 842.02 1737.15
992000 349.224 546.077 841.25 1736.55
993000 349.182 548.396 844.825 1742.4
994000 349.169 549.59 847.795 1746.55
995000 349.878 550.631 851.889 1752.4
996000 351.587 551.376 854.248 1757.21
997000 353.098 551.755 855.935 1760.79
998000 353.512 553.394 858.111 1765.02
999000 354.348 554.759 863.276 1772.38
1000000 354.571 555.632 863.497 1773.7
1001000 356.52 557.545 868.625 1782.69
1002000 357.005 561.429 875.373 1793.81
1003000 356.573 563.299 876.654 1796.53
1004000 356.627 564.302 880.265 1801.19
1005000 356.873 563.306 879.184 1799.36
1006000 357.153 563.219 881.475 1801.85
1007000 360.033 569.799 892.173 1822.01
1008000 362.702 575.06 897.8 1835.56
1009000 364.092 576.799 901.226 1842.12
1010000 363.572 574.443 896.832 1834.85
1011000 365.58 580.772 908.495 1854.85
1012000 364.413 579.696 904.862 1848.97
1013000 365.689 586.385 911.983 1864.06
1014000 365.203 587.204 913.709 1866.12
1015000 366.858 589.509 919.898 1876.27
1016000 366.813 586.565 912.92 1866.3
1017000 370.912 595.326 925.268 1891.51
1018000 371.859 598.56 927.499 1897.92
1019000 373.484 600.67 928.583 1902.74
1020000 375.56 605.081 935.55 1916.19
1021000 376.346 603.211 933.042 1912.6
1022000 380.986 609.735 947.229 1937.95
1023000 382.559 610.283 945.987 1938.83
1024000 381.78 610.314 944.935 1937.03
1025000 383.457 613.169 950.869 1947.5
1026000 385.84 617.119 956.06 1959.02
1027000 388.113 617.481 958.197 1963.79
1028000 388.558 617.787 960.029 1966.37
1029000 388.657 617.558 957.773 1963.99
1030000 389.971 623.623 966.417 1980.01
1031000 389.505 622.668 963.981 1976.15
1032000 388.026 619.489 958.125 1965.64
1033000 392.04 630.383 974.142 1996.56
1034000 392.611 629.365 973.75 1995.73
1035000 393.731 631.586 981.475 2006.79
1036000 394.08 631.003 981.508 2006.59
1037000 395.721 632.311 985.735 2013.77
1038000 398.593 637.238 993.867 2029.7
1039000 399.732 638.015 996.076 2033.82
1040000 401.924 639.678 997.839 2039.44
1041000 402.13 638.555 997.906 2038.59
1042000 404.918 644.599 1006.58 2056.09
1043000 405.28 643.946 1006.62 2055.84
1044000 405.71 647.595 1012.15 2065.46
1045000 405.517 647.727 1011.51 2064.75
1046000 407.616 651.918 1020.35 2079.88
1047000 410.865 659.91 1034.25 2105.02
1048000 408.37 653.738 1025.47 2087.58
1049000 409.809 658.442 1029.33 2097.58
1050000 411.777 664.03 1039.41 2115.22
1051000 413.016 667.085 1045.19 2125.3
1052000 415.13 675.429 1060.06 2150.62
1053000 412.93 670.897 1050.36 2134.19
1054000 413.36 671.761 1049.63 2134.75
1055000 414.015 673.875 1050.98 2138.88
1056000 417.791 681.81 1065.95 2165.55
1057000 419.659 683.957 1068.58 2172.2
1058000 419.627 685.831 1070.99 2176.45
1059000 419.811 691.945 1078.93 2190.69
1060000 422.058 694.186 1082.23 2198.48
1061000 424.21 696.522 1084.84 2205.57
1062000 423.046 693.044 1080.42 2196.51
1063000 425.018 696.707 1088.17 2209.89
1064000 425.444 697.959 1090.71 2214.12
1065000 426.763 695.434 1088.85 2211.04
1066000 426.773 698.363 1093.64 2218.77
1067000 429.335 702.689 1103.04 2235.06
1068000 431.456 706.855 1112.15 2250.46
1069000 431.838 711.397 1121.26 2264.49
1070000 429.975 704.241 1108.3 2242.52
1071000 429.841 703.768 1109.39 2243
1072000 431.771 709.177 1118.03 2258.98
1073000 432.533 709.364 1117.81 2259.71
1074000 435.931 720.686 1135.12 2291.74
1075000 438.351 727.437 1145.1 2310.89
1076000 439.58 730.243 1152.41 2322.24
1077000 438.265 725.324 1144.05 2307.63
1078000 437.665 720.473 1137.82 2295.96
1079000 439.657 722.453 1143.41 2305.52
1080000 441.403 725.055 1147.65 2314.11
1081000 443.151 730.221 1155.37 2328.74
1082000 444.916 734.828 1161.41 2341.16
1083000 449.525 742.347 1175.36 2367.23
1084000 449.247 741.278 1176.69 2367.21
1085000 449.446 742.805 1179.09 2371.34
1086000 451.201 745.404 1184.1 2380.7
1087000 452.176 746.223 1187.15 2385.55
1088000 454.119 751.902 1197.37 2403.39
1089000 452.554 750.345 1194.62 2397.52
1090000 455.891 757.453 1206.47 2419.82
1091000 456.998 755.802 1204.03 2416.83
1092000 455.467 748.964 1190.84 2395.28
1093000 457.72 751.301 1195.22 2404.24
1094000 459.897 756.541 1204.9 2421.34
1095000 461.724 762.323 1214.7 2438.75
1096000 463.722 764.073 1220.3 2448.1
1097000 463.344 766.763 1226.85 2456.96
1098000 464.296 768.54 1232.43 2465.26
1099000 463.359 768.052 1234.34 2465.75
1100000 463.78 769.986 1241 2474.77
1101000 467.238 775.982 1253.58 2496.8
1102000 467.292 771.88 1243.05 2482.23
1103000 468.036 772.652 1246.69 2487.38
1104000 469.722 777.541 1254.99 2502.26
1105000 471.313 781.998 1259.95 2513.26
1106000 470.411 780.929 1258.21 2509.55
1107000 475.48 790.358 1273.93 2539.77
1108000 476.145 789.771 1270.99 2536.91
1109000 476.246 789.741 1271.5 2537.48
1110000 477.603 792.758 1274.08 2544.44
1111000 481.123 801.62 1286.71 2569.45
1112000 477.812 799.737 1284.49 2562.04
1113000 477.749 800.668 1287.85 2566.26
1114000 478.304 804.403 1296.64 2579.35
1115000 479.02 804.411 1296.18 2579.61
1116000 480.444 806.928 1298.67 2586.05
1117000 481.364 809.708 1301.44 2592.51
1118000 483.199 811.023 1306.59 2600.81
1119000 486.778 819.787 1324.89 2631.45
1120000 486.602 817.944 1321.53 2626.08
1121000 486.32 816.748 1320.26 2623.33
1122000 487.782 818.976 1326.35 2633.1
1123000 487.571 822.286 1331.62 2641.47
1124000 490.497 830.397 1345.47 2666.36
1125000 491.008 831.154 1347.83 2669.99
1126000 491.393 833.984 1351.13 2676.51
1127000 490.003 831.943 1347.92 2669.87
1128000 493.598 838.602 1360.28 2692.48
1129000 498.009 844.871 1375.49 2718.37
1130000 496.768 843.423 1374.52 2714.71
1131000 497.414 841.009 1372.24 2710.66
1132000 497.832 845.836 1380.09 2723.75
1133000 496.024 846.64 1379.89 2722.56
1134000 496.932 851.938 1386.05 2734.92
1135000 495.42 850.036 1382.83 2728.28
1136000 496.846 851.08 1387.26 2735.18
1137000 497.182 854.998 1394.72 2746.9
1138000 496.322 852.56 1389.93 2738.81
1139000 496.673 851.543 1388.02 2736.24
1140000 499.252 855.885 1392.51 2747.64
1141000 500.762 863.362 1405.13 2769.25
1142000 505.536 873.202 1425.61 2804.35
1143000 507.792 873.164 1423.9 2804.86
1144000 509.974 873.222 1424.79 2807.98
1145000 507.751 866.633 1415.67 2790.05
1146000 508.859 872.087 1427.44 2808.39
1147000 507.123 870.515 1423.4 2801.04
1148000 510.809 875.2 1432.69 2818.7
1149000 512.136 879.269 1438.95 2830.35
1150000 513.403 881.187 1442.45 2837.04
1151000 514.249 883.919 1446.64 2844.81
1152000 516.093 884.54 1452.21 2852.84
1153000 516.565 883.887 1451.38 2851.83
1154000 521.18 893.202 1470.36 2884.74
1155000 521.772 894.597 1472.12 2888.49
1156000 522.818 896.444 1476.61 2895.87
1157000 522.647 892.641 1472.63 2887.92
1158000 525.03 898.722 1482.61 2906.36
1159000 523.929 898.966 1480.53 2903.42
1160000 520.175 894.493 1469.65 2884.32
1161000 522.834 905.454 1488.5 2916.79
1162000 522.765 908.841 1496.23 2927.84
1163000 524.093 913.765 1504.24 2942.1
1164000 522.565 913.761 1507.44 2943.77
1165000 523.613 911.733 1508.83 2944.18
1166000 525.259 913.194 1509.36 2947.81
1167000 525.723 917.584 1516.56 2959.86
1168000 526.968 921.402 1525.02 2973.39
1169000 526.906 921.332 1526.65 2974.88
1170000 523.386 915.448 1517.39 2956.22
1171000 523.928 920.486 1525.15 2969.57
1172000 526.199 923.944 1531.67 2981.81
1173000 527.959 928.575 1539.1 2995.63
1174000 529.24 936.074 1552.13 3017.44
1175000 529.867 942.08 1562.98 3034.92
1176000 528.714 938.662 1556.51 3023.88
1177000 530.779 942.657 1562.44 3035.87
1178000 529.349 939.403 1554.9 3023.65
1179000 530.738 946.317 1572.37 3049.42
1180000 531.734 947.595 1578.69 3058.02
1181000 531.433 946.992 1575.07 3053.5
1182000 532.985 945.937 1575.59 3054.51
1183000 532.15 944.364 1569.22 3045.74
1184000 535.946 954.859 1589.36 3080.17
1185000 533.947 950.849 1582.5 3067.3
1186000 536.04 960.488 1599.14 3095.66
1187000 538.984 967.313 1610.11 3116.4
1188000 539.959 969.861 1616.85 3126.67
1189000 539.661 968.967 1615.32 3123.95
1190000 540.513 970.252 1621.09 3131.86
1191000 541.145 976.011 1629.78 3146.93
1192000 543.154 978.901 1631.89 3153.94
1193000 543.892 980.606 1636.12 3160.61
1194000 545.082 980.685 1640.58 3166.35
1195000 545.265 982.764 1644.9 3172.93
1196000 545.77 982.746 1643.51 3172.03
1197000 546.107 985.676 1645.2 3176.98
1198000 547.371 989.027 1649.5 3185.9
1199000 548.782 989.426 1652.4 3190.61
1200000 553.793 1002.85 1673.08 3229.73
1201000 554.914 1000.89 1668.66 3224.47
1202000 554.962 1001.06 1670.21 3226.23
1203000 555.391 1006.83 1677.43 3239.65
1204000 558.135 1013.82 1688.77 3260.73
1205000 556.897 1013.72 1687.78 3258.4
1206000 557.913 1015.08 1689.11 3262.1
1207000 558.569 1013.86 1686.75 3259.18
1208000 557.801 1014.12 1684.83 3256.75
1209000 560.606 1024.69 1703.27 3288.56
1210000 561.141 1026.12 1704.7 3291.96
1211000 563.932 1037 1724.17 3325.1
1212000 562.843 1032.39 1716.71 3311.94
1213000 564.131 1036.73 1724.61 3325.47
1214000 567.943 1046.18 1737.28 3351.41
1215000 567.794 1044.84 1732.81 3345.44
1216000 569.273 1050.81 1744.88 3364.97
1217000 570.556 1051.39 1748.23 3370.17
1218000 573.085 1056.58 1758.58 3388.24
1219000 574.414 1058.8 1760.9 3394.11
1220000 575.626 1061.05 1764.76 3401.44
1221000 572.785 1059.73 1759.57 3392.09
1222000 573.707 1063.03 1763.96 3400.7
1223000 577.263 1074.41 1785.45 3437.12
1224000 576.776 1071.81 1779.48 3428.07
1225000 576.134 1069.65 1775.45 3421.23
1226000 579.036 1079.84 1792.38 3451.26
1227000 581.026 1088.9 1810.41 3480.34
1228000 577.298 1080.57 1794.51 3452.38
1229000 577.081 1079.01 1793.72 3449.8
1230000 580.04 1082.79 1804.75 3467.58
1231000 581.405 1089.79 1816.57 3487.77
1232000 580.541 1085.71 1807.42 3473.67
1233000 581.68 1095.18 1822.75 3499.61
1234000 584.416 1102.54 1836.14 3523.09
1235000 582.493 1101.68 1835.01 3519.19
1236000 582.668 1100.44 1832.16 3515.26
1237000 585.188 1103.86 1837.27 3526.32
1238000 586.669 1105.88 1835.46 3528.02
1239000 589.033 1111.78 1843.87 3544.68
1240000 591.678 1119.03 1858 3568.71
1241000 591.609 1117.79 1855.26 3564.66
1242000 593.939 1121.3 1862.31 3577.56
1243000 594.21 1120.3 1860.26 3574.77
1244000 594.531 1118.39 1857.46 3570.38
1245000 599.186 1125.86 1872.26 3597.31
1246000 598.422 1125.41 1870.65 3594.48
1247000 601.504 1134.58 1888.61 3624.69
1248000 602.364 1137.38 1894.57 3634.32
1249000 606.627 1141.11 1899.62 3647.36
1250000 609.849 1146.68 1907.91 3664.44
1251000 608.922 1145.96 1906.06 3660.94
1252000 611.786 1152.74 1917.09 3681.62
1253000 611.697 1154.98 1917.6 3684.27
1254000 611.781 1155.92 1920.43 3688.13
1255000 613.458 1159.97 1928.58 3702.01
1256000 615.657 1163.13 1935.01 3713.8
1257000 612.998 1156.39 1925.51 3694.9
1258000 615.145 1164.46 1940.65 3720.25
1259000 614.543 1166.56 1943.36 3724.46
1260000 615.066 1166.7 1943 3724.77
1261000 615.484 1168.99 1948.49 3732.96
1262000 615.885 1173.07 1957.3 3746.26
1263000 617.951 1177.48 1967.1 3762.53
1264000 622.477 1184.68 1984 3791.15
1265000 621.68 1184.41 1985.42 3791.51
1266000 619.809 1178.94 1980.82 3779.58
1267000 617.989 1175.25 1977.46 3770.7
1268000 622.604 1181.98 1992.41 3796.99
1269000 621.811 1180.59 1986.16 3788.57
1270000 626.25 1192.54 2008.64 3827.43
1271000 627.187 1199.69 2022.91 3849.78
1272000 623.426 1188.9 2002.62 3814.94
1273000 625.291 1193.44 2014.22 3832.95
1274000 626.686 1198.66 2024.95 3850.29
1275000 627.554 1201.41 2028.75 3857.72
1276000 631.941 1206.54 2038.39 3876.87
1277000 628.912 1201.24 2028.09 3858.24
1278000 630.533 1204.84 2038.34 3873.72
1279000 634.741 1215.37 2060.21 3910.31
1280000 636.019 1222 2069.32 3927.34
1281000 632.018 1212.51 2051.54 3896.07
1282000 631.447 1209.86 2044.59 3885.89
1283000 636.165 1220.28 2064.01 3920.46
1284000 637.693 1223.33 2071.19 3932.22
1285000 637.646 1226.42 2076.61 3940.68
1286000 640.064 1232.64 2083.81 3956.51
1287000 640.266 1232.16 2083.46 3955.89
1288000 641.499 1236.67 2092.94 3971.11
1289000 639.434 1232.49 2088.53 3960.45
1290000 641.588 1240.61 2103.84 3986.04
1291000 641.482 1239.98 2103.82 3985.29
1292000 645.071 1250.04 2125.05 4020.16
1293000 645.916 1253.69 2134.02 4033.62
1294000 643.968 1249.95 2126.45 4020.36
1295000 646.278 1254.72 2135.52 4036.51
1296000 648.347 1259.03 2142.97 4050.35
1297000 646.752 1253.71 2134.46 4034.92
1298000 649.036 1259.96 2147.61 4056.6
1299000 651.68 1263.65 2158.17 4073.5
1300000 649.942 1259.16 2150.8 4059.9
1301000 651.33 1265.01 2164.23 4080.57
1302000 650.081 1264.69 2161.77 4076.54
1303000 654.01 1276.09 2185.29 4115.39
1304000 654.036 1273.81 2182.39 4110.24
1305000 658.092 1277.97 2192.68 4128.74
1306000 659.946 1283.43 2201.19 4144.56
1307000 655.946 1274.89 2185.55 4116.39
1308000 657.405 1277.46 2192.09 4126.96
1309000 660.746 1286.46 2210.75 4157.96
1310000 663.83 1291.27 2219.66 4174.76
1311000 662.123 1285.87 2214.5 4162.5
1312000 664.181 1288.97 2222.14 4175.28
1313000 670.533 1302.67 2247.49 4220.69
1314000 673.306 1313.89 2264.55 4251.75
1315000 671.213 1305.95 2248.66 4225.83
1316000 674.663 1311.88 2262.88 4249.42
1317000 676.351 1319 2274.66 4270.02
1318000 674.568 1316.31 2270.85 4261.73
1319000 672.987 1315.73 2269.21 4257.92
1320000 676.228 1323.87 2283.21 4283.31
1321000 674.247 1323.64 2284.52 4282.41
1322000 675.576 1327.67 2293.58 4296.83
1323000 676.528 1327.25 2290.63 4294.41
1324000 676.163 1326.87 2288.82 4291.86
1325000 678.427 1334.52 2301.35 4314.3
1326000 681.592 1342.89 2315.06 4339.55
1327000 682.013 1344.15 2315.84 4342
1328000 682.319 1348.41 2323.87 4354.6
1329000 682.949 1346.68 2323.45 4353.09
1330000 683.252 1350.48 2331.81 4365.54
1331000 685.021 1359.57 2350.84 4395.43
1332000 681.979 1351.11 2333.64 4366.73
1333000 681.528 1350.63 2332.43 4364.59
1334000 689.249 1368.99 2365.97 4424.21
1335000 683.708 1357.63 2343.14 4384.48
1336000 685.385 1363.28 2352.02 4400.69
1337000 690.519 1373.65 2371.31 4435.48
1338000 692.543 1380.11 2379.5 4452.15
1339000 694.161 1387.62 2390.82 4472.6
1340000 692.881 1389.32 2392.73 4474.93
1341000 696.525 1393.42 2397.44 4487.39
1342000 697.164 1391.97 2392.69 4481.83
1343000 698.267 1393.88 2396.62 4488.76
1344000 697.488 1394.83 2400.07 4492.4
1345000 695.563 1392.49 2393.51 4481.56
1346000 700.229 1400.94 2410.36 4511.53
1347000 700.567 1409.45 2420.14 4530.16
1348000 702.957 1417.52 2434.07 4554.55
1349000 702.108 1416.17 2429.35 4547.63
1350000 701.166 1415.92 2428.9 4545.99
1351000 703.427 1423.66 2443.06 4570.15
1352000 704.389 1424.02 2443.59 4572
1353000 710.164 1435.89 2466.68 4612.74
1354000 706.807 1426.46 2450.27 4583.54
1355000 708.594 1431.41 2459.76 4599.76
1356000 711.163 1440.06 2474.83 4626.05
1357000 712.668 1445.3 2484.64 4642.6
1358000 712.28 1445.51 2489.55 4647.34
1359000 710.854 1445 2488.57 4644.43
1360000 709.745 1441.3 2480.77 4631.81
1361000 709.179 1443.27 2483.93 4636.38
1362000 712.738 1451.91 2504.16 4668.81
1363000 714.468 1448.47 2497.7 4660.64
1364000 716.863 1449.36 2499.48 4665.7
1365000 719.134 1453.39 2507.56 4680.09
1366000 725.65 1471.73 2545.29 4742.67
1367000 719.332 1460.2 2525.81 4705.34
1368000 719.277 1465.65 2534.65 4719.57
1369000 723.42 1478.71 2562.36 4764.48
1370000 722.956 1475.04 2557.44 4755.44
1371000 723.065 1473.21 2556.89 4753.17
1372000 725.596 1483.2 2575.15 4783.94
1373000 726.299 1485.25 2578 4789.54
1374000 725.073 1480.84 2569.79 4775.7
1375000 728.044 1484.3 2581.76 4794.11
1376000 727.251 1488.76 2588.77 4804.78
1377000 725.263 1487.44 2583.67 4796.37
1378000 727.967 1494.78 2599.67 4822.41
1379000 728.415 1497.19 2602.69 4828.29
1380000 729.224 1498.13 2602.41 4829.76
1381000 730.942 1505.78 2613.33 4850.05
1382000 733.412 1514.95 2633.61 4881.97
1383000 732.959 1516.24 2633.49 4882.69
1384000 731.894 1513.4 2624.39 4869.69
1385000 735.152 1522.42 2641.22 4898.79
1386000 737.298 1528.5 2652.57 4918.37
1387000 737.174 1528.14 2650.5 4915.82
1388000 738.799 1529.81 2653.29 4921.9
1389000 738.498 1528.09 2651.52 4918.11
1390000 739.84 1524.08 2648.95 4912.87
1391000 740.775 1529.48 2656.79 4927.04
1392000 742.348 1536.45 2673.11 4951.91
1393000 745.942 1544.08 2689.18 4979.2
1394000 750.436 1557.02 2715.27 5022.72
1395000 747.619 1547.53 2694.44 4989.58
1396000 751.648 1555.22 2710.83 5017.7
1397000 750.921 1553.98 2706.32 5011.22
1398000 750.952 1549.43 2695.24 4995.63
1399000 753.071 1552.47 2698.06 5003.6
1400000 758.644 1567.67 2725.87 5052.19
1401000 762.031 1578.59 2747.46 5088.08
1402000 763.342 1582.86 2757.66 5103.87
1403000 763.179 1579.7 2754.64 5097.52
1404000 762.587 1579.08 2753.13 5094.8
1405000 756.805 1566.31 2732.18 5055.3
1406000 759.066 1570.71 2737.07 5066.85
1407000 761.254 1579.33 2747.6 5088.18
1408000 767.018 1594.34 2779.14 5140.5
1409000 769.412 1602.71 2792.02 5164.14
1410000 768.378 1603.85 2792.95 5165.18
1411000 765.225 1598.17 2783.2 5146.6
1412000 765.846 1598.72 2787.49 5152.06
1413000 770.603 1607.41 2806.74 5184.76
1414000 768.017 1597.3 2789 5154.31
1415000 771.286 1606.74 2803.04 5181.07
1416000 770.693 1609.69 2809.67 5190.06
1417000 773.24 1616.88 2822.04 5212.16
1418000 772.939 1616.52 2822.91 5212.36
1419000 773.601 1617.3 2825.13 5216.03
1420000 778.15 1633.98 2855.85 5267.98
1421000 777.269 1638.44 2863 5278.71
1422000 777.784 1643.68 2870.25 5291.72
1423000 783.445 1653.55 2889.55 5326.55
1424000 780.005 1642.16 2867.08 5289.24
1425000 781.11 1643.15 2865.83 5290.09
1426000 785.546 1654.02 2883.47 5323.04
1427000 785.95 1657.11 2886.71 5329.76
1428000 783.752 1657.1 2887.25 5328.11
1429000 780.523 1656.08 2886.67 5323.27
1430000 785.054 1670.31 2916.6 5371.97
1431000 786.132 1670.73 2917.07 5373.93
1432000 785.452 1668.91 2916.03 5370.39
1433000 786.433 1671.99 2925.08 5383.5
1434000 787.535 1679.75 2938.57 5405.86
1435000 784.684 1672.51 2922.98 5380.18
1436000 785.826 1672.63 2923.38 5381.83
1437000 792.237 1689.81 2957.54 5439.59
1438000 795.55 1697.94 2975.32 5468.81
1439000 792.622 1689.85 2961.57 5444.04
1440000 791.988 1687.43 2960.38 5439.8
1441000 793.466 1694.77 2972.23 5460.46
1442000 792.972 1696.97 2977 5466.95
1443000 789.104 1687.48 2957.83 5434.42
1444000 792.427 1697.15 2980.06 5469.64
1445000 794.659 1708.5 3001.21 5504.36
1446000 793.987 1707.21 2995.23 5496.42
1447000 793.5 1709.4 2998.13 5501.03
1448000 796.689 1718.41 3015.45 5530.54
1449000 795.976 1722.1 3020.82 5538.9
1450000 797.773 1730.16 3033.59 5561.52
1451000 797.767 1730.29 3031.63 5559.68
1452000 796.707 1728.54 3025.63 5550.88
1453000 794.911 1724.17 3015.58 5534.66
1454000 799.557 1740.92 3045.61 5586.09
1455000 799.951 1747.89 3057.32 5605.16
1456000 802.802 1759.9 3080.43 5643.13
1457000 797.703 1740.38 3045.54 5583.62
1458000 799.893 1751.62 3067.4 5618.92
1459000 802.848 1763.06 3090.65 5656.56
1460000 804.214 1767.26 3097.09 5668.57
1461000 799.419 1753.35 3072.21 5624.97
1462000 801.51 1764.67 3093.61 5659.79
1463000 804.123 1773.45 3112.02 5689.6
1464000 799.749 1764.61 3092.95 5657.31
1465000 800.041 1768.48 3101.87 5670.39
1466000 802.025 1781.16 3124.74 5707.93
1467000 802.746 1786.98 3133.94 5723.67
1468000 805.585 1795.24 3151.02 5751.85
1469000 804.108 1789.63 3142.42 5736.16
1470000 802.661 1795.06 3153.79 5751.52
1471000 801.628 1797.37 3156.25 5755.25
1472000 801.268 1794.36 3153.05 5748.68
1473000 803.121 1803.51 3170.41 5777.04
1474000 804.663 1804.01 3172.27 5780.94
1475000 808.098 1810.66 3186.51 5805.27
1476000 809.892 1814.25 3192 5816.15
1477000 808.601 1811.74 3190.78 5811.11
1478000 812.3 1821.66 3209.92 5843.89
1479000 811.314 1827.73 3217.86 5856.9
1480000 813.131 1834.28 3229.05 5876.47
1481000 809.175 1823.39 3208.23 5840.8
1482000 810.002 1828.6 3218.48 5857.08
1483000 811.217 1834.65 3230.45 5876.32
1484000 815.726 1845.88 3247.39 5908.99
1485000 817.482 1849.47 3253.17 5920.12
1486000 821.103 1863.8 3275.88 5960.78
1487000 821.827 1866.13 3279.78 5967.74
1488000 823.35 1866.48 3284.32 5974.15
1489000 820.564 1853.24 3261.66 5935.46
1490000 825.7 1869.22 3291.21 5986.13
1491000 828.186 1873.28 3294.05 5995.52
1492000 830.239 1882.73 3313.58 6026.55
1493000 828.73 1876.91 3302.15 6007.78
1494000 833.513 1888.56 3326.47 6048.54
1495000 833.776 1889.07 3328.25 6051.09
1496000 832.045 1882.16 3315.87 6030.08
1497000 832.356 1888.54 3332.95 6053.85
1498000 832.826 1892.11 3339.49 6064.42
1499000 833.956 1893.56 3344.77 6072.28
1500000 835.865 1900.6 3355.29 6091.75
1501000 838.024 1905.98 3367.99 6112
1502000 838.827 1909.56 3376.32 6124.71
1503000 838.581 1910.16 3377.21 6125.95
1504000 839.195 1907.48 3378.25 6124.92
1505000 839.757 1905.05 3374.22 6119.02
1506000 843.868 1910.31 3386.78 6140.96
1507000 846.727 1916.23 3402.18 6165.14
1508000 850.857 1930.63 3430.8 6212.29
1509000 845.398 1918.43 3409.12 6172.94
1510000 848.374 1930.45 3428.49 6207.32
1511000 849.424 1934.82 3433.98 6218.22
1512000 849.014 1935.24 3433.81 6218.06
1513000 848.716 1936.13 3431.81 6216.65
1514000 854.825 1950.05 3455.45 6260.33
1515000 855.365 1952.52 3465.08 6272.96
1516000 853.294 1946.85 3457.33 6257.48
1517000 854.321 1953.13 3471.62 6279.07
1518000 857.873 1966.54 3496.61 6321.02
1519000 859.366 1974.12 3512.12 6345.61
1520000 855.089 1965.35 3496.65 6317.09
1521000 854.086 1965.72 3498.05 6317.85
1522000 849.745 1959.35 3487.65 6296.75
1523000 850.951 1966.56 3500.73 6318.24
1524000 849.423 1967.74 3504.44 6321.6
1525000 851.033 1973.83 3516.84 6341.7
1526000 852.653 1980.37 3528.52 6361.54
1527000 854.145 1981.98 3530.98 6367.1
1528000 855.051 1980.52 3528.62 6364.2
1529000 860.17 1994.28 3555.37 6409.82
1530000 859.825 2002.06 3568.73 6430.62
1531000 860.635 2006.76 3580.83 6448.23
1532000 858.81 2002.39 3574.4 6435.6
1533000 861.177 2012.67 3591.76 6465.61
1534000 860.257 2009.36 3584.99 6454.6
1535000 862.758 2022.23 3611.03 6496.01
1536000 868.421 2043.57 3650.89 6562.88
1537000 865.349 2035.27 3634.66 6535.28
1538000 863.347 2027.36 3620.05 6510.76
1539000 866.147 2030.51 3625.19 6521.85
1540000 865.464 2040.27 3639.31 6545.05
1541000 868.625 2052.62 3663.02 6584.26
1542000 869.49 2063.79 3683.16 6616.44
1543000 868.783 2060.56 3674.83 6604.17
1544000 866.679 2052.99 3665.82 6585.48
1545000 869.257 2058.16 3679.82 6607.23
1546000 868.158 2055.39 3669.35 6592.89
1547000 869.729 2061.57 3680.02 6611.32
1548000 867.477 2053.99 3667.76 6589.22
1549000 870.176 2060.56 3682.77 6613.51
1550000 869.884 2055.28 3676.06 6601.22
1551000 878.845 2078.18 3722.89 6679.91
1552000 875.336 2073.39 3715.17 6663.89
1553000 876.322 2077.17 3723.96 6677.45
1554000 876.339 2074.14 3719.06 6669.54
1555000 876.551 2082.38 3735.53 6694.46
1556000 881.985 2105.44 3782.41 6769.84
1557000 882.487 2107.88 3790.07 6780.43
1558000 886.529 2118.47 3811.09 6816.09
1559000 887.968 2120.84 3818.73 6827.53
1560000 882.691 2110.02 3800.18 6792.88
1561000 878.483 2099.49 3783.87 6761.84
1562000 885.118 2117.67 3819.61 6822.4
1563000 886.799 2119.45 3819.23 6825.48
1564000 885.866 2113.93 3808.91 6808.71
1565000 886.889 2116.9 3816.94 6820.73
1566000 891.081 2130.86 3844.15 6866.09
1567000 891.941 2136.02 3853.86 6881.82
1568000 892.749 2132.34 3851.62 6876.71
1569000 895.518 2132.46 3853.56 6881.54
1570000 901.766 2149.95 3888.68 6940.4
1571000 898.475 2140.37 3870.3 6909.15
1572000 899.647 2148.68 3885.55 6933.88
1573000 904.211 2165.28 3921.12 6990.61
1574000 901.427 2154.75 3901.89 6958.07
1575000 905.785 2162.14 3920.4 6988.33
1576000 903.398 2152.6 3904.78 6960.77
1577000 906.796 2162.39 3924.69 6993.87
1578000 908.13 2166.99 3934.32 7009.43
1579000 914.627 2183.32 3964.78 7062.72
1580000 915.782 2188.93 3972.92 7077.63
1581000 913.082 2183.58 3962.5 7059.16
1582000 915.747 2197.12 3985.82 7098.68
1583000 912.972 2196.27 3983.11 7092.36
1584000 907.915 2182.27 3956.22 7046.41
1585000 913.741 2199.81 3989.87 7103.42
1586000 914.555 2207.61 4001.31 7123.47
1587000 910.497 2191.86 3971.87 7074.22
1588000 916.796 2213.3 4012.08 7142.17
1589000 916.998 2220.22 4023.91 7161.13
1590000 915.632 2221.78 4026.43 7163.84
1591000 916.217 2225.61 4039.39 7181.22
1592000 913.719 2220.06 4026.08 7159.86
1593000 912.416 2217.85 4023.06 7153.32
1594000 916.725 2231.92 4051.91 7200.56
1595000 920.113 2234.94 4058.71 7213.77
1596000 917.047 2229.44 4053.55 7200.04
1597000 918.805 2235.76 4065.38 7219.95
1598000 923.295 2244.33 4080.59 7248.22
1599000 927.391 2254.11 4097.27 7278.77
1600000 926.335 2249.51 4090.33 7266.18
1601000 923.648 2236.88 4069.19 7229.72
1602000 928.217 2257.58 4110.19 7295.99
1603000 925.868 2250.73 4097.57 7274.17
1604000 930.814 2261.42 4118.72 7310.95
1605000 937.285 2276.95 4150.73 7364.97
1606000 936.087 2274.98 4146.86 7357.93
1607000 938.017 2283.01 4163.17 7384.2
1608000 938.119 2281.68 4161.58 7381.38
1609000 938.156 2275.47 4151.5 7365.12
1610000 937.759 2274.23 4150.16 7362.14
1611000 943.513 2293.28 4184.55 7421.34
1612000 944.941 2293.54 4190.62 7429.1
1613000 947.171 2304.87 4214.74 7466.78
1614000 949.213 2307.86 4219.18 7476.25
1615000 945.043 2287.04 4177.11 7409.2
1616000 946.451 2296.9 4193.78 7437.13
1617000 949.408 2311.69 4222.02 7483.12
1618000 949.758 2314.58 4230.95 7495.28
1619000 954.859 2324.87 4249.01 7528.73
1620000 952.129 2328.56 4250.09 7530.78
1621000 947.34 2320.12 4234.78 7502.24
1622000 951.012 2330.29 4258.3 7539.61
1623000 954.929 2335.48 4270.12 7560.53
1624000 956.481 2334.86 4269.02 7560.36
1625000 956.167 2339.5 4277.5 7573.17
1626000 956.288 2336.87 4279.62 7572.77
1627000 951.687 2324.55 4256.94 7533.18
1628000 960.326 2350.71 4306.51 7617.54
1629000 956.632 2344.87 4297.02 7598.52
1630000 955.993 2352.65 4311.81 7620.45
1631000 954.19 2346.55 4302.22 7602.96
1632000 957.355 2357.94 4324.5 7639.79
1633000 959.845 2360.4 4329.88 7650.12
1634000 962.859 2361.53 4329.76 7654.14
1635000 965.336 2358.88 4331.27 7655.49
1636000 971.138 2374.3 4364.41 7709.85
1637000 969.353 2362.57 4344.9 7676.82
1638000 973.194 2370.02 4361.97 7705.18
1639000 970.049 2365.78 4359.42 7695.25
1640000 971.946 2370.33 4371.9 7714.17
1641000 968.849 2370.21 4371.53 7710.59
1642000 975.897 2394.87 4422.21 7792.97
1643000 973.538 2391.53 4414.95 7780.01
1644000 974.553 2392.42 4416.41 7783.38
1645000 976.76 2403.18 4439.48 7819.42
1646000 976.75 2403.6 4444.95 7825.3
1647000 976.338 2405.75 4454.85 7836.94
1648000 977.805 2411.77 4465.58 7855.16
1649000 977.574 2408.04 4455.97 7841.58
1650000 978.368 2419.65 4471.29 7869.31
1651000 979.614 2423.41 4479.51 7882.54
1652000 982.719 2430.45 4494.88 7908.06
1653000 982.768 2428.82 4498 7909.59
1654000 988.256 2447.04 4532.96 7968.26
1655000 985.73 2438.55 4522.16 7946.44
1656000 985.748 2432.86 4512.6 7931.21
1657000 983.976 2419.7 4483.18 7886.86
1658000 988.361 2429.38 4499.8 7917.54
1659000 989.262 2438.47 4514.25 7941.98
1660000 991.683 2452.48 4543.4 7987.57
1661000 986.329 2441.6 4525.44 7953.37
1662000 994.371 2462.76 4567.41 8024.54
1663000 993.456 2459.95 4566.25 8019.66
1664000 994.339 2458.22 4565.26 8017.81
1665000 992.355 2460.41 4569.89 8022.66
1666000 996.117 2477.88 4603.12 8077.12
1667000 996.086 2474.26 4599.83 8070.17
1668000 1001.66 2486.99 4629.19 8117.84
1669000 1001.69 2486.77 4627.38 8115.85
1670000 1002.16 2485.48 4622.59 8110.23
1671000 1002.67 2486.03 4620.42 8109.11
1672000 1003.43 2483.31 4615.58 8102.32
1673000 1008.01 2497.16 4642.92 8148.09
1674000 1008.48 2498.98 4643.02 8150.49
1675000 1009.51 2509.74 4660.29 8179.55
1676000 1009.67 2504.2 4650.4 8164.28
1677000 1013.76 2513.26 4670.51 8197.54
1678000 1007.41 2495.86 4637.75 8141.01
1679000 1010.91 2507.45 4663.51 8181.86
1680000 1009.88 2506.13 4663.73 8179.74
1681000 1010.36 2509.21 4667.86 8187.43
1682000 1018.4 2534.35 4722.36 8275.12
1683000 1017.36 2530.6 4717.65 8265.61
1684000 1014.04 2522.6 4704.29 8240.93
1685000 1017.02 2536.6 4733.21 8286.83
1686000 1023.89 2564.53 4792.19 8380.6
1687000 1022.69 2558.71 4786.29 8367.69
1688000 1022.33 2559.71 4788.09 8370.12
1689000 1017.8 2547.88 4763.66 8329.34
1690000 1024.31 2568.42 4798.64 8391.37
1691000 1022.24 2563.46 4791.39 8377.09
1692000 1024.6 2572.07 4809.62 8406.29
1693000 1019.07 2554.88 4776.43 8350.38
1694000 1024.73 2569.02 4808.95 8402.71
1695000 1025.82 2566.13 4804.83 8396.78
1696000 1032.46 2586.77 4842.98 8462.21
1697000 1035.15 2589.73 4848.73 8473.61
1698000 1030.94 2579.73 4830.34 8441.01
1699000 1035.65 2599.11 4868.43 8503.19
1700000 1033.33 2594.47 4862.49 8490.29
1701000 1035.04 2602.32 4877.06 8514.42
1702000 1038.79 2617.98 4907.56 8564.33
1703000 1038.89 2619.13 4908.09 8566.11
1704000 1040.06 2621.68 4913.64 8575.38
1705000 1040.79 2627.52 4922.69 8591
1706000 1041.11 2624.43 4916.84 8582.39
1707000 1046.03 2634.67 4937.47 8618.16
1708000 1044.78 2628.88 4928.18 8601.84
1709000 1046 2637.92 4944.7 8628.63
1710000 1041.8 2636.64 4943.26 8621.69
1711000 1039.6 2633.61 4939.95 8613.16
1712000 1042.13 2643.51 4953.79 8639.42
1713000 1036.31 2628.7 4923.45 8588.47
1714000 1045.62 2663.01 4993.37 8701.99
1715000 1046.32 2662.64 4992.64 8701.6
1716000 1045.52 2663.47 4994.41 8703.4
1717000 1048.43 2674.92 5018.61 8741.95
1718000 1048.6 2679.5 5027.21 8755.32
1719000 1048.25 2684.27 5035.1 8767.62
1720000 1045.76 2678.34 5025.94 8750.03
1721000 1048.05 2682.08 5039.3 8769.44
1722000 1049.49 2679.74 5035.88 8765.11
1723000 1047.14 2668.18 5014.23 8729.56
1724000 1048.99 2681.95 5039.56 8770.5
1725000 1060.07 2718.45 5111.46 8889.97
1726000 1056 2710.85 5097.15 8864
1727000 1055.56 2718.5 5113.21 8887.27
1728000 1057.4 2726.62 5128.91 8912.94
1729000 1061.13 2735.52 5148.14 8944.79
1730000 1060.46 2726.19 5128.98 8915.63
1731000 1062.63 2729.87 5135.5 8927.99
1732000 1057.69 2708.85 5096.7 8863.24
1733000 1057.46 2710.31 5104.05 8871.81
1734000 1060.88 2721.49 5129.71 8912.09
1735000 1064.69 2724.55 5144.75 8933.98
1736000 1070.31 2738.2 5174.43 8982.95
1737000 1073.63 2746.94 5196.88 9017.45
1738000 1067.38 2731.29 5166.93 8965.59
1739000 1063.35 2728.63 5160.3 8952.28
1740000 1065.05 2743.41 5187.31 8995.78
1741000 1066.28 2744.64 5193.52 9004.43
1742000 1065.04 2745.51 5195.09 9005.63
1743000 1062.33 2738.71 5180.73 8981.78
1744000 1072.13 2763.09 5226.69 9061.92
1745000 1076.83 2777.47 5253.49 9107.78
1746000 1079 2780.27 5258.71 9117.99
1747000 1077.77 2777.01 5253.26 9108.04
1748000 1084.33 2793.91 5288.07 9166.32
1749000 1083.21 2790.26 5281.01 9154.47
1750000 1088.05 2801.36 5307.76 9197.17
1751000 1082.1 2786.71 5281.47 9150.28
1752000 1083.49 2791.49 5295.75 9170.73
1753000 1082 2794.14 5297.34 9173.48
1754000 1087.81 2810.52 5326.83 9225.16
1755000 1091.58 2819.76 5346.42 9257.76
1756000 1094 2828.26 5361.32 9283.58
1757000 1100.47 2849.45 5401.76 9351.68
1758000 1096.85 2843.18 5386.36 9326.39
1759000 1091.18 2824.88 5349.78 9265.84
1760000 1089.51 2826.34 5348.69 9264.53
1761000 1092.34 2834.28 5359.69 9286.32
1762000 1092.11 2839.4 5367.93 9299.43
1763000 1098.02 2854.94 5401.98 9354.94
1764000 1100.03 2853.47 5405.18 9358.68
1765000 1102.76 2863.15 5425.56 9391.48
1766000 1106.19 2867.51 5438.17 9411.87
1767000 1102.32 2854.68 5412.52 9369.52
1768000 1100.66 2855.83 5411.34 9367.83
1769000 1101.43 2863.21 5423.3 9387.95
1770000 1109.68 2890.85 5480.83 9481.36
1771000 1108.34 2888.85 5481.77 9478.96
1772000 1107.42 2888.23 5479.35 9475
1773000 1101.19 2867.33 5440.6 9409.12
1774000 1104.68 2873.79 5450.45 9428.92
1775000 1109.58 2891.86 5485.32 9486.77
1776000 1109.71 2891.97 5484.66 9486.34
1777000 1107.34 2889.22 5479.33 9475.89
1778000 1107.49 2892.41 5485.65 9485.55
1779000 1108.4 2902.83 5504.67 9515.9
1780000 1110.24 2907.09 5513.55 9530.88
1781000 1115.44 2924.68 5551.04 9591.17
1782000 1120.95 2943.9 5582.9 9647.75
1783000 1113.57 2920.61 5532.68 9566.85
1784000 1117.44 2944.96 5582.36 9644.75
1785000 1115.36 2944.08 5582.08 9641.53
1786000 1114.48 2938.7 5574.7 9627.88
1787000 1115.22 2946.35 5591.04 9652.61
1788000 1118.96 2949.49 5599.79 9668.24
1789000 1117.21 2941.22 5586 9644.43
1790000 1120.31 2951.38 5609 9680.69
1791000 1117.55 2946.65 5599.94 9664.14
1792000 1125.86 2973.91 5654.6 9754.36
1793000 1125.47 2969.82 5646.16 9741.44
1794000 1121.79 2955.27 5617.4 9694.46
1795000 1123.75 2966.49 5640.9 9731.14
1796000 1131.58 2998.58 5706.35 9836.52
1797000 1129.64 2990.9 5691.88 9812.43
1798000 1133.37 3001.28 5713.19 9847.84
1799000 1133.91 2998.3 5708.47 9840.69
1800000 1140.61 3008.51 5731.9 9881.01
1801000 1139.44 3009.17 5729.94 9878.55
1802000 1145.42 3030.88 5777.17 9953.47
1803000 1141.04 3014.64 5742.96 9898.65
1804000 1141.34 3024.84 5763.42 9929.6
1805000 1144.26 3035.47 5787.82 9967.55
1806000 1144.61 3037.08 5792.02 9973.71
1807000 1146.42 3042.88 5799.38 9988.69
1808000 1146.19 3044.92 5801.08 9992.19
1809000 1147.79 3058.8 5830.35 10036.9
1810000 1146.6 3059.97 5836.86 10043.4
1811000 1144.11 3052.52 5822.14 10018.8
1812000 1144.3 3051.91 5821.49 10017.7
1813000 1143.2 3051.48 5818.99 10013.7
1814000 1138.89 3045.12 5807.03 9991.04
1815000 1145.99 3068.87 5849.14 10064
1816000 1147.33 3071.8 5856.31 10075.4
1817000 1150.55 3082.07 5880.34 10113
1818000 1155.68 3102.03 5918.6 10176.3
1819000 1153.01 3099.85 5914.61 10167.5
1820000 1154.12 3099.13 5908.5 10161.8
1821000 1158.67 3112.35 5934.6 10205.6
1822000 1158.25 3106.33 5923.16 10187.7
1823000 1159.69 3106.87 5931.36 10197.9
1824000 1159.76 3108.54 5931.33 10199.6
1825000 1161.1 3115.21 5946.84 10223.2
1826000 1158.79 3112.49 5941.9 10213.2
1827000 1159.89 3116.38 5953.04 10229.3
1828000 1163.49 3128.15 5982.56 10274.2
1829000 1161.18 3124.37 5975.89 10261.4
1830000 1165.25 3143.27 6015.29 10323.8
1831000 1160.7 3138.05 6004.15 10302.9
1832000 1157.99 3125.62 5982.96 10266.6
1833000 1168.25 3158.11 6050.46 10376.8
1834000 1173.22 3175.41 6088.52 10437.1
1835000 1173.36 3177.69 6096.73 10447.8
1836000 1173.02 3172.97 6091.03 10437
1837000 1172.88 3170.76 6087.62 10431.3
1838000 1170.39 3168.58 6085.56 10424.5
1839000 1175.65 3185.84 6124.54 10486
1840000 1175.99 3182.85 6120.81 10479.7
1841000 1175.85 3181.71 6117.94 10475.5
1842000 1175.47 3187.28 6132.45 10495.2
1843000 1175.86 3189.82 6137.25 10502.9
1844000 1185.14 3219.24 6196.21 10600.6
1845000 1180.82 3200.71 6159.54 10541.1
1846000 1178.23 3189.36 6137.07 10504.7
1847000 1178.36 3188.89 6137.05 10504.3
1848000 1182.95 3200.46 6159.89 10543.3
1849000 1184.75 3214.3 6184.79 10583.8
1850000 1184.53 3218.24 6193.4 10596.2
1851000 1181.61 3214.66 6184.81 10581.1
1852000 1180.74 3209.96 6180.04 10570.7
1853000 1183.21 3225.91 6211.87 10621
1854000 1184.42 3233.92 6225.48 10643.8
1855000 1183.65 3237.04 6228.26 10648.9
1856000 1186.64 3249.1 6252.21 10688
1857000 1189.65 3261.77 6276.15 10727.6
1858000 1183.99 3245.65 6245.23 10674.9
1859000 1184.54 3254.21 6260.06 10698.8
1860000 1183.83 3249.45 6254.13 10687.4
1861000 1186.42 3264.46 6285.85 10736.7
1862000 1187.05 3264.14 6290.25 10741.4
1863000 1186.17 3263.94 6288.73 10738.8
1864000 1189.87 3280.49 6319.43 10789.8
1865000 1191.96 3287.98 6336.04 10816
1866000 1188.4 3271.37 6304.74 10764.5
1867000 1188.3 3274.66 6308.08 10771
1868000 1193.37 3288.54 6332.67 10814.6
1869000 1197.95 3300.8 6360.61 10859.4
1870000 1198.22 3301.55 6365.97 10865.7
1871000 1195.52 3298.37 6365.1 10859
1872000 1201.72 3324.05 6419.5 10945.3
1873000 1200.69 3315.88 6401.77 10918.3
1874000 1202.83 3318.09 6401.27 10922.2
1875000 1209.24 3344.4 6455.29 11008.9
1876000 1203.3 3329.87 6425.39 10958.6
1877000 1206.5 3331.45 6432.63 10970.6
1878000 1204.97 3335.37 6438.48 10978.8
1879000 1206.91 3344.5 6459.28 11010.7
1880000 1205 3344.4 6460.31 11009.7
1881000 1204.34 3348.88 6468.46 11021.7
1882000 1201.34 3349.45 6466.13 11016.9
1883000 1196.44 3341.89 6450.64 10989
1884000 1197.86 3355.85 6476.76 11030.5
1885000 1201.42 3364.17 6495.6 11061.2
1886000 1205.61 3379.79 6530.74 11116.1
1887000 1206.15 3374.92 6529.73 11110.8
1888000 1208.89 3385.81 6555.2 11149.9
1889000 1212.63 3402.75 6590.49 11205.9
1890000 1207.1 3386.9 6561.7 11155.7
1891000 1209.79 3403.63 6595.4 11208.8
1892000 1211.28 3414.08 6617.96 11243.3
1893000 1207.46 3403.41 6596.91 11207.8
1894000 1205.62 3398.41 6586.92 11191
1895000 1210.46 3418.21 6626.94 11255.6
1896000 1213.81 3436.06 6659 11308.9
1897000 1209.26 3421.67 6624.28 11255.2
1898000 1209.73 3427.58 6637.53 11274.8
1899000 1212.51 3441.63 6664.88 11319
1900000 1211.85 3433.67 6648 11293.5
1901000 1220.98 3472.94 6727.11 11421
1902000 1218.17 3466.21 6715.92 11400.3
1903000 1211.59 3440.6 6667.74 11319.9
1904000 1212.45 3452.68 6687.96 11353.1
1905000 1216.58 3469.12 6721.6 11407.3
1906000 1215.85 3461.75 6708.34 11385.9
1907000 1209.61 3439.72 6667.98 11317.3
1908000 1212.8 3452.94 6694.49 11360.2
1909000 1216.6 3466.44 6718.85 11401.9
1910000 1223.32 3487.07 6755.52 11465.9
1911000 1216.06 3460.24 6697.42 11373.7
1912000 1219.64 3473.3 6720.18 11413.1
1913000 1223.39 3485.02 6742.98 11451.4
1914000 1232.39 3520.65 6815.34 11568.4
1915000 1229.66 3516.75 6810.51 11556.9
1916000 1230.98 3525.41 6823.78 11580.2
1917000 1236.81 3550.68 6880.28 11667.8
1918000 1232.62 3539.98 6855.5 11628.1
1919000 1223.34 3510.31 6798.34 11532
1920000 1228.15 3531.67 6840.34 11600.2
1921000 1232.12 3546.78 6865.63 11644.5
1922000 1239.83 3575.34 6922.1 11737.3
1923000 1236.86 3568.4 6907.69 11712.9
1924000 1232.12 3555.66 6883.18 11671
1925000 1233.29 3553.91 6880.36 11667.6
1926000 1233.39 3556.87 6884.88 11675.1
1927000 1234.89 3563.05 6894.2 11692.1
1928000 1238.56 3572.98 6914.94 11726.5
1929000 1239.77 3588.78 6944.64 11773.2
1930000 1238.07 3581 6926.49 11745.6
1931000 1238.75 3590.54 6941.72 11771
1932000 1234.64 3588.54 6932.25 11755.4
1933000 1238.71 3612.49 6980.96 11832.1
1934000 1242.2 3624.93 7003.54 11870.7
1935000 1241.8 3615.92 6987.65 11845.4
1936000 1238.66 3609.37 6974.59 11822.6
1937000 1241.05 3615.92 6988.46 11845.4
1938000 1244.12 3621.84 7000.76 11866.7
1939000 1247.08 3637.41 7030.07 11914.6
1940000 1240.03 3621.45 6992.16 11853.6
1941000 1244.49 3641.69 7038.48 11924.7
1942000 1245.78 3640.65 7045.56 11932
1943000 1250.5 3659.13 7082.4 11992
1944000 1242.95 3632.89 7033.02 11908.9
1945000 1250.91 3656.07 7087.07 11994.1
1946000 1245.4 3634.67 7047 11927.1
1947000 1248.18 3641.57 7064.02 11953.8
1948000 1257.14 3666.1 7113.95 12037.2
1949000 1260.24 3681.79 7150.22 12092.2
1950000 1259.31 3682.22 7154.4 12095.9
1951000 1255.48 3673.86 7133.62 12063
1952000 1261.75 3695.5 7174.73 12132
1953000 1256.16 3667.28 7118.29 12041.7
1954000 1258.31 3682.11 7149.93 12090.4
1955000 1262.16 3687.71 7159.86 12109.7
1956000 1267.71 3709.59 7198.46 12175.8
1957000 1262.88 3699.55 7177.57 12140
1958000 1261.64 3700.99 7184.36 12147
1959000 1263.84 3707.42 7197.59 12168.9
1960000 1264.65 3712.88 7207.72 12185.2
1961000 1266.33 3713.77 7205.67 12185.8
1962000 1275.78 3754.88 7287.4 12318.1
1963000 1276.81 3765.11 7310.42 12352.3
1964000 1268.32 3734.32 7251.8 12254.4
1965000 1270.1 3743.48 7270.11 12283.7
1966000 1279.47 3788.05 7355.7 12423.2
1967000 1277.59 3788.57 7355.63 12421.8
1968000 1274.37 3775.19 7326.68 12376.2
1969000 1272.42 3773.18 7320.94 12366.5
1970000 1268.25 3767.58 7308.25 12344.1
1971000 1274.54 3793.22 7358.78 12426.5
1972000 1270.96 3781.76 7332.04 12384.8
1973000 1278.06 3816.47 7399.03 12493.6
1974000 1283.44 3829.65 7425.39 12538.5
1975000 1283.01 3822.83 7413 12518.8
1976000 1281.69 3819.38 7407.83 12508.9
1977000 1279.44 3819.89 7415.74 12515.1
1978000 1276.68 3806.97 7392.12 12475.8
1979000 1275.77 3806.56 7391.6 12473.9
1980000 1278.96 3822.07 7421.79 12522.8
1981000 1276.19 3823.88 7420.2 12520.3
1982000 1277.86 3836.88 7447.95 12562.7
1983000 1278.58 3831.28 7437.78 12547.6
1984000 1280.09 3837.54 7448.19 12565.8
1985000 1278.92 3829.71 7430.92 12539.6
1986000 1285.6 3853.18 7474.42 12613.2
1987000 1291.63 3888.59 7544.91 12725.1
1988000 1278 3847.2 7463.48 12588.7
1989000 1282.49 3872.5 7513.68 12668.7
1990000 1286.52 3889.79 7542.66 12719
1991000 1286.95 3894 7548.22 12729.2
1992000 1279.8 3875.36 7512.32 12667.5
1993000 1279.97 3867.56 7501.03 12648.6
1994000 1281.41 3870.98 7505.91 12658.3
1995000 1291.3 3904.29 7575.82 12771.4
1996000 1294.52 3906.42 7580.6 12781.5
1997000 1298.49 3921.75 7603.76 12824
1998000 1294.96 3908.04 7574.34 12777.3
1999000 1298.64 3920.73 7602.34 12821.7
2000000 1302.65 3938.31 7639.33 12880.3
2001000 1298.16 3919.81 7605.24 12823.2
2002000 1306.04 3948 7657.17 12911.2
2003000 1304 3937.91 7642.64 12884.6
2004000 1304.43 3939.27 7647.29 12891
2005000 1301.64 3934.32 7631.35 12867.3
2006000 1297.49 3922.64 7607.79 12827.9
2007000 1299.14 3943.02 7653.47 12895.6
2008000 1300.11 3952.53 7670.93 12923.6
2009000 1309.14 3979.4 7728.72 13017.3
2010000 1307.22 3965.67 7701.41 12974.3
2011000 1313.32 3991.64 7755.47 13060.4
2012000 1310.61 3975.12 7724.35 13010.1
2013000 1317.57 3998.84 7777.09 13093.5
2014000 1310.44 3989.47 7761.78 13061.7
2015000 1309.17 3977.77 7740.37 13027.3
2016000 1312.5 3977.45 7746.4 13036.3
2017000 1314.01 3985.66 7766.37 13066
2018000 1318.1 4006.84 7809.51 13134.5
2019000 1317.48 4003.28 7804.76 13125.5
2020000 1316.85 4001.98 7803.92 13122.7
2021000 1321.06 4011.52 7820.57 13153.1
2022000 1316.45 4005.65 7807.84 13129.9
2023000 1319.48 4018.38 7836.17 13174
2024000 1321.46 4031.44 7862.57 13215.5
2025000 1323.02 4030.34 7865.62 13219
2026000 1327.99 4047.29 7899.19 13274.5
2027000 1333.78 4059.69 7924.4 13317.9
2028000 1333.11 4052.44 7907.02 13292.6
2029000 1328.76 4037.73 7878.09 13244.6
2030000 1336.74 4069.27 7937.08 13343.1
2031000 1337.17 4076.52 7951.35 13365
2032000 1336.34 4084.74 7967.77 13388.9
2033000 1332.87 4081.65 7963.85 13378.4
2034000 1325.31 4058.52 7915.34 13299.2
2035000 1325.07 4050.92 7899.55 13275.5
2036000 1336.71 4103.96 8009.78 13450.5
2037000 1334.26 4098.88 8000.86 13434
2038000 1331.01 4097.57 7995.78 13424.4
2039000 1335.96 4122.41 8043.48 13501.9
2040000 1333.81 4120.44 8037.92 13492.2
2041000 1336.31 4131.49 8060.72 13528.5
2042000 1334.82 4127.01 8050.61 13512.4
2043000 1339.77 4147.82 8092.93 13580.5
2044000 1333.82 4136.17 8067.57 13537.6
2045000 1333.25 4131.32 8060.8 13525.4
2046000 1335.18 4137.45 8075.75 13548.4
2047000 1331.34 4128.55 8059.5 13519.4
2048000 1327.27 4118.77 8035.24 13481.3
2049000 1333.81 4152.58 8100.85 13587.3
2050000 1337.07 4161.88 8120.04 13619
2051000 1337.67 4160.05 8117.72 13615.4
2052000 1337.1 4167.49 8133.73 13638.3
2053000 1341.73 4187.62 8177.2 13706.6
2054000 1338.22 4182.64 8167.99 13688.8
2055000 1331.74 4162.67 8131.58 13626
2056000 1338.57 4201.86 8212.35 13752.8
2057000 1342.18 4215.96 8238.78 13796.9
2058000 1344.55 4214.89 8239.17 13798.6
2059000 1336.22 4188.53 8189.97 13714.7
2060000 1339.16 4206.62 8226.67 13772.5
2061000 1337.29 4214.15 8238.15 13789.6
2062000 1339.72 4221.97 8258 13819.7
2063000 1344 4231.61 8283.62 13859.2
2064000 1349.22 4243.02 8304.09 13896.3
2065000 1349.26 4247.75 8316.91 13913.9
2066000 1352.3 4258.46 8344.26 13955
2067000 1353.15 4258.27 8344.1 13955.5
2068000 1353.27 4259.03 8349.89 13962.2
2069000 1356.36 4272.1 8377.12 14005.6
2070000 1355.06 4271.93 8379.95 14006.9
2071000 1358.18 4275.92 8389.53 14023.6
2072000 1356.49 4258.63 8356.53 13971.7
2073000 1364.66 4289.9 8423.89 14078.4
2074000 1365.4 4291.32 8425.03 14081.8
2075000 1361.31 4278.6 8397.84 14037.8
2076000 1360.27 4265.32 8374.99 14000.6
2077000 1366.81 4283.41 8411.25 14061.5
2078000 1366.57 4284.54 8413.47 14064.6
2079000 1367.59 4289.89 8428.01 14085.5
2080000 1371.02 4306.88 8462.08 14140
2081000 1370.4 4305.95 8461.67 14138
2082000 1375.59 4333.33 8515.99 14224.9
2083000 1376.14 4326.92 8503.7 14206.8
2084000 1377.44 4332.69 8513.31 14223.4
2085000 1384.63 4371.74 8589.14 14345.5
2086000 1375.1 4330.35 8512.22 14217.7
2087000 1375.54 4339.75 8530.55 14245.8
2088000 1377.58 4343.66 8534.64 14255.9
2089000 1384.13 4370.08 8593.46 14347.7
2090000 1389.51 4396.27 8644.43 14430.2
2091000 1384.49 4381.3 8611.03 14376.8
2092000 1383.8 4366.35 8583.25 14333.4
2093000 1384.9 4370.76 8597.72 14353.4
2094000 1396.86 4429.03 8716.78 14542.7
2095000 1388.42 4404.28 8672.69 14465.4
2096000 1384.62 4392.98 8660.41 14438
2097000 1386.72 4395.86 8667.53 14450.1
2098000 1381.98 4381.66 8640.48 14404.1
2099000 1380.47 4383.04 8637.48 14401
2100000 1385.3 4395.93 8670.16 14451.4
2101000 1389.57 4414.27 8707.33 14511.2
2102000 1390.74 4420.47 8715.07 14526.3
2103000 1390.71 4427.46 8725.24 14543.4
2104000 1398.62 4462.8 8796.36 14657.8
2105000 1395.19 4452.87 8774.47 14622.5
2106000 1400.34 4470.84 8811.66 14682.8
2107000 1395.63 4458.39 8787.58 14641.6
2108000 1394.77 4458.35 8792.5 14645.6
2109000 1395 4471.03 8817.91 14683.9
2110000 1397.5 4481.16 8840.1 14718.8
2111000 1393.61 4468.53 8808.39 14670.5
2112000 1392.08 4463.16 8798.9 14654.1
2113000 1392.97 4461.9 8796.31 14651.2
2114000 1398.96 4486.86 8846.92 14732.7
2115000 1394.88 4463.66 8800.25 14658.8
2116000 1401.56 4488.37 8854.95 14744.9
2117000 1406.91 4507.16 8899.26 14813.3
2118000 1405.37 4498.12 8882.81 14786.3
2119000 1408.19 4512.04 8908.8 14829
2120000 1406.16 4499.54 8887.46 14793.2
2121000 1413.85 4518.1 8926.94 14858.9
2122000 1411.91 4509.54 8907.62 14829.1
2123000 1410.12 4508.37 8905.58 14824.1
2124000 1414.84 4537.89 8969.94 14922.7
2125000 1415.21 4538.28 8976.11 14929.6
2126000 1412.52 4535.49 8973.26 14921.3
2127000 1415.53 4543.85 8993.8 14953.2
2128000 1419.46 4546.6 9000.13 14966.2
2129000 1424.62 4559.54 9031.11 15015.3
2130000 1422.99 4552.37 9017.8 14993.2
2131000 1428.85 4579.43 9075.31 15083.6
2132000 1421.8 4556.03 9024.9 15002.7
2133000 1426.05 4576.48 9062.58 15065.1
2134000 1427.56 4590.01 9091.95 15109.5
2135000 1424.96 4577.75 9063.81 15066.5
2136000 1423.39 4581.13 9071.34 15075.9
2137000 1425.51 4590.17 9089.71 15105.4
2138000 1426.63 4598.74 9104.23 15129.6
2139000 1433.64 4631.3 9175.97 15240.9
2140000 1431.36 4627.06 9167.49 15225.9
2141000 1436.11 4641.89 9197.76 15275.8
2142000 1438.6 4649.36 9215.27 15303.2
2143000 1430.6 4624.62 9163.31 15218.5
2144000 1435.25 4642.67 9197.91 15275.8
2145000 1437.04 4640 9193.6 15270.6
2146000 1441.25 4649.95 9211.81 15303
2147000 1441.14 4654.49 9221.04 15316.7
2148000 1443.27 4659.2 9230.12 15332.6
2149000 1441.17 4653.67 9220.25 15315.1
2150000 1448.1 4682.85 9280.39 15411.3
2151000 1448.7 4678.34 9270.33 15397.4
2152000 1449.84 4683.51 9279.38 15412.7
2153000 1455.26 4713.43 9341.81 15510.5
2154000 1448.71 4693.24 9299.76 15441.7
2155000 1454.57 4706.86 9331.61 15493
2156000 1452.89 4695.63 9310.38 15458.9
2157000 1450.35 4690.14 9298.92 15439.4
2158000 1452.59 4699.69 9319.21 15471.5
2159000 1453.88 4711 9340.44 15505.3
2160000 1456.67 4725.24 9368.18 15550.1
2161000 1453.44 4725.28 9365.44 15544.2
2162000 1453.99 4733.04 9378.06 15565.1
2163000 1451.31 4738.21 9388.22 15577.7
2164000 1452.96 4745.34 9402.33 15600.6
2165000 1454.37 4749.17 9412.41 15615.9
2166000 1457.28 4761.31 9435.12 15653.7
2167000 1461.61 4776.09 9460.43 15698.1
2168000 1461.63 4780.26 9471.46 15713.3
2169000 1459.51 4777.23 9466.71 15703.4
2170000 1466.57 4809.29 9530.53 15806.4
2171000 1456.48 4774.11 9456.29 15686.9
2172000 1461.88 4799.96 9506.12 15768
2173000 1457.2 4778.39 9466.6 15702.2
2174000 1464.09 4811.97 9538.01 15814.1
2175000 1472.1 4841.16 9592.51 15905.8
2176000 1479.5 4883.25 9678.53 16041.3
2177000 1474.44 4860.78 9634.37 15969.6
2178000 1474.57 4860.84 9638.52 15973.9
2179000 1472.32 4856.78 9632.01 15961.1
2180000 1468.88 4837.31 9595.21 15901.4
2181000 1467.22 4824.4 9570.82 15862.4
2182000 1474.76 4851.14 9632.22 15958.1
2183000 1474.72 4849.07 9631.94 15955.7
2184000 1478.29 4872.77 9672.85 16023.9
2185000 1476.62 4873.38 9673.47 16023.5
2186000 1478.78 4886.13 9697.47 16062.4
2187000 1473.29 4858.65 9637.05 15969
2188000 1476.39 4866.86 9653.02 15996.3
2189000 1484.79 4906.36 9735.81 16127
2190000 1483.38 4901.81 9733.86 16119.1
2191000 1485.38 4920.32 9772.83 16178.5
2192000 1484.28 4917.91 9763.87 16166.1
2193000 1482.13 4909.55 9747.08 16138.8
2194000 1483.94 4918.48 9760.64 16163.1
2195000 1488.09 4940.48 9807.72 16236.3
2196000 1499 4992.73 9905.11 16396.8
2197000 1487.5 4946.2 9811.79 16245.5
2198000 1482.06 4923.42 9767.09 16172.6
2199000 1485.98 4949.27 9821.25 16256.5
2200000 1486.9 4961.04 9837.1 16285
2201000 1491.6 4973.55 9860.13 16325.3
2202000 1488.96 4963.16 9840.36 16292.5
2203000 1498.56 4992.22 9901.03 16391.8
2204000 1503.48 4996.35 9912.69 16412.5
2205000 1505.75 5009.18 9937.76 16452.7
2206000 1503.7 5003.09 9920.52 16427.3
2207000 1499.75 4980.57 9874.32 16354.6
2208000 1504.38 4991.72 9898.86 16395
2209000 1506.93 4999.85 9917.15 16423.9
2210000 1514.87 5033.59 9987.82 16536.3
2211000 1515.93 5033.55 9985.39 16534.9
2212000 1508.63 5014.78 9946.84 16470.3
2213000 1511.42 5031.49 9987.57 16530.5
2214000 1520.9 5076.07 10083.4 16680.4
2215000 1513.71 5057.98 10043.8 16615.5
2216000 1511.84 5053.95 10036.3 16602.1
2217000 1519.29 5085.13 10100.4 16704.8
2218000 1516.59 5081.41 10096 16694
2219000 1518.19 5084.59 10105.7 16708.5
2220000 1519.37 5085.82 10109.8 16715
2221000 1516.8 5085.38 10098.7 16700.9
2222000 1520.41 5098.83 10128.6 16747.8
2223000 1515.28 5064.86 10067 16647.1
2224000 1517.35 5069.55 10079.4 16666.3
2225000 1520.72 5080.93 10103 16704.7
2226000 1533.57 5127.9 10202.7 16864.1
2227000 1532.51 5123.68 10195.5 16851.7
2228000 1524.32 5101.43 10148.7 16774.4
2229000 1524.15 5099.13 10149.1 16772.4
2230000 1532.53 5138.48 10226.7 16897.7
2231000 1535.22 5146.87 10248.5 16930.6
2232000 1534.92 5147.66 10250.5 16933.1
2233000 1537.66 5152.99 10259.2 16949.9
2234000 1533.12 5133.75 10218.2 16885.1
2235000 1531.37 5144.38 10237 16912.7
2236000 1537.2 5176.07 10303.3 17016.5
2237000 1534.9 5168.09 10286 16989
2238000 1527.74 5139.81 10229.2 16896.8
2239000 1528.29 5148.83 10242.5 16919.6
2240000 1531.9 5176.1 10296.1 17004.1
2241000 1542.9 5219.81 10382.2 17144.9
2242000 1536.98 5192.35 10328.4 17057.7
2243000 1552.18 5255.49 10460.1 17267.7
2244000 1540.61 5217.96 10382.8 17141.4
2245000 1535.39 5198.93 10350 17084.3
2246000 1538.4 5215.98 10388.5 17142.9
2247000 1533.07 5203.33 10366.9 17103.3
2248000 1534.61 5215.5 10392.9 17143
2249000 1541.19 5256.11 10472.1 17269.4
2250000 1528.88 5215.52 10386.4 17130.8
2251000 1538.39 5257.45 10476 17271.9
2252000 1535.82 5246.42 10459.5 17241.7
2253000 1542.5 5272.17 10514 17328.7
2254000 1543.3 5272.64 10514 17330
2255000 1543.99 5279.72 10535.8 17359.6
2256000 1548.53 5288.9 10559.6 17397.1
2257000 1543.15 5268.24 10516.6 17328
2258000 1534.58 5241.63 10462.8 17239
2259000 1541.24 5275.55 10537.4 17354.2
2260000 1543.16 5294.84 10579.6 17417.6
2261000 1544.96 5303.63 10602.8 17451.4
2262000 1550.02 5320.8 10639.6 17510.4
2263000 1552.49 5329.2 10657.4 17539.1
2264000 1552.44 5337.67 10675.8 17566
2265000 1550.29 5338.91 10681.6 17570.8
2266000 1553.59 5350.63 10708.7 17613
2267000 1546.27 5328.81 10671.2 17546.3
2268000 1549.95 5352.3 10720.4 17622.7
2269000 1549.4 5360.04 10731.2 17640.6
2270000 1543.45 5334.69 10680.9 17559
2271000 1541.28 5329.53 10669.7 17540.5
2272000 1548.61 5365.97 10744.3 17658.9
2273000 1554.69 5384.28 10783.4 17722.4
2274000 1557.72 5402.56 10818.9 17779.2
2275000 1568.29 5434.38 10888.4 17891
2276000 1561.48 5405.65 10832.6 17799.7
2277000 1553.17 5379.17 10774.8 17707.1
2278000 1559.82 5404.82 10829.4 17794
2279000 1556.72 5394.83 10811.3 17762.9
2280000 1556.51 5404.2 10836.6 17797.3
2281000 1562.04 5428.18 10884.6 17874.9
2282000 1563.62 5422.05 10872.8 17858.4
2283000 1559.38 5398.5 10823.2 17781
2284000 1561.94 5411.47 10849.9 17823.4
2285000 1568.72 5437.27 10900.8 17906.8
2286000 1573.5 5455.29 10943.3 17972.1
2287000 1578.58 5479.15 11001.7 18059.4
2288000 1571.79 5446.11 10932.7 17950.6
2289000 1574.08 5460.28 10961.5 17995.9
2290000 1573.3 5459.13 10960.9 17993.3
2291000 1580.39 5495.36 11035.1 18110.8
2292000 1579.55 5505.74 11059.9 18145.2
2293000 1573.89 5485.23 11008.9 18068.1
2294000 1569.84 5468.96 10969.9 18008.7
2295000 1573.34 5488.96 11012.9 18075.2
2296000 1573.06 5488.61 11016.4 18078.1
2297000 1579.22 5505.3 11056.8 18141.3
2298000 1581.18 5521.04 11090.4 18192.6
2299000 1583.41 5530.5 11106.6 18220.5
2300000 1586.55 5550.75 11143.3 18280.6
2301000 1580.22 5541.29 11126.9 18248.4
2302000 1575.88 5522.25 11090.4 18188.5
2303000 1569.94 5500.77 11052.4 18123.1
2304000 1577.45 5543.69 11145.2 18266.4
2305000 1573.7 5524.36 11113 18211
2306000 1579.2 5550 11167 18296.2
2307000 1581.21 5572.8 11212.3 18366.4
2308000 1576.74 5554.6 11176.9 18308.2
2309000 1580.18 5569.21 11207.4 18356.8
2310000 1578.64 5560.87 11197.9 18337.5
2311000 1578.42 5555.7 11191.3 18325.4
2312000 1588.06 5588.96 11258.7 18435.8
2313000 1583.61 5565.99 11214.1 18363.7
2314000 1590.59 5596.29 11277.4 18464.2
2315000 1598.09 5634.63 11358.6 18591.3
2316000 1587.39 5584.66 11259.6 18431.7
2317000 1585.31 5582.97 11249.1 18417.4
2318000 1583.35 5578.18 11238.4 18399.9
2319000 1576.9 5557.44 11196 18330.3
2320000 1588.79 5623.59 11333.1 18545.5
2321000 1594.5 5648.25 11387.9 18630.7
2322000 1589.8 5625.6 11340.6 18556
2323000 1590.85 5635.74 11361.2 18587.8
2324000 1592.91 5642.39 11377.7 18613
2325000 1591.65 5644.28 11383.4 18619.4
2326000 1593.2 5647.2 11393.8 18634.2
2327000 1593.21 5654.34 11409.2 18656.8
2328000 1590.91 5640.01 11381.8 18612.7
2329000 1593.77 5654.01 11411.6 18659.3
2330000 1596.32 5671.47 11452.2 18720
2331000 1597.54 5693.39 11499 18789.9
2332000 1603.02 5712.55 11542.5 18858
2333000 1601.88 5716.4 11549.5 18867.8
2334000 1602.12 5728.52 11574.2 18904.9
2335000 1602.37 5734.53 11588.6 18925.5
2336000 1596.48 5717.32 11552.2 18866.1
2337000 1593.51 5709.89 11532.6 18836
2338000 1600.34 5734.55 11589.7 18924.6
2339000 1598.5 5727.2 11577.4 18903.1
2340000 1594.43 5714.81 11547 18856.2
2341000 1592.97 5710.4 11531.6 18835
2342000 1596.11 5722.78 11562.3 18881.2
2343000 1608 5787.62 11691.8 19087.4
2344000 1601.61 5773.34 11661.2 19036.1
2345000 1601.86 5773.78 11654.5 19030.1
2346000 1601.33 5772.61 11659.8 19033.7
2347000 1592.61 5743.39 11603.6 18939.6
2348000 1606.55 5810.26 11742.3 19159.2
2349000 1608.96 5817.53 11759.1 19185.6
2350000 1608.09 5813.97 11754.5 19176.5
2351000 1602.63 5798.72 11720.3 19121.6
2352000 1594.52 5772.35 11664.3 19031.2
2353000 1593.22 5766.04 11650.6 19009.9
2354000 1605.57 5818.33 11758.1 19182
2355000 1617.17 5878.81 11884.9 19380.9
2356000 1610.25 5852.08 11834 19296.4
2357000 1608.04 5838.02 11808.9 19255
2358000 1601.95 5822.33 11771.9 19196.1
2359000 1612.01 5860.31 11848.8 19321.1
2360000 1617.75 5879.97 11890.8 19388.5
2361000 1616.78 5878.62 11888 19383.4
2362000 1614 5863.85 11858.1 19335.9
2363000 1608.56 5844.32 11819.5 19272.4
2364000 1607.17 5845.47 11824.3 19276.9
2365000 1605.11 5839.05 11820.5 19264.7
2366000 1616.31 5887.54 11924 19427.8
2367000 1619.78 5899.55 11944.2 19463.5
2368000 1619.44 5900.41 11946.6 19466.4
2369000 1626.53 5931.01 12007.8 19565.3
2370000 1628.53 5933.06 12007.9 19569.5
2371000 1629.89 5938.7 12023 19591.5
2372000 1635.53 5970.59 12089.4 19695.6
2373000 1633.13 5966.9 12083.5 19683.5
2374000 1629.53 5950.91 12056.5 19637
2375000 1636.44 5976.59 12115.6 19728.7
2376000 1628.3 5933.18 12026 19587.4
2377000 1631.07 5954.24 12070.8 19656.1
2378000 1633.77 5972.06 12109 19714.9
2379000 1633.61 5975.16 12113 19721.8
2380000 1626.74 5941.38 12041.4 19609.5
2381000 1633.09 5970.12 12098.9 19702.1
2382000 1642.59 6010.69 12179.1 19832.4
2383000 1644.13 6028.06 12217.3 19889.4
2384000 1638.86 6005.35 12171.9 19816.1
2385000 1649.78 6042.07 12254.4 19946.2
2386000 1648.11 6022.47 12214.7 19885.3
2387000 1650.63 6030.57 12231.1 19912.3
2388000 1641.56 6007.32 12180.8 19829.7
2389000 1642.69 6020.43 12208.8 19871.9
2390000 1648.37 6043.68 12256.1 19948.2
2391000 1650.1 6039.87 12245.1 19935
2392000 1659.4 6079.25 12322.7 20061.4
2393000 1655.81 6066.73 12293.3 20015.8
2394000 1664.6 6111.12 12384.5 20160.3
2395000 1662.88 6089.49 12343.2 20095.5
2396000 1664.42 6096.53 12363.6 20124.5
2397000 1675.87 6144.4 12467.7 20287.9
2398000 1670.7 6118.13 12417.4 20206.2
2399000 1667.54 6094.18 12373.1 20134.9
2400000 1670.96 6115.77 12413.5 20200.2
2401000 1672.67 6118.18 12415.9 20206.8
2402000 1670.8 6105.59 12390.7 20167.1
2403000 1672.75 6109.89 12398.8 20181.4
2404000 1676.49 6126.09 12428.9 20231.5
2405000 1677.98 6138.22 12449.4 20265.6
2406000 1682.75 6168.52 12506.9 20358.2
2407000 1683.84 6172.35 12518.4 20374.6
2408000 1683.22 6173.69 12521.7 20378.6
2409000 1677.1 6154.14 12478.9 20310.2
2410000 1677.02 6148.07 12463.3 20288.4
2411000 1674.99 6146.94 12461.1 20283.1
2412000 1687.74 6215.54 12605.5 20508.8
2413000 1685.83 6218.99 12616.1 20521
2414000 1683.2 6213.21 12609.3 20505.7
2415000 1678.63 6198.98 12584.3 20461.9
2416000 1677.73 6198.61 12582.9 20459.3
2417000 1678.7 6208.57 12602.8 20490
2418000 1676.73 6206.02 12593.8 20476.6
2419000 1681.47 6233.64 12648 20563.1
2420000 1682.59 6244.14 12667.8 20594.5
2421000 1681.96 6245.73 12673.9 20601.6
2422000 1684.58 6249.5 12686.7 20620.7
2423000 1688.22 6262.38 12713.3 20663.9
2424000 1685.45 6255.23 12698.1 20638.8
2425000 1684.81 6248.36 12686.9 20620.1
2426000 1687.59 6266.67 12726 20680.3
2427000 1685.48 6264.34 12725.5 20675.4
2428000 1692.06 6293.98 12789.5 20775.5
2429000 1688.84 6274.74 12753.8 20717.3
2430000 1687.28 6273.87 12750.9 20712.1
2431000 1684.8 6273 12746.5 20704.3
2432000 1684.77 6273.36 12746.6 20704.7
2433000 1687.1 6281.86 12764.6 20733.5
2434000 1695.01 6319.34 12847.3 20861.7
2435000 1696.06 6322.13 12856.3 20874.5
2436000 1692.46 6309.32 12831.1 20832.8
2437000 1697.55 6333.06 12877 20907.6
2438000 1702.82 6343.04 12889.1 20935
2439000 1696.84 6313.01 12820.8 20830.7
2440000 1698.31 6327.19 12848.3 20873.8
2441000 1706.6 6360.7 12925.4 20992.7
2442000 1710.47 6368.37 12936.1 21014.9
2443000 1711.27 6360 12917.4 20988.6
2444000 1721.15 6393.24 12989.2 21103.5
2445000 1722.43 6402.4 13008.7 21133.6
2446000 1725.67 6423.52 13054.1 21203.3
2447000 1716.97 6384.51 12970.5 21072
2448000 1721.24 6402.01 13005.1 21128.3
2449000 1722.88 6414.54 13030.6 21168.1
2450000 1724.84 6426.64 13056.1 21207.5
2451000 1719.4 6412.18 13027.6 21159.2
2452000 1721.15 6417.61 13042.2 21181
2453000 1732.47 6476.91 13163.4 21372.8
2454000 1722.64 6430.24 13062.8 21215.7
2455000 1723.51 6429.42 13060.6 21213.5
2456000 1729.02 6450.74 13106.6 21286.4
2457000 1730.56 6464.98 13139.4 21335
2458000 1729.42 6460.57 13130.1 21320.1
2459000 1737.2 6493.53 13198.3 21429
2460000 1740.27 6498.11 13215.1 21453.5
2461000 1743.56 6500.59 13228.5 21472.6
2462000 1741.86 6497.97 13223.6 21463.4
2463000 1744.71 6513.61 13253.6 21511.9
2464000 1747.75 6524.76 13280.7 21553.2
2465000 1747.74 6516.79 13264 21528.5
2466000 1745.41 6510.35 13245 21500.7
2467000 1755.82 6552.04 13333.2 21641
2468000 1757.11 6558.13 13344 21659.2
2469000 1758.77 6563.63 13356.7 21679.1
2470000 1762.55 6570.6 13378.6 21711.7
2471000 1753.03 6527.79 13292.4 21573.2
2472000 1748.37 6513.87 13256.5 21518.7
2473000 1756.58 6564.07 13361.8 21682.4
2474000 1760.02 6585.79 13408.2 21754
2475000 1752.85 6555.15 13345.5 21653.5
2476000 1759.03 6585.93 13412.3 21757.3
2477000 1770.25 6642.8 13531.2 21944.3
2478000 1767.84 6629.11 13503.5 21900.5
2479000 1763.16 6611.02 13464.5 21838.7
2480000 1763.42 6620.15 13480.4 21864
2481000 1756.04 6572.15 13382.6 21710.8
2482000 1766.59 6603.7 13446.8 21817
2483000 1772.91 6648.66 13538 21959.5
2484000 1773.96 6652.42 13547.1 21973.5
2485000 1775.51 6655.42 13554 21984.9
2486000 1782.6 6693.92 13636.5 22113
2487000 1780.2 6688.08 13623.3 22091.6
2488000 1777.04 6678.13 13602.2 22057.4
2489000 1774.87 6681.78 13605.7 22062.3
2490000 1776.78 6688.04 13614.8 22079.6
2491000 1780.78 6712.49 13659.8 22153.1
2492000 1774.39 6690.4 13617.1 22081.9
2493000 1776.55 6696.41 13633.5 22106.5
2494000 1779.13 6699.84 13643.7 22122.6
2495000 1786.24 6727.59 13703.2 22217.1
2496000 1786.34 6727.05 13704.4 22217.8
2497000 1787.24 6724.31 13707 22218.6
2498000 1795.15 6757.22 13776 22328.4
2499000 1789.89 6744.13 13748.7 22282.8
2500000 1781.87 6705.6 13666.7 22154.1
2501000 1789.03 6730.88 13725.4 22245.3
2502000 1796.52 6770.86 13813.2 22380.6
2503000 1788.73 6738.1 13749.6 22276.5
2504000 1783.74 6717.24 13704.5 22205.5
2505000 1794.13 6778.5 13828.4 22401
2506000 1789.44 6764.38 13795.5 22349.4
2507000 1790.11 6774.58 13818.6 22383.3
2508000 1796.59 6811.6 13898.4 22506.5
2509000 1791.31 6791.26 13859.8 22442.3
2510000 1794.7 6809.86 13903.2 22507.7
2511000 1788.76 6782.39 13845.8 22417
2512000 1786.54 6765.92 13811.5 22363.9
2513000 1792.13 6784.83 13846.3 22423.3
2514000 1803.3 6841.49 13963.1 22607.9
2515000 1801.14 6836.05 13950.7 22587.9
2516000 1804.06 6854.88 13987.4 22646.3
2517000 1799.79 6837.19 13950 22586.9
2518000 1799.5 6833.04 13939.6 22572.1
2519000 1800.76 6835.09 13944.3 22580.2
2520000 1812.46 6894.08 14066.8 22773.4
2521000 1809.04 6875.79 14033.4 22718.2
2522000 1810.4 6879.78 14041.3 22731.5
2523000 1807.06 6865.92 14018 22691
2524000 1810.44 6888.54 14069.3 22768.3
2525000 1815.11 6908.84 14116.7 22840.7
2526000 1810.03 6889.83 14073.5 22773.4
2527000 1811.42 6907.97 14113.6 22833
2528000 1810.25 6913.27 14120.4 22843.9
2529000 1807.98 6897.96 14091.8 22797.7
2530000 1814.2 6920.95 14139.5 22874.7
2531000 1822.42 6967.78 14236.5 23026.7
2532000 1828.84 7000.81 14311.4 23141.1
2533000 1821.38 6962.42 14230.9 23014.7
2534000 1822.12 6970.97 14247.5 23040.6
2535000 1819.84 6966.38 14238.3 23024.5
2536000 1818.25 6957.72 14228 23003.9
2537000 1816.63 6958.79 14234.1 23009.6
2538000 1818.72 6966.83 14254.4 23040
2539000 1815.75 6961.95 14238.4 23016
2540000 1825.84 7001.99 14321 23148.8
2541000 1825.28 6997.57 14317.5 23140.3
2542000 1836.4 7050.67 14429.5 23316.5
2543000 1835.89 7043.8 14408.9 23288.6
2544000 1839.47 7062.69 14445 23347.1
2545000 1836.47 7049.95 14422.9 23309.3
2546000 1839.34 7060.4 14450.4 23350.1
2547000 1835.92 7042.22 14414.1 23292.2
2548000 1838.77 7048.73 14425.9 23313.4
2549000 1828.84 7009.52 14341.1 23179.4
2550000 1834.19 7040.84 14406.4 23281.4
2551000 1843.14 7079.24 14486.5 23408.9
2552000 1839.3 7053.89 14434.2 23327.3
2553000 1842.75 7064.29 14459.4 23366.5
2554000 1839.6 7041.11 14409.7 23290.4
2555000 1842.93 7053.87 14435 23331.8
2556000 1852.85 7109.51 14545.9 23508.3
2557000 1863.15 7144.15 14620.3 23627.6
2558000 1867.96 7155.12 14640.2 23663.2
2559000 1862.04 7133.67 14598.5 23594.3
2560000 1860.73 7123.52 14574.7 23558.9
2561000 1862.45 7117.54 14568.6 23548.6
2562000 1865.69 7122.23 14578.4 23566.4
2563000 1861.69 7118.09 14563.7 23543.5
2564000 1871.31 7171.72 14671.7 23714.7
2565000 1865.47 7152.61 14626.1 23644.2
2566000 1863.56 7129.97 14578.1 23571.6
2567000 1874.87 7194.23 14712.4 23781.5
2568000 1870.48 7203.51 14722.3 23796.3
2569000 1872.49 7208.07 14732.7 23813.2
2570000 1873.83 7204.87 14723.5 23802.2
2571000 1872.43 7195.69 14706 23774.1
2572000 1882.24 7231.29 14781.6 23895.2
2573000 1877.88 7221.3 14762.4 23861.5
2574000 1876.46 7219.68 14763.6 23859.8
2575000 1873.83 7215.87 14759.4 23849.1
2576000 1870.74 7213.58 14748.1 23832.4
2577000 1871.05 7200.63 14726 23797.7
2578000 1882 7249.1 14826.8 23957.9
2579000 1888.47 7277.84 14887.3 24053.7
2580000 1883.31 7258.28 14847.2 23988.8
2581000 1885.41 7280.51 14897.5 24063.5
2582000 1884.6 7282.16 14902.6 24069.4
2583000 1880.97 7265.64 14869.8 24016.4
2584000 1884.86 7281 14900.1 24066
2585000 1886.25 7292.44 14929.2 24107.9
2586000 1890.68 7308.51 14971 24170.1
2587000 1893.3 7332.28 15025.8 24251.3
2588000 1894.34 7339.54 15039.4 24273.2
2589000 1900.77 7372.19 15115.6 24388.6
2590000 1888.85 7325.71 15020.6 24235.2
2591000 1890.56 7340.31 15054 24284.8
2592000 1896.64 7369.22 15116.5 24382.3
2593000 1895.8 7346.77 15077 24319.6
2594000 1896.95 7340.09 15060.8 24297.9
2595000 1902.26 7372.23 15125.7 24400.2
2596000 1905.62 7388.02 15155.9 24449.5
2597000 1903.73 7385.57 15151.1 24440.4
2598000 1910.71 7424.81 15236.4 24571.9
2599000 1908.16 7422.41 15230.6 24561.2
2600000 1907.52 7421.53 15228.2 24557.2
