# Time-averaged data for fix thermo_avg_npt
# TimeStep v_epsilon_co v_temp v_press v_pe v_ke v_etotal v_vol v_dens
101000 0 300.887 -120.609 -20322.3 3366.02 -16956.3 54136 1.05379
102000 0 300.08 198.742 -20344.1 3356.99 -16987.1 53857.9 1.05922
103000 0 300.558 349.025 -20349.4 3362.33 -16987.1 53743.8 1.06148
104000 0 299.824 -342.262 -20362.2 3354.13 -17008.1 54270.3 1.05118
105000 0 301.689 101.941 -20374.7 3374.99 -16999.7 53882.9 1.05874
106000 0 299.629 -2.34002 -20355.4 3351.94 -17003.4 53523.7 1.06584
107000 0 302.34 268.929 -20362.5 3382.27 -16980.2 53357.2 1.06916
108000 0 301.378 375.555 -20311.7 3371.51 -16940.2 53565.6 1.06501
109000 0 299.221 -194.306 -20345.6 3347.38 -16998.2 53901 1.05838
110000 0 299.063 294.002 -20384.3 3345.61 -17038.7 53684.4 1.06265
111000 0 300.402 -86.1333 -20364 3360.59 -17003.4 53641.5 1.0635
112000 0 300.222 -146.342 -20270.6 3358.58 -16912.1 53836.7 1.05964
113000 0 298.834 -182.699 -20317.4 3343.05 -16974.4 53751.9 1.06131
114000 0 299.794 246.235 -20308.4 3353.79 -16954.6 53712.9 1.06208
115000 0 300.462 34.7494 -20342 3361.27 -16980.8 53901.1 1.05837
116000 0 302.093 48.9397 -20364.8 3379.51 -16985.3 53813.4 1.0601
117000 0 298.848 -380.166 -20345.3 3343.2 -17002.1 53984 1.05675
118000 0 298.747 389.365 -20356.3 3342.07 -17014.2 53727.8 1.06179
119000 0 300.545 -259.922 -20333.3 3362.2 -16971.1 53996 1.05651
120000 0 299.333 143.114 -20408.5 3348.64 -17059.9 53455.5 1.06721
121000 0 299.148 150.544 -20414.9 3346.56 -17068.4 53534.7 1.06564
122000 0 300.005 -131.911 -20341.4 3356.15 -16985.2 54323.4 1.05015
123000 0 299.623 -108.392 -20368.4 3351.87 -17016.5 54172.5 1.05308
124000 0 300.483 -99.8114 -20378.2 3361.5 -17016.7 53789.6 1.06057
125000 0 300.049 116.806 -20401.6 3356.65 -17044.9 53476.9 1.06677
126000 0 300.5 10.9616 -20368.9 3361.69 -17007.2 53685.4 1.06263
127000 0 298.857 -46.1816 -20336.1 3343.3 -16992.8 54216 1.05223
128000 0 300.558 165.341 -20341.5 3362.34 -16979.2 54097.7 1.05453
129000 0 298.278 55.7665 -20268.6 3336.83 -16931.7 53956.5 1.05729
130000 0 301.365 -93.6586 -20346.4 3371.37 -16975 53789.8 1.06056
131000 0 298.958 264.116 -20358.4 3344.44 -17014 53718.1 1.06198
132000 0 300.012 186.617 -20319.3 3356.23 -16963 54115.5 1.05419
133000 0 300.832 -347.149 -20365.8 3365.4 -17000.4 54302.2 1.05056
134000 0 298.99 -5.79071 -20355.8 3344.8 -17011 53829.8 1.05979
135000 0 299.095 66.2009 -20342.8 3345.96 -16996.8 53554.8 1.06522
136000 0 299.956 -70.1501 -20317.7 3355.6 -16962.1 54068.1 1.05511
137000 0 300.413 -391.904 -20301 3360.71 -16940.3 54216.9 1.05221
138000 0 298.982 320.92 -20347.5 3344.71 -17002.8 53586 1.06463
139000 0 301.027 163.418 -20371.4 3367.59 -17003.9 53129.5 1.07375
140000 0 298.969 -140.215 -20311 3344.56 -16966.4 53814.3 1.06009
141000 0 300.542 -223.462 -20350.4 3362.16 -16988.2 54092.8 1.05463
142000 0 299.255 292.993 -20340.7 3347.76 -16992.9 53769.3 1.06097
143000 0 300.527 89.8527 -20336.9 3361.99 -16974.9 53731.5 1.06172
144000 0 300.896 -68.1576 -20331.2 3366.11 -16965.1 53784.4 1.06068
145000 0 300.82 -108.546 -20353.1 3365.27 -16987.8 54298.6 1.05063
146000 0 301.233 -330.524 -20361.9 3369.88 -16992 54126.7 1.05397
147000 0 298.466 164.825 -20385.6 3338.93 -17046.7 53470 1.06691
148000 0 298.61 93.2133 -20313.5 3340.55 -16973 53791.3 1.06056
149000 0 298.831 -182.964 -20289.3 3343.02 -16946.3 54232.5 1.05191
150000 0 299.113 344.009 -20360.3 3346.17 -17014.1 53887.1 1.05865
151000 0 300.242 -71.1622 -20388.4 3358.8 -17029.6 53963.4 1.05715
152000 0 301.496 -23.3298 -20331 3372.83 -16958.2 53810 1.06017
153000 0 298.799 -111.787 -20335.2 3342.66 -16992.5 53797.4 1.06041
154000 0 301.846 233.17 -20290.2 3376.74 -16913.4 54007.7 1.05629
155000 0 299.661 40.6269 -20305.1 3352.3 -16952.8 54180.5 1.05292
156000 0 301.257 -182.96 -20384.9 3370.15 -17014.7 53721.9 1.06192
157000 0 299.147 233.864 -20347.3 3346.56 -17000.7 53359.1 1.06913
158000 0 299.625 -83.2265 -20298.7 3351.9 -16946.8 54051 1.05547
159000 0 298.918 -107.497 -20313.8 3343.99 -16969.8 54293.9 1.05072
160000 0 301.275 187.052 -20363 3370.35 -16992.7 53871.4 1.05896
161000 0 298.627 -85.0566 -20344.4 3340.73 -17003.7 54169.4 1.05313
162000 0 297.011 -116.123 -20320.8 3322.65 -16998.2 54028.3 1.05589
163000 0 300.37 161.001 -20332.4 3360.23 -16972.2 53595.1 1.06442
164000 0 297.645 -115.85 -20324.4 3329.75 -16994.7 53810.8 1.06015
165000 0 300.784 -55.0751 -20391.2 3364.86 -17026.4 53940.8 1.0576
166000 0 299.783 -135.798 -20345.1 3353.66 -16991.4 54023.4 1.05598
167000 0 298.544 102.278 -20376.7 3339.8 -17036.9 54142.8 1.05365
168000 0 300.78 -268.062 -20303 3364.82 -16938.2 54104.3 1.0544
169000 0 300.898 66.0507 -20361.9 3366.14 -16995.7 53516.6 1.06599
170000 0 299.29 -97.8279 -20372.1 3348.16 -17024 53668.2 1.06299
171000 0 300.819 -61.6984 -20332.6 3365.26 -16967.3 54218.4 1.05218
172000 0 301.051 50.9766 -20322.5 3367.85 -16954.7 54155.7 1.0534
173000 0 300.376 34.2653 -20354 3360.3 -16993.7 54218.6 1.05218
174000 0 302.192 19.7261 -20265.6 3380.61 -16885 54329.6 1.05003
175000 0 300.286 -135.724 -20321.1 3359.29 -16961.8 54420.7 1.04827
176000 0 299.027 -210.045 -20334.6 3345.21 -16989.4 54358.7 1.04947
177000 0 299.682 73.9924 -20343.7 3352.54 -16991.2 53759.5 1.06119
178000 0 299.112 54.6771 -20377.6 3346.16 -17031.4 53575.3 1.06482
179000 0 300.539 -318.305 -20273.9 3362.12 -16911.8 53864 1.05911
180000 0 300.307 269.463 -20343.1 3359.53 -16983.6 53482.5 1.06666
181000 0 301.206 -315.726 -20346 3369.58 -16976.4 53970.3 1.05703
182000 0 300.538 190.748 -20334.9 3362.11 -16972.8 53962.1 1.05719
183000 0 300.024 326.003 -20386.2 3356.37 -17029.8 53426.7 1.06777
184000 0 299.837 116.098 -20366.2 3354.27 -17011.9 53609.9 1.06412
185000 0 298.993 -114.29 -20259.6 3344.83 -16914.8 53572.6 1.06486
186000 0 298.879 17.5369 -20309.4 3343.56 -16965.8 53563.8 1.06504
187000 0 299.854 -42.3614 -20355.2 3354.46 -17000.7 53582.6 1.06467
188000 0 299.939 -16.4126 -20384.6 3355.41 -17029.2 53819.4 1.05998
189000 0 300.6 46.1646 -20375.2 3362.81 -17012.4 53875.9 1.05887
190000 0 299.869 -62.6761 -20360.2 3354.63 -17005.6 53983.1 1.05677
191000 0 300.861 64.5594 -20367.1 3365.73 -17001.3 53836.9 1.05964
192000 0 301.087 -63.3727 -20365.7 3368.26 -16997.5 53409 1.06813
193000 0 300.403 276.001 -20356 3360.6 -16995.4 53605.3 1.06424
194000 0 300.491 -140.093 -20340.9 3361.59 -16979.3 54131.1 1.05388
195000 0 299.435 135.207 -20349.9 3349.78 -17000.1 53757.5 1.06121
196000 0 301.568 378.543 -20340.7 3373.64 -16967.1 53695.6 1.06244
197000 0 298.269 -14.9083 -20235.8 3336.73 -16899.1 54260.9 1.05136
198000 0 301.053 -215.682 -20344 3367.88 -16976.2 53828.4 1.05981
199000 0 299.814 54.6145 -20377.1 3354.01 -17023.1 53406.5 1.06818
200000 0 300.258 107.553 -20338.2 3358.98 -16979.2 53411.6 1.06807
201000 0 301.639 75.4655 -20281.8 3374.43 -16907.4 53962.2 1.05718
202000 0 298.953 1.53331 -20322.6 3344.38 -16978.3 54044.6 1.05556
203000 0 300.828 19.4857 -20305.1 3365.36 -16939.8 54197.8 1.05258
204000 0 299.266 -115.486 -20381.2 3347.89 -17033.3 53861 1.05918
205000 0 298.144 57.559 -20387.5 3335.33 -17052.1 53879.3 1.05882
206000 0 299.851 -242.619 -20335.1 3354.43 -16980.6 54372.8 1.04919
207000 0 299.174 -50.8488 -20389 3346.85 -17042.2 53965.4 1.05712
208000 0 301.626 96.7387 -20360.7 3374.28 -16986.4 53782.7 1.0607
209000 0 298.983 144.697 -20409.1 3344.71 -17064.4 53885.1 1.05869
210000 0 298.615 -216.593 -20359.7 3340.6 -17019.1 54231.9 1.05192
211000 0 297.94 145.538 -20352.8 3333.05 -17019.8 54086.5 1.05475
212000 0 300.123 88.6091 -20339.5 3357.47 -16982 53897.5 1.05844
213000 0 300.871 -14.9224 -20400.8 3365.83 -17034.9 53730 1.06174
214000 0 301.606 -194.165 -20343.7 3374.06 -16969.6 53821.4 1.05994
215000 0 300.556 -130.917 -20371.1 3362.31 -17008.8 53970.2 1.05702
216000 0 300.01 144.386 -20366.6 3356.2 -17010.4 53818.9 1.06
217000 0 301.274 -84.6306 -20348.7 3370.34 -16978.4 54285.8 1.05087
218000 0 301.584 -42.9735 -20307.6 3373.82 -16933.8 54076.3 1.05496
219000 0 299.95 465.719 -20380.1 3355.54 -17024.5 53542.7 1.06546
220000 0 299.9 -197.647 -20347.3 3354.98 -16992.3 54011 1.05623
221000 0 299.687 -13.3137 -20362.4 3352.59 -17009.8 54256.3 1.05145
222000 0 297.756 241.782 -20347.1 3330.99 -17016.1 53692.3 1.0625
223000 0 300.724 197.323 -20369.2 3364.19 -17005.1 53542.4 1.06547
224000 0 300.237 152.144 -20339.4 3358.75 -16980.7 53921.9 1.05797
225000 0 299.896 -396.855 -20346.4 3354.93 -16991.5 54260.1 1.05137
226000 0 300.545 147.62 -20383.6 3362.2 -17021.4 53737.7 1.0616
227000 0 300.194 -135.781 -20355.9 3358.27 -16997.7 53789.6 1.06057
228000 0 297.721 9.77764 -20325.6 3330.59 -16995 54087.5 1.05473
229000 0 300.383 49.6978 -20303.2 3360.38 -16942.9 53997.9 1.05648
230000 0 300.447 59.8896 -20297.6 3361.1 -16936.5 53644.8 1.06343
231000 0 302.073 327.523 -20350.3 3379.28 -16971.1 53683.6 1.06267
232000 0 301.778 -165.319 -20383.1 3375.99 -17007.1 53898.9 1.05842
233000 0 300.349 49.8786 -20370.8 3360 -17010.8 53542.1 1.06548
234000 0 300.743 -211.168 -20391.8 3364.4 -17027.4 53274.9 1.07081
235000 0 300.145 60.1653 -20385.5 3357.72 -17027.8 53608.4 1.06417
236000 0 299.075 -169.549 -20326.2 3345.75 -16980.5 54491.1 1.04693
237000 0 299.569 -222.703 -20394.7 3351.28 -17043.4 54443.9 1.04783
238000 0 300.958 454.483 -20392.1 3366.81 -17025.3 53999.2 1.05645
239000 0 300.638 -298.357 -20360.7 3363.23 -16997.5 54077.7 1.05492
240000 0 299.265 297.32 -20308.2 3347.87 -16960.3 53747.3 1.06141
241000 0 301.177 233.614 -20334.2 3369.26 -16964.9 53885.1 1.0587
242000 0 299.079 19.5908 -20285.6 3345.79 -16939.9 54391.8 1.04883
243000 0 300.098 285.592 -20325.5 3357.19 -16968.3 53817.8 1.06002
244000 0 298.714 80.3377 -20352.7 3341.71 -17011 53813.7 1.0601
245000 0 300.734 -75.718 -20353.6 3364.3 -16989.3 54118.1 1.05413
246000 0 301.115 185.429 -20280.1 3368.57 -16911.5 53619 1.06396
247000 0 299.93 93.222 -20298.5 3355.31 -16943.2 53395.3 1.0684
248000 0 299.482 63.2781 -20308.4 3350.3 -16958.1 53909.1 1.05822
249000 0 299.782 -160.101 -20296.1 3353.65 -16942.4 54373.5 1.04918
250000 0 299.282 -106.877 -20349.4 3348.06 -17001.4 54311 1.05039
251000 0 300.247 105.207 -20405 3358.85 -17046.2 53941.2 1.05759
252000 0 299.702 -275.953 -20416.6 3352.75 -17063.8 54146.8 1.05357
253000 0 298.494 -36.6581 -20367 3339.25 -17027.7 54570.8 1.04539
254000 0 300.858 110.672 -20324.6 3365.69 -16958.9 54495 1.04684
255000 0 301 153.556 -20382.8 3367.28 -17015.5 53950.8 1.0574
256000 0 299.979 -105.276 -20342.9 3355.86 -16987.1 54068.2 1.0551
257000 0 300.792 -125.919 -20335.3 3364.95 -16970.4 53737.4 1.0616
258000 0 298.842 437.239 -20391.1 3343.14 -17048 53300.1 1.07031
259000 0 299.253 -195.335 -20359.8 3347.74 -17012 53867.3 1.05906
260000 0 299.847 134.86 -20360.2 3354.39 -17005.8 54092.3 1.05463
261000 0 301.373 -21.9808 -20483 3371.45 -17111.6 53930.7 1.05779
262000 0 301.999 18.2395 -20438.6 3378.45 -17060.1 54059.2 1.05528
263000 0 299.454 -45.7722 -20363.7 3349.99 -17013.7 54691.8 1.04308
264000 0 299.709 -53.1347 -20419.9 3352.84 -17067 54370.8 1.04924
265000 0 300.475 178.249 -20371.9 3361.4 -17010.5 53862.8 1.05913
266000 0 300.472 233.82 -20360.6 3361.37 -16999.2 53855.6 1.05927
267000 0 301.206 -382.06 -20353.4 3369.59 -16983.8 54021.3 1.05602
268000 0 297.38 73.2629 -20361.1 3326.79 -17034.3 53930.1 1.05781
269000 0 298.602 148.49 -20364.4 3340.46 -17023.9 53831 1.05976
270000 0 300.697 70.1869 -20312.6 3363.89 -16948.7 54288.3 1.05083
271000 0 300.574 104.72 -20277 3362.52 -16914.5 54039.4 1.05567
272000 0 299.313 153.618 -20332 3348.41 -16983.6 53574.1 1.06483
273000 0 302.144 191.625 -20387.3 3380.08 -17007.3 53602.8 1.06427
274000 0 298.576 -355.392 -20391.9 3340.16 -17051.8 54136.6 1.05378
275000 0 300.344 -113.352 -20398.4 3359.94 -17038.5 54312.7 1.05035
276000 0 299.407 -59.1655 -20387.7 3349.46 -17038.2 53951.9 1.05738
277000 0 298.031 303.618 -20437.8 3334.07 -17103.7 53786.1 1.06064
278000 0 299.724 43.9367 -20434.4 3353.01 -17081.4 53957.1 1.05727
279000 0 298.985 153.27 -20355.6 3344.74 -17010.9 53888.7 1.05862
280000 0 298.706 99.2513 -20372.4 3341.62 -17030.8 53604.2 1.06424
281000 0 300.33 24.4836 -20367.2 3359.78 -17007.4 53588.9 1.06454
282000 0 298.983 42.9492 -20342.3 3344.72 -16997.6 53801 1.06034
283000 0 298.971 63.6113 -20355 3344.58 -17010.4 53665.7 1.06302
284000 0 301.601 372.404 -20364 3374.01 -16990 53552.2 1.06527
285000 0 301.05 -120.179 -20274.1 3367.84 -16906.3 53923.5 1.05794
286000 0 301.038 -330.399 -20329.9 3367.7 -16962.2 54123.4 1.05403
287000 0 301.179 161.305 -20377.9 3369.28 -17008.6 53704.7 1.06225
288000 0 298.685 258.724 -20410.3 3341.38 -17069 53748.1 1.06139
289000 0 299.774 -264.614 -20375.2 3353.57 -17021.7 54066.7 1.05513
290000 0 299.92 81.4067 -20317.5 3355.2 -16962.3 53700.3 1.06234
291000 0 300.081 264.148 -20326.4 3357 -16969.4 53528.9 1.06573
292000 0 300.161 -176.451 -20318.6 3357.9 -16960.7 54001.2 1.05641
293000 0 298.244 94.0846 -20368.6 3336.44 -17032.2 53786.7 1.06063
294000 0 298.828 -184.164 -20346 3342.98 -17003 53873.3 1.05892
295000 0 298.946 97.8816 -20396.4 3344.3 -17052.1 53614.7 1.06403
296000 0 302.382 -5.66213 -20319.7 3382.74 -16936.9 53793 1.06051
297000 0 299.724 -171.045 -20339.9 3353 -16986.9 54331.3 1.04999
298000 0 300.322 237.876 -20337.5 3359.69 -16977.8 53885.2 1.05871
299000 0 298.448 -97.9124 -20318.4 3338.73 -16979.7 53722.9 1.06189
300000 0 299.873 30.2176 -20400 3354.68 -17045.3 53919.4 1.05801
301000 0 301.822 8.5736 -20337.7 3376.48 -16961.3 53953.3 1.05736
302000 0 297.622 10.0669 -20364 3329.49 -17034.5 53859.9 1.0592
303000 0 301.379 -53.0637 -20358.1 3371.52 -16986.5 53687.8 1.06259
304000 0 300.667 -63.428 -20368.6 3363.55 -17005.1 53777.9 1.06083
305000 0 299.156 -116.422 -20371.2 3346.65 -17024.5 54373.3 1.04921
306000 0 300.314 -271.855 -20368.6 3359.61 -17009 54242.9 1.05171
307000 0 300.875 146.928 -20389.8 3365.88 -17024 53852.1 1.05934
308000 0 299.939 -35.0889 -20392.2 3355.41 -17036.8 53976.5 1.05691
309000 0 301.638 210.943 -20337.6 3374.42 -16963.2 53948.4 1.05751
310000 0 299.278 -9.76227 -20295.4 3348.01 -16947.3 53519.8 1.06601
311000 0 299.867 88.9718 -20305.7 3354.61 -16951.1 53881.6 1.05876
312000 0 300.321 6.48823 -20322.2 3359.69 -16962.5 53731.1 1.06173
313000 0 299.856 62.283 -20305.8 3354.49 -16951.3 53922.3 1.05796
314000 0 300.836 165.445 -20320.7 3365.44 -16955.2 53789.5 1.06058
315000 0 302.023 131.081 -20339.2 3378.73 -16960.5 53499.9 1.06632
316000 0 299.245 77.7367 -20412.3 3347.65 -17064.7 53511.8 1.0661
317000 0 299.59 126.371 -20406.6 3351.51 -17055.1 53810.9 1.06021
318000 0 299.834 -61.7461 -20368.3 3354.24 -17014.1 53892.2 1.05858
319000 0 301.222 -162.924 -20375.8 3369.77 -17006.1 54396.3 1.04874
320000 0 300.024 -110.866 -20350.9 3356.37 -16994.5 53746.6 1.06143
321000 0 299.627 -51.3852 -20371.6 3351.92 -17019.7 53483.6 1.06665
322000 0 300.249 20.4597 -20385.4 3358.88 -17026.5 53779.1 1.06078
323000 0 297.679 -125.998 -20392.9 3330.13 -17062.7 53494.6 1.06644
324000 0 298.129 91.4357 -20332.8 3335.17 -16997.6 53583.9 1.06469
325000 0 300.446 97.5235 -20310.8 3361.08 -16949.7 53914.3 1.05813
326000 0 299.228 -108.855 -20346.2 3347.46 -16998.7 53936.8 1.05768
327000 0 300.547 20.7085 -20340.8 3362.22 -16978.6 53811.6 1.06019
328000 0 299.878 -126.985 -20337.5 3354.73 -16982.8 53783.3 1.06071
329000 0 300.73 -58.316 -20332.5 3364.26 -16968.3 53702.2 1.06229
330000 0 299.015 -5.82931 -20345.4 3345.07 -17000.3 53846.7 1.05947
331000 0 298.52 134.697 -20349.4 3339.54 -17009.9 53629.9 1.06373
332000 0 297.825 -103.557 -20378.4 3331.76 -17046.7 53701.4 1.06234
333000 0 299.364 15.7996 -20381.5 3348.98 -17032.5 53790.6 1.06056
334000 0 299.721 -227.185 -20290.6 3352.98 -16937.6 54376.5 1.04918
335000 0 300.581 98.9187 -20323.3 3362.59 -16960.7 53836.7 1.05969
336000 0 300.519 -43.96 -20360.9 3361.9 -16999 53528.4 1.06575
337000 0 298.991 -243.237 -20347.8 3344.81 -17003 53898.5 1.05844
338000 0 299.731 9.90057 -20342.1 3353.08 -16989.1 53325.9 1.0698
339000 0 298.866 61.0451 -20347.7 3343.41 -17004.3 53675.5 1.06283
340000 0 300.032 -350.223 -20339.4 3356.45 -16982.9 53766.3 1.06103
341000 0 300.052 52.2785 -20338.1 3356.68 -16981.5 53718.2 1.06198
342000 0 301.442 -201.59 -20355.9 3372.23 -16983.7 53777.4 1.06082
343000 0 297.836 -48.5772 -20384.5 3331.89 -17052.6 54188.5 1.05276
344000 0 298.009 -38.0257 -20381.5 3333.82 -17047.7 54181.9 1.05289
345000 0 299.623 -16.0374 -20322.3 3351.88 -16970.4 54105.6 1.05441
346000 0 299.227 283.358 -20295.4 3347.45 -16947.9 53785.3 1.06067
347000 0 301.204 37.7265 -20358.1 3369.56 -16988.5 53829.7 1.05978
348000 0 299.795 -241.291 -20406.6 3353.8 -17052.8 53496.3 1.06639
349000 0 297.962 -43.4353 -20352.3 3333.3 -17019 53167.3 1.073
350000 0 300.56 70.1401 -20385.9 3362.36 -17023.5 53520.5 1.06592
351000 0 299.82 -59.5987 -20293.8 3354.08 -16939.8 54290 1.05082
352000 0 299.531 94.0549 -20381.5 3350.85 -17030.7 54141.5 1.05368
353000 0 298.337 142.068 -20397.9 3337.49 -17060.4 53986.9 1.0567
354000 0 299.971 -40.2957 -20320.8 3355.77 -16965.1 54576.5 1.04528
355000 0 300.448 -14.6836 -20278.4 3361.1 -16917.3 54026.6 1.05592
356000 0 301.333 86.1786 -20294.4 3371.01 -16923.4 53943.9 1.05754
357000 0 301.868 213.538 -20303.2 3376.99 -16926.2 53533.7 1.06564
358000 0 301.261 -57.5455 -20398.1 3370.2 -17027.9 53734.8 1.06171
359000 0 299.546 102.735 -20368 3351.01 -17017 53624.9 1.06383
360000 0 298.757 72.8737 -20334.1 3342.19 -16991.9 53589.3 1.06457
361000 0 299.423 109.852 -20328.6 3349.64 -16979 54162.7 1.05327
362000 0 302.738 46.0413 -20390.6 3386.72 -17003.9 53628 1.06378
363000 0 300.851 -35.6727 -20368.9 3365.62 -17003.3 53840.9 1.05957
364000 0 300.201 81.0911 -20464.1 3358.35 -17105.7 53809 1.0602
365000 0 297.486 105.948 -20392.5 3327.97 -17064.5 54070.6 1.05509
366000 0 299.937 49.0744 -20317.9 3355.38 -16962.6 53705.7 1.06228
367000 0 299.933 0.812694 -20378.4 3355.34 -17023.1 53627 1.06381
368000 0 300.334 194.858 -20428 3359.83 -17068.2 53948.6 1.05745
369000 0 301.356 32.2565 -20343.9 3371.27 -16972.6 54120.4 1.05409
370000 0 302.002 50.3908 -20348.6 3378.49 -16970.1 53925.1 1.0579
371000 0 300.301 142.045 -20297.3 3359.46 -16937.9 53821.3 1.05996
372000 0 299.273 249.202 -20288.2 3347.96 -16940.3 53544.1 1.06544
373000 0 302.307 -128.023 -20314.3 3381.91 -16932.4 53544.9 1.06543
374000 0 300.473 -46.3678 -20307.8 3361.38 -16946.4 53608.1 1.06417
375000 0 299.331 124.189 -20351.5 3348.61 -17002.9 53217.4 1.07199
376000 0 300.093 -8.30898 -20272.9 3357.13 -16915.8 53635 1.06365
377000 0 298.465 -116.847 -20335.1 3338.93 -16996.2 53763.7 1.06113
378000 0 301.886 -63.0664 -20350.6 3377.19 -16973.4 54193.4 1.05268
379000 0 300.361 279.149 -20334.1 3360.14 -16974 54052.9 1.05544
380000 0 298.535 -359.635 -20367.3 3339.71 -17027.6 54102.9 1.05444
381000 0 301.031 227.573 -20368.7 3367.63 -17001.1 54032.2 1.05582
382000 0 300.252 -28.9642 -20366.6 3358.91 -17007.7 54145.9 1.05361
383000 0 299.89 -91.0096 -20292.9 3354.86 -16938 54121.6 1.05407
384000 0 298.798 -159.418 -20312.6 3342.65 -16969.9 54103.7 1.05441
385000 0 301.646 25.9717 -20304 3374.51 -16929.5 53957.3 1.05727
386000 0 300.769 -81.0608 -20358.6 3364.7 -16993.9 53810.7 1.06017
387000 0 299.191 143.633 -20415.9 3347.05 -17068.9 53656.7 1.0632
388000 0 298.544 86.1987 -20394.5 3339.8 -17054.7 53850.8 1.05937
389000 0 300.88 227.96 -20361.4 3365.94 -16995.5 53906.9 1.05826
390000 0 301.22 -231.092 -20365.3 3369.75 -16995.5 54046.6 1.05554
391000 0 300.203 -6.83334 -20332.9 3358.36 -16974.5 54159.3 1.05333
392000 0 299.732 114.806 -20349.1 3353.1 -16996 53777.8 1.06081
393000 0 300.66 -232.965 -20310.9 3363.48 -16947.4 54156.3 1.05339
394000 0 299.583 148.411 -20387.3 3351.43 -17035.8 54196.5 1.05261
395000 0 300.26 8.35837 -20355.7 3359 -16996.7 54220.3 1.05218
396000 0 299.894 56.3186 -20413.8 3354.91 -17058.9 54245.4 1.05167
397000 0 300.668 130.174 -20397.7 3363.57 -17034.1 54065.2 1.05519
398000 0 301.377 87.4453 -20341.3 3371.5 -16969.8 53530.3 1.06571
399000 0 298.121 60.0321 -20348.5 3335.07 -17013.4 53726.2 1.06182
400000 0 300.318 50.273 -20372.3 3359.66 -17012.6 54065 1.05517
401000 0 300.316 208.159 -20322.6 3359.63 -16963 53927.5 1.05788
402000 0 299.553 45.7491 -20330.3 3351.1 -16979.2 53643.9 1.06345
403000 0 300.607 153.895 -20364.2 3362.89 -17001.3 53705.2 1.06226
404000 0 300.243 -167.058 -20295.2 3358.81 -16936.4 54196.5 1.05261
405000 0 299.841 -115.456 -20397.3 3354.31 -17042.9 53741.4 1.06154
406000 0 298.289 -272.168 -20355.8 3336.95 -17018.9 53711.1 1.06214
407000 0 299.892 -232.581 -20302.2 3354.88 -16947.3 53701.1 1.06232
408000 0 299.589 -49.6642 -20379.3 3351.49 -17027.8 53736.9 1.06162
409000 0 298.067 51.7921 -20320.9 3334.48 -16986.4 53743 1.06149
410000 0 299.359 115.476 -20419.8 3348.93 -17070.8 53537.9 1.06559
411000 0 299.378 -92.4461 -20363.8 3349.13 -17014.6 53417.8 1.06801
412000 0 299.567 -66.8382 -20354 3351.25 -17002.8 53619.3 1.06395
413000 0 300.453 -93.0595 -20353.8 3361.16 -16992.6 54091.7 1.05466
414000 0 299.706 244.417 -20301.8 3352.81 -16949 54118.1 1.05414
415000 0 298.792 85.2837 -20382.1 3342.58 -17039.5 53703.3 1.0623
416000 0 299.304 -51.0756 -20377.6 3348.31 -17029.3 53249.6 1.07136
417000 0 299.389 25.6338 -20329.4 3349.26 -16980.1 53709.4 1.06216
418000 0 299.752 46.7868 -20339.6 3353.32 -16986.3 53977.9 1.05687
419000 0 299.783 282.576 -20327.8 3353.67 -16974.1 53980.1 1.05684
420000 0 299.802 -281.686 -20355.6 3353.88 -17001.7 54035.5 1.05574
421000 0 299.32 61.2231 -20309.8 3348.49 -16961.3 53564.7 1.06502
422000 0 298.299 -37.2422 -20363.6 3337.07 -17026.5 53653 1.06327
423000 0 300.843 -272.12 -20381 3365.52 -17015.5 54060.3 1.05526
424000 0 298.879 207.948 -20389.7 3343.56 -17046.1 53681.9 1.0627
425000 0 298.693 39.8631 -20332.2 3341.48 -16990.7 53969.2 1.05704
426000 0 300.378 -35.1337 -20356.4 3360.33 -16996.1 53786.3 1.06063
427000 0 299.603 -33.9543 -20318.4 3351.65 -16966.8 53827.7 1.05982
428000 0 298.601 -95.8296 -20358.8 3340.44 -17018.3 53941.2 1.0576
429000 0 299.536 82.614 -20382.4 3350.9 -17031.5 53569.5 1.06495
430000 0 298.205 154.578 -20357.3 3336.02 -17021.3 53819.9 1.05998
431000 0 298.486 -89.3622 -20359.7 3339.16 -17020.5 53933.8 1.05774
432000 0 300.005 27.5764 -20347.2 3356.15 -16991 53950.5 1.05741
433000 0 300.571 -73.3229 -20358 3362.48 -16995.6 53936.9 1.05771
434000 0 298.249 -64.2074 -20356.8 3336.5 -17020.3 54300.4 1.05061
435000 0 300.19 -27.8038 -20361.3 3358.23 -17003.1 54232.5 1.05194
436000 0 302.978 -133.461 -20358.2 3389.41 -16968.8 54002.8 1.05638
437000 0 299.245 149.708 -20392.4 3347.65 -17044.7 53839.6 1.05958
438000 0 300.039 2.35182 -20361 3356.52 -17004.4 53720.2 1.06194
439000 0 299.868 123.212 -20347.7 3354.62 -16993.1 53989.4 1.05665
440000 0 300.038 -359.656 -20366.6 3356.52 -17010.1 53479.8 1.06674
441000 0 300.517 146.414 -20385.9 3361.87 -17024.1 54031.8 1.05585
442000 0 300.239 -55.5991 -20372.9 3358.77 -17014.1 53821 1.05999
443000 0 299.726 46.7889 -20372.6 3353.03 -17019.5 53790.2 1.06057
444000 0 299.98 19.0675 -20349 3355.87 -16993.1 53844.1 1.05951
445000 0 301.401 42.233 -20347.3 3371.77 -16975.6 54019.3 1.05608
446000 0 299.561 -15.2116 -20344.4 3351.18 -16993.2 53732.7 1.06173
447000 0 301.758 2.1358 -20287.4 3375.76 -16911.6 53872.7 1.05896
448000 0 299.171 -59.1967 -20326.6 3346.82 -16979.8 54025 1.05598
449000 0 297.706 215.038 -20347.5 3330.43 -17017.1 53507.2 1.06622
450000 0 300.621 -138.965 -20323.4 3363.05 -16960.4 53517.6 1.06597
451000 0 299.725 124.055 -20295.8 3353.02 -16942.8 53608.4 1.06415
452000 0 299.98 54.2283 -20298.7 3355.87 -16942.9 53700.4 1.06234
453000 0 299.488 -269.723 -20305.9 3350.36 -16955.5 53966.9 1.05711
454000 0 299.447 -231.877 -20317.5 3349.91 -16967.6 53674.3 1.06288
455000 0 300.458 -151.102 -20309.2 3361.22 -16947.9 53787.5 1.06063
456000 0 300.601 146.125 -20336.8 3362.82 -16974 54144.7 1.05361
457000 0 301.023 84.0979 -20320.6 3367.54 -16953.1 54182.7 1.05288
458000 0 300.524 -151.245 -20335.7 3361.96 -16973.7 53948.2 1.05746
459000 0 302.577 -25.0675 -20357.3 3384.92 -16972.4 54146.5 1.05359
460000 0 299.707 -58.009 -20382.4 3352.82 -17029.6 53754.2 1.06128
461000 0 302.491 160.362 -20321.5 3383.96 -16937.6 53742.4 1.06151
462000 0 300.014 158.251 -20320.4 3356.25 -16964.1 53540 1.06554
463000 0 300.595 -196.223 -20311.6 3362.75 -16948.8 53987.8 1.05668
464000 0 299.47 -50.2401 -20311.9 3350.17 -16961.7 53596.7 1.06439
465000 0 302.827 164.292 -20299.2 3387.72 -16911.4 53575.1 1.06482
466000 0 301.161 56.1207 -20371.6 3369.08 -17002.6 54003 1.0564
467000 0 301.86 -62.0656 -20381.2 3376.91 -17004.3 54153.1 1.05345
468000 0 299.776 -97.4044 -20343.1 3353.59 -16989.5 54236.4 1.05184
469000 0 301.139 292.488 -20346.8 3368.83 -16978 54075.2 1.05497
470000 0 299.214 -157.315 -20359.2 3347.3 -17011.9 54171.6 1.05309
471000 0 302.716 -143.113 -20377.7 3386.48 -16991.2 54194.3 1.05265
472000 0 301.955 -41.212 -20368.5 3377.96 -16990.5 54028.5 1.05589
473000 0 300.652 -118.57 -20417 3363.39 -17053.6 54091.4 1.05466
474000 0 300.828 243.486 -20444.8 3365.36 -17079.5 53842.3 1.05955
475000 0 299.594 -151.01 -20381.3 3351.55 -17029.8 53928.6 1.05784
476000 0 299.04 123.781 -20363.1 3345.36 -17017.7 53492.7 1.06647
477000 0 299.198 34.962 -20308.7 3347.12 -16961.5 54151.8 1.05349
478000 0 299.049 -159.394 -20288.8 3345.45 -16943.3 53913.9 1.05812
479000 0 299.019 101.482 -20299.8 3345.12 -16954.7 53881.9 1.0588
480000 0 300.356 -233.366 -20371.5 3360.07 -17011.4 54173.4 1.05306
481000 0 297.842 156.675 -20364.2 3331.95 -17032.3 53722.7 1.0619
482000 0 299.005 -165.45 -20388.9 3344.97 -17043.9 53792.2 1.06052
483000 0 300.083 53.4876 -20296.6 3357.02 -16939.6 53957.5 1.05729
484000 0 300.746 327.232 -20359.4 3364.44 -16995 53851.2 1.05935
485000 0 299.627 256.621 -20382.3 3351.92 -17030.4 53745.9 1.06145
486000 0 301.136 207.458 -20395.2 3368.8 -17026.4 53754.1 1.0613
487000 0 298.186 28.7657 -20314.3 3335.8 -16978.5 53882.9 1.05873
488000 0 303.144 24.4886 -20331.8 3391.27 -16940.5 54054.6 1.05538
489000 0 300.317 -246.018 -20339.9 3359.64 -16980.3 54216.9 1.05222
490000 0 299.115 313.059 -20381.2 3346.19 -17035 54035.4 1.05576
491000 0 299.977 -88.7453 -20376.2 3355.84 -17020.4 54176.2 1.05301
492000 0 299.854 60.9382 -20330.8 3354.46 -16976.3 53833.2 1.05971
493000 0 298.521 -108.52 -20344.2 3339.55 -17004.6 54149.8 1.05356
494000 0 296.588 7.08283 -20342.1 3317.93 -17024.2 53922.4 1.05796
495000 0 302.347 -76.7812 -20306.3 3382.34 -16923.9 53686 1.06263
496000 0 301.757 291.628 -20349.4 3375.75 -16973.6 53296.3 1.07041
497000 0 301.04 5.91399 -20348.5 3367.73 -16980.7 53449.2 1.06734
498000 0 300.473 -415.689 -20404.2 3361.39 -17042.8 53480.3 1.06671
499000 0 299.624 -183.136 -20364.3 3351.88 -17012.4 54128.2 1.05394
500000 0 299.057 48.4755 -20313.5 3345.54 -16967.9 54033 1.05579
501000 0 299.821 123.872 -20338.2 3354.09 -16984.1 53858.3 1.05921
502000 0 299.781 160.761 -20369.4 3353.65 -17015.7 53542.5 1.06549
503000 0 300.071 48.6638 -20360.6 3356.89 -17003.7 53820.4 1.05998
504000 0 298.113 74.801 -20365 3334.98 -17030 53782.1 1.06072
505000 0 299.858 147.622 -20340.8 3354.5 -16986.3 53697.7 1.0624
506000 0 300.558 -102.092 -20280.7 3362.33 -16918.4 53824 1.05991
507000 0 299.612 -168.286 -20303.7 3351.75 -16951.9 54353.3 1.04965
508000 0 301.369 -70.2547 -20321.6 3371.41 -16950.2 53788.7 1.06059
509000 0 299.944 87.086 -20293.1 3355.47 -16937.7 54037.5 1.05571
510000 0 299.045 -170.987 -20248.6 3345.41 -16903.2 53837.4 1.05967
511000 0 299.395 234.624 -20290 3349.33 -16940.7 53740.9 1.06155
512000 0 297.991 19.2094 -20317.1 3333.62 -16983.5 53934.4 1.05772
513000 0 300.447 -90.4406 -20323.7 3361.09 -16962.6 53727.9 1.06179
514000 0 300.621 -94.6247 -20319.7 3363.04 -16956.7 53534.4 1.06565
515000 0 299.607 407.462 -20285.1 3351.7 -16933.4 53821.9 1.05995
516000 0 299.264 -66.928 -20406.4 3347.86 -17058.6 53928.7 1.05785
517000 0 299.096 -29.9613 -20416.2 3345.98 -17070.2 53633.2 1.06366
518000 0 300.016 -74.806 -20332.8 3356.27 -16976.6 54176.4 1.05302
519000 0 300.934 68.6484 -20347.7 3366.55 -16981.1 54161.2 1.05329
520000 0 299.548 209.313 -20291.2 3351.04 -16940.1 53925.9 1.05789
521000 0 300.263 211.025 -20299.9 3359.03 -16940.8 54002.4 1.05641
522000 0 299.204 -87.9843 -20358.6 3347.19 -17011.4 53877.2 1.05887
523000 0 300.736 -68.5738 -20354.7 3364.32 -16990.4 54118.6 1.05412
524000 0 300.854 -22.077 -20292.5 3365.65 -16926.9 54015.8 1.05613
525000 0 299.627 3.67277 -20323.9 3351.92 -16972 53922.6 1.05796
526000 0 299.744 -183.784 -20296.1 3353.23 -16942.9 54447.8 1.04778
527000 0 299.418 -91.443 -20305.8 3349.58 -16956.2 53801 1.06034
528000 0 299.041 16.7676 -20333.9 3345.36 -16988.5 53456.5 1.06718
529000 0 300.033 124.434 -20254.1 3356.46 -16897.7 53988.5 1.05667
530000 0 301.023 122.677 -20300.8 3367.54 -16933.3 54166.1 1.0532
531000 0 300.527 -87.5335 -20394.7 3361.99 -17032.7 53852.8 1.05933
532000 0 298.941 -24.9239 -20298.1 3344.25 -16953.9 53694.2 1.06245
533000 0 298.838 31.4215 -20347.3 3343.1 -17004.2 54190.8 1.05276
534000 0 301.24 197.206 -20328.4 3369.96 -16958.4 54200.8 1.05252
535000 0 300.046 164.01 -20387.8 3356.61 -17031.2 53821.2 1.05999
536000 0 299.687 63.9658 -20319.3 3352.6 -16966.7 54146.1 1.05359
537000 0 298.783 117.611 -20341.9 3342.48 -16999.4 54045.4 1.05555
538000 0 301.009 82.6009 -20333.8 3367.38 -16966.4 54428 1.04813
539000 0 299.822 -128.165 -20302.4 3354.11 -16948.3 54194.6 1.05265
540000 0 301.06 284.836 -20305 3367.96 -16937.1 53267.2 1.07097
541000 0 299.792 148.504 -20343.7 3353.77 -16990 53547.6 1.06537
542000 0 301.001 -96.4302 -20334.9 3367.3 -16967.6 53907.9 1.05825
543000 0 300.637 43.2457 -20396 3363.22 -17032.8 54113.3 1.05423
544000 0 302.577 167.854 -20401.8 3384.93 -17016.9 53956 1.0573
545000 0 302.2 6.98912 -20372.1 3380.71 -16991.4 53782.5 1.06071
546000 0 301.428 -278.352 -20353 3372.07 -16980.9 54366.2 1.04932
547000 0 299.026 66.5811 -20357.8 3345.19 -17012.6 54317 1.05034
548000 0 298.95 220.844 -20360.7 3344.34 -17016.4 53934.8 1.05775
549000 0 299.276 -104.983 -20374.8 3347.99 -17026.8 53827.2 1.05983
550000 0 300.946 -125.687 -20391.5 3366.67 -17024.8 53886.3 1.05868
551000 0 298.208 -164.542 -20390.9 3336.05 -17054.9 53783.8 1.0607
552000 0 299.164 -44.2895 -20347.4 3346.74 -17000.7 54224 1.05211
553000 0 299.956 -132.449 -20315.4 3355.61 -16959.8 54040.4 1.05567
554000 0 298.603 44.758 -20321 3340.47 -16980.5 54487.1 1.047
555000 0 297.815 -147.394 -20371.6 3331.65 -17040 54154.2 1.05344
556000 0 301.414 -44.9664 -20365.7 3371.91 -16993.8 53784.4 1.06068
557000 0 299.469 118.004 -20322 3350.16 -16971.9 53790.8 1.06054
558000 0 299.616 24.9873 -20287.9 3351.8 -16936.1 53956.7 1.0573
559000 0 298.542 33.9816 -20334.6 3339.78 -16994.8 53902.4 1.05836
560000 0 298.892 114.626 -20334.2 3343.7 -16990.5 53900.2 1.05841
561000 0 299.87 146.963 -20332 3354.64 -16977.4 53881.9 1.05876
562000 0 299.576 -124.534 -20351.4 3351.35 -17000 53803.3 1.06031
563000 0 298.688 120.555 -20410.6 3341.42 -17069.2 53678.2 1.06278
564000 0 301.72 -226.33 -20327.6 3375.34 -16952.3 53824.6 1.05989
565000 0 298.749 -111.723 -20374.7 3342.1 -17032.6 53545.4 1.06542
566000 0 299.484 -56.4353 -20378.7 3350.33 -17028.4 54015.2 1.05615
567000 0 301.386 195.438 -20352 3371.6 -16980.4 53778.8 1.06079
568000 0 298.714 15.6564 -20326.2 3341.71 -16984.5 53849.3 1.0594
569000 0 300.221 -22.2926 -20381.6 3358.57 -17023 53640.8 1.06353
570000 0 299.684 102.184 -20287.7 3352.56 -16935.2 53937.5 1.05768
571000 0 300.134 92.6333 -20342.6 3357.6 -16985 54044.5 1.05557
572000 0 299.04 -14.7696 -20381.7 3345.35 -17036.3 54075.3 1.05497
573000 0 299.113 -33.8635 -20371.4 3346.17 -17025.2 54005 1.05636
574000 0 301.472 147.493 -20293.3 3372.56 -16920.8 54121.7 1.05406
575000 0 300.077 49.4283 -20383.7 3356.96 -17026.7 54396.7 1.04873
576000 0 301.969 200.054 -20335.7 3378.12 -16957.6 53971.1 1.05701
577000 0 301.729 19.6709 -20455.7 3375.44 -17080.3 53743.7 1.06151
578000 0 297.445 175.928 -20412 3327.51 -17084.4 53887.7 1.05866
579000 0 300.037 -69.4877 -20337.1 3356.51 -16980.6 53776.5 1.06086
580000 0 301.68 39.1372 -20394.9 3374.89 -17020 53707.8 1.06219
581000 0 299.504 -121.333 -20340 3350.55 -16989.5 53851.5 1.05942
582000 0 301.219 90.7475 -20373.4 3369.74 -17003.7 53693 1.06255
583000 0 301.453 141.996 -20436.5 3372.35 -17064.2 53674.6 1.06285
584000 0 300.41 162.039 -20342.8 3360.68 -16982.1 53744.2 1.06151
585000 0 300.184 -51.4634 -20255.9 3358.15 -16897.8 53714 1.06213
586000 0 298.011 -41.8292 -20281.4 3333.85 -16947.5 53559.3 1.06514
587000 0 301.279 -165.368 -20345.6 3370.4 -16975.2 54117.3 1.05415
588000 0 300.712 -189.292 -20312.3 3364.05 -16948.2 53410.7 1.0681
589000 0 301.465 199.393 -20329.7 3372.49 -16957.2 53591.8 1.06449
590000 0 300.994 -216.734 -20350.8 3367.21 -16983.5 53993.3 1.05658
591000 0 299.03 -87.311 -20372 3345.25 -17026.7 53984.2 1.05675
592000 0 300.016 4.14685 -20326.1 3356.27 -16969.8 53606.4 1.0642
593000 0 299.221 40.2533 -20320.5 3347.38 -16973.1 53479.4 1.06673
594000 0 298.826 -82.3387 -20385.9 3342.96 -17042.9 53873.6 1.05892
595000 0 300.12 -134.406 -20352.6 3357.43 -16995.1 53674.9 1.06284
596000 0 300.584 12.6993 -20369.7 3362.62 -17007 53880.5 1.05882
597000 0 300.032 -114.485 -20315.1 3356.45 -16958.7 54084.4 1.0548
598000 0 300.151 173.748 -20331.4 3357.79 -16973.6 53987.8 1.05669
599000 0 301.182 -186.698 -20329.2 3369.32 -16959.9 53900.2 1.05839
600000 0 300.207 116.679 -20340.1 3358.41 -16981.7 53988.3 1.05667
