# Time-averaged data for fix msd_avg
# TimeStep c_msd_water[1] c_msd_water[2] c_msd_water[3] c_msd_water[4]
601000 0.679364 0.681361 0.657372 2.0181
602000 1.56994 1.72541 1.56971 4.86505
603000 2.46892 2.6285 2.67875 7.77617
604000 3.1485 3.53368 3.68353 10.3657
605000 3.84664 4.49407 4.4658 12.8065
606000 4.65553 5.60508 5.38946 15.6501
607000 5.68292 6.29447 6.33918 18.3166
608000 6.4037 7.51906 7.35924 21.282
609000 7.33722 8.35276 7.96995 23.6599
610000 8.17683 9.32684 8.70378 26.2075
611000 9.12058 10.0846 9.16941 28.3746
612000 9.89921 10.9585 10.1538 31.0115
613000 10.745 12.2079 11.2 34.1529
614000 11.5738 13.3849 12.0244 36.983
615000 12.7804 14.4656 12.5864 39.8323
616000 13.6306 15.3203 13.142 42.0929
617000 14.545 16.3229 14.2659 45.1338
618000 15.0825 17.329 15.1716 47.5832
619000 15.7864 18.2686 15.945 49.9999
620000 16.5981 19.0725 16.7007 52.3712
621000 17.3029 19.5043 17.4724 54.2796
622000 18.158 20.5374 18.7188 57.4142
623000 18.7883 20.9995 19.3615 59.1493
624000 19.2693 21.6561 19.8109 60.7362
625000 19.8494 22.4783 20.9582 63.2859
626000 20.9285 23.9854 22.1222 67.0361
627000 21.817 25.7373 22.8488 70.4031
628000 22.5465 26.9628 24.1644 73.6737
629000 23.2189 27.8183 24.5016 75.5388
630000 24.2034 27.7066 25.1108 77.0208
631000 25.0504 28.3965 26.1571 79.604
632000 25.8733 29.1719 26.3951 81.4403
633000 26.5981 29.7277 26.7807 83.1065
634000 27.1451 30.6296 27.6481 85.4228
635000 27.9005 31.5782 28.3579 87.8366
636000 28.2802 32.5416 29.4312 90.253
637000 29.0838 33.2625 30.7898 93.1361
638000 29.7565 33.9038 31.2531 94.9134
639000 30.4567 34.2724 31.3375 96.0666
640000 32.076 35.8798 32.1212 100.077
641000 32.8761 37.0884 33.1769 103.141
642000 33.1944 37.53 33.8483 104.573
643000 33.7137 38.2973 34.6969 106.708
644000 34.7215 38.5386 36.0641 109.324
645000 35.3552 38.7714 36.6306 110.757
646000 36.0028 39.4161 37.3911 112.81
647000 36.5808 39.9564 38.8225 115.36
648000 37.7201 40.4743 39.288 117.482
649000 38.2777 41.1147 39.5811 118.974
650000 38.8648 42.4038 40.3629 121.632
651000 39.5678 43.1978 41.1594 123.925
652000 40.3086 43.6659 41.5691 125.544
653000 41.0832 44.3325 42.2889 127.705
654000 42.1535 45.7232 42.8005 130.677
655000 43.3583 46.559 43.4812 133.399
656000 44.3038 46.8888 44.3565 135.549
657000 45.5643 47.5959 45.0038 138.164
658000 46.4523 48.1465 45.77 140.369
659000 47.106 49.2018 46.2343 142.542
660000 47.6071 49.8676 47.0951 144.57
661000 48.0969 50.0725 47.3052 145.475
662000 48.9322 50.3588 47.4833 146.774
663000 49.6443 50.9043 48.1019 148.651
664000 50.4326 52.3246 48.7071 151.464
665000 50.7618 52.9125 49.6394 153.314
666000 51.4312 53.3445 50.793 155.569
667000 52.115 54.1539 51.7254 157.994
668000 52.7131 54.5379 52.1367 159.388
669000 53.0806 55.5976 53.0326 161.711
670000 54.2282 55.5117 54.7392 164.479
671000 54.8905 55.7894 56.1929 166.873
672000 55.3945 56.534 56.9599 168.888
673000 55.8438 57.5042 57.7523 171.1
674000 56.603 58.4413 58.892 173.936
675000 57.1238 58.9207 59.4735 175.518
676000 57.8234 59.849 59.6617 177.334
677000 58.492 60.7043 60.4835 179.68
678000 59.796 62.2213 61.7354 183.753
679000 60.8561 63.3859 62.8821 187.124
680000 60.9438 64.251 64.0146 189.209
681000 60.9443 65.5623 65.1741 191.681
682000 61.8567 66.2938 65.5273 193.678
683000 62.9418 66.5898 66.0642 195.596
684000 63.5672 66.8037 66.8732 197.244
685000 64.2976 67.9813 67.9106 200.189
686000 64.743 69.0105 68.4656 202.219
687000 64.3294 69.1409 69.5544 203.025
688000 64.8011 70.102 70.1645 205.068
689000 66.5002 70.8691 70.5135 207.883
690000 67.9589 72.3826 71.3509 211.692
691000 68.7506 73.2625 72.3867 214.4
692000 69.9456 74.234 72.6551 216.835
693000 71.2247 74.6274 73.3128 219.165
694000 71.934 75.3507 74.7796 222.064
695000 72.1005 75.8985 75.629 223.628
696000 73.0577 76.3553 76.1539 225.567
697000 74.5266 77.1343 77.4095 229.07
698000 75.7861 78.249 78.2264 232.261
699000 76.8317 79.0907 79.0667 234.989
700000 77.9846 79.3215 79.1583 236.464
701000 77.8399 80.0535 79.525 237.418
702000 78.9242 80.7482 80.7974 240.47
703000 79.5481 81.9861 81.2735 242.808
704000 79.9055 82.6714 81.901 244.478
705000 80.1091 83.2554 83.0128 246.377
706000 80.391 84.0462 83.9735 248.411
707000 80.8051 85.1868 85.3466 251.339
708000 80.8529 85.2054 85.811 251.869
709000 81.2946 85.6843 86.4791 253.458
710000 82.6625 86.25 87.4654 256.378
711000 83.791 86.5351 88.161 258.487
712000 84.0213 87.0733 90.0883 261.183
713000 84.8411 87.7264 91.6612 264.229
714000 85.3807 89.1876 92.7341 267.302
715000 85.6064 89.8765 93.4245 268.907
716000 85.3669 91.0096 93.827 270.203
717000 85.002 91.917 93.9803 270.899
718000 85.7572 93.8801 96.4823 276.12
719000 86.3621 94.6159 97.2185 278.197
720000 87.016 95.2559 98.1187 280.391
721000 87.6272 95.537 99.1498 282.314
722000 87.7328 95.9058 99.3133 282.952
723000 88.2072 96.651 100.485 285.343
724000 88.7165 97.5408 101.693 287.95
725000 89.2879 97.7009 102.419 289.408
726000 90.8957 97.9384 103.339 292.173
727000 91.4495 98.6743 103.797 293.921
728000 92.408 98.5448 103.819 294.772
729000 93.383 99.2343 104.925 297.542
730000 94.404 100.39 105.649 300.442
731000 95.4552 100.999 106.558 303.012
732000 95.8477 100.711 107.417 303.976
733000 96.2648 101.436 107.085 304.786
734000 97.0683 101.273 107.558 305.899
735000 98.1095 102.143 108.857 309.11
736000 99.33 102.859 109.791 311.979
737000 100.235 103.862 110.665 314.762
738000 100.987 104.575 111.816 317.378
739000 101.21 105.869 113.018 320.097
740000 101.568 106.627 113.414 321.609
741000 102.21 107.811 114.627 324.649
742000 103.109 107.958 115.141 326.208
743000 103.327 108.176 116.587 328.09
744000 104.342 108.82 117.732 330.894
745000 106.38 109.994 119.897 336.271
746000 106.602 110.767 120.271 337.641
747000 106.312 111.028 120.472 337.812
748000 107.327 111.672 122.298 341.298
749000 108.222 113.037 123.812 345.071
750000 108.517 113.694 125.143 347.353
751000 108.363 114.766 125.048 348.176
752000 109.39 116.061 126.237 351.687
753000 111.093 117.075 128.265 356.433
754000 111.216 116.945 128.791 356.951
755000 111.224 116.965 129.78 357.969
756000 112.426 117.409 130.741 360.576
757000 113.168 118.149 132.642 363.96
758000 113.246 119.249 131.911 364.406
759000 113.821 120.206 132.817 366.844
760000 115.098 121.007 133.988 370.093
761000 114.979 121.346 133.65 369.975
762000 115.118 122.176 134.389 371.683
763000 115.814 123.458 135.582 374.854
764000 115.833 124.542 136.54 376.914
765000 116.48 125.557 136.606 378.643
766000 117.274 126.517 138.174 381.965
767000 118.034 127.252 139.189 384.475
768000 119.334 128.618 140.089 388.041
769000 120.82 129.611 141.071 391.503
770000 122.561 129.551 141.093 393.205
771000 124.602 131.672 143.606 399.881
772000 125.535 132.219 143.202 400.956
773000 127.506 133.33 144.983 405.819
774000 128.487 133.984 146.593 409.064
775000 128.786 133.826 146.924 409.536
776000 129.124 134.613 147.921 411.658
777000 129.973 135.917 149.661 415.552
778000 131.212 136.21 150.275 417.696
779000 132.401 137.716 151.418 421.535
780000 133.889 138.091 151.595 423.575
781000 134.841 137.608 151.874 424.323
782000 135.683 138.097 152.662 426.442
783000 136.052 138.425 153.967 428.444
784000 136.775 138.859 154.647 430.281
785000 137.245 139.344 156.194 432.783
786000 137.5 140.458 155.856 433.814
787000 138.838 141.385 157.742 437.965
788000 140.959 142.996 158.444 442.398
789000 140.835 144.008 158.867 443.71
790000 142.256 144.855 159.456 446.568
791000 143.198 146.204 159.947 449.349
792000 145.31 146.618 160.395 452.323
793000 146.758 148.906 162.565 458.229
794000 147.966 149.279 163.287 460.532
795000 149.308 150.336 164.09 463.735
796000 148.77 150.385 163.574 462.729
797000 149.059 151.529 164.34 464.928
798000 149.685 153.112 164.677 467.473
799000 150.869 154.823 165.467 471.158
800000 152.635 156.135 166.825 475.595
801000 153.396 157.795 167.803 478.994
802000 152.937 158.443 167.572 478.952
803000 155.175 161.18 168.837 485.192
804000 156.19 162.109 170.571 488.87
805000 156.511 161.948 170.344 488.803
806000 158.381 162.063 170.755 491.199
807000 159.138 163.267 170.614 493.019
808000 159.289 164.864 171.653 495.806
809000 159.292 165.604 172 496.897
810000 160.279 167.459 173.475 501.214
811000 162.185 168.175 175.445 505.805
812000 163.172 168.373 176.215 507.76
813000 163.772 169.102 176.65 509.525
814000 164.974 170.128 177.699 512.8
815000 166.26 171.135 177.986 515.38
816000 167.465 173.841 179.402 520.708
817000 167.242 174.463 178.49 520.195
818000 169.94 176.957 179.274 526.172
819000 170.809 177.614 181.481 529.905
820000 170.766 179.095 183.074 532.935
821000 171.558 181.027 185.693 538.278
822000 173.625 183.242 187.357 544.224
823000 173.848 184.203 188.057 546.108
824000 174.783 186.444 189.817 551.045
825000 175.498 188.258 189.528 553.284
826000 176.793 188.743 189.806 555.342
827000 178.227 190.539 190.843 559.608
828000 178.365 190.77 191.786 560.921
829000 178.689 191.527 192.013 562.229
830000 180.227 192.694 192.787 565.709
831000 181.328 193.621 194.076 569.026
832000 181.65 193.036 195.217 569.903
833000 181.522 193.265 194.17 568.957
834000 183.117 194.58 195.009 572.706
835000 183.186 195.204 196.967 575.357
836000 183.763 195.907 198.427 578.097
837000 185.875 197.063 200.136 583.073
838000 186.29 197.706 200.796 584.792
839000 185.832 197.998 201.715 585.544
840000 186.232 198.66 201.636 586.528
841000 187.749 200.897 203.359 592.005
842000 188.029 201.595 204.417 594.041
843000 188.316 203.362 205.394 597.071
844000 188.242 204.245 205.206 597.693
845000 190.044 205.08 205.943 601.067
846000 191.382 204.878 206.218 602.478
847000 193.566 205.879 208.543 607.987
848000 194.384 206.482 208.921 609.787
849000 194.176 205.665 209.054 608.895
850000 195.177 205.57 209.511 610.259
851000 197.421 206.683 211.42 615.524
852000 199.351 208.904 212.719 620.974
853000 200.159 208.372 212.612 621.142
854000 201.162 210.209 213.732 625.102
855000 202.259 211.258 214.748 628.265
856000 202.655 212.198 215.718 630.57
857000 201.697 213.072 216.471 631.239
858000 202.754 213.802 218.637 635.193
859000 203.037 214.412 219.328 636.777
860000 204.261 214.007 219.708 637.976
861000 205.09 214.121 220.379 639.59
862000 206.826 215.465 221.89 644.181
863000 207.956 216.37 224.522 648.848
864000 208.814 215.757 223.755 648.326
865000 209.511 216.183 224.603 650.297
866000 211.164 218.313 225.003 654.481
867000 212.098 219.22 225.27 656.588
868000 212.318 220.138 226.125 658.581
869000 213.398 221.168 228.23 662.797
870000 214.378 223.437 230.37 668.185
871000 213.909 223.618 231.523 669.049
872000 215.508 225.573 232.909 673.99
873000 215.729 225.216 232.887 673.832
874000 217.674 228.037 234.431 680.142
875000 218.391 229.834 235.676 683.9
876000 219.525 232.043 236.907 688.474
877000 219.041 232.321 237.233 688.595
878000 220.55 233.855 239.24 693.645
879000 222.516 234.475 240.655 697.646
880000 223.037 233.885 241.78 698.702
881000 223.17 233.335 242.574 699.079
882000 223.607 233.391 242.167 699.165
883000 224.848 235.056 244.279 704.182
884000 225.14 235.029 245.928 706.097
885000 227.814 236.236 247.797 711.847
886000 228.83 236.412 249.313 714.554
887000 228.754 235.575 249.328 713.656
888000 230.095 235.356 249.131 714.582
889000 231.796 237.488 251.04 720.324
890000 231.869 238.551 250.865 721.285
891000 233.748 241.156 252.956 727.86
892000 235.492 243.761 254.625 733.877
893000 237.747 245.445 255.385 738.576
894000 238.845 246.778 257.192 742.815
895000 239.37 246.69 258.785 744.845
896000 238.082 245.853 260.417 744.352
897000 239.456 247.692 263.268 750.416
898000 240.967 248.311 263.817 753.095
899000 243.457 249.59 264.984 758.031
900000 243.285 250.562 265.56 759.408
901000 242.965 251.261 266.362 760.588
902000 245.012 252.153 268.142 765.307
903000 246.187 253.057 268.887 768.131
904000 246.449 253.589 268.681 768.72
905000 246.864 254.639 268.562 770.064
906000 249.445 256.706 271.499 777.651
907000 250.046 255.672 272.338 778.056
908000 251.338 255.307 273.311 779.956
909000 251.293 254.811 272.723 778.827
910000 251.437 254.992 273.195 779.624
911000 251.64 256.868 273.18 781.688
912000 251.389 256.959 274.99 783.337
913000 253.943 259.052 277.629 790.624
914000 253.275 260.945 279.129 793.348
915000 255.068 263.79 281.551 800.408
916000 255.107 264.157 282.085 801.35
917000 255.876 264.921 281.754 802.551
918000 258.049 268.732 283.909 810.69
919000 257.797 269.38 283.069 810.246
920000 257.949 270.391 283.744 812.085
921000 258.178 270.796 284.423 813.398
922000 259.799 270.721 285.091 815.611
923000 260.683 272.665 286.448 819.795
924000 261.535 273.773 286.671 821.978
925000 262.922 273.666 288.431 825.019
926000 262.959 273.193 288.186 824.338
927000 265.618 275.979 289.171 830.769
928000 266.525 276.794 290.129 833.448
929000 267.192 277.27 290.636 835.098
930000 267.194 277.933 291.612 836.739
931000 267.942 279.287 292.774 840.003
932000 268.932 279.892 292.44 841.264
933000 268.245 280.329 292.069 840.643
934000 271.011 282.361 293.534 846.906
935000 271.77 283.238 292.124 847.131
936000 272.885 283.631 292.844 849.359
937000 274.807 283.531 294.343 852.681
938000 276.073 285.197 296.197 857.467
939000 277.374 285.493 296.869 859.735
940000 279.135 286.796 297.675 863.606
941000 279.299 287.241 296.753 863.293
942000 279.663 289.303 296.526 865.493
943000 281.539 291.421 299.593 872.553
944000 281.269 291.441 300.933 873.643
945000 281.76 292.971 302.058 876.789
946000 281.629 293.721 304.247 879.596
947000 282.999 294.558 306.612 884.169
948000 282.704 296.067 308.633 887.403
949000 282.809 296.765 310.157 889.73
950000 283.03 296.214 309.917 889.161
951000 283.019 297.353 311.251 891.623
952000 282.855 297.151 311.306 891.312
953000 284.528 298.337 314.97 897.835
954000 287.222 299.743 316.459 903.424
955000 287.501 299.607 317.12 904.228
956000 287.659 299.809 318.506 905.974
957000 289.18 301.858 321.614 912.652
958000 288.424 302.336 322.547 913.307
959000 290.285 304.902 323.096 918.283
960000 291.473 305.86 322.62 919.954
961000 290.38 305.262 320.683 916.325
962000 292.348 307.417 323.92 923.685
963000 293.08 309.503 324.014 926.596
964000 295.818 311.783 325.491 933.092
965000 298.667 313.241 326.505 938.413
966000 298.095 313.034 326.238 937.367
967000 300.707 314.93 328.803 944.44
968000 300.39 316.28 328.536 945.207
969000 299.53 315.541 325.926 940.997
970000 299.44 316.118 325.661 941.22
971000 301.908 316.254 327.335 945.497
972000 304.847 318.493 329.114 952.453
973000 307.666 321.141 330.646 959.453
974000 307.542 322.216 330.774 960.533
975000 305.981 320.88 330.606 957.466
976000 305.459 320.755 330.605 956.819
977000 307.555 322.186 331.39 961.131
978000 307.64 323.309 330.084 961.033
979000 308.498 324.567 331.203 964.268
980000 309.502 325.189 332.408 967.099
981000 308.899 326.427 333.068 968.394
982000 308.764 328.088 333.653 970.505
983000 309.428 329.062 334.23 972.719
984000 311.242 331.172 335.886 978.299
985000 312.759 332.422 336.946 982.127
986000 314.037 333.745 336.068 983.85
987000 315.506 334.806 336.736 987.048
988000 315.026 334.33 337.355 986.711
989000 315.225 333.981 337.879 987.085
990000 316.364 334.917 338.157 989.438
991000 315.179 334.271 338.658 988.108
992000 316.64 335.452 341.972 994.064
993000 316.638 336.286 342.987 995.912
994000 317.79 337.79 345.079 1000.66
995000 318.641 339.39 345.844 1003.87
996000 319.867 340.312 347.526 1007.7
997000 321.746 341.309 350.941 1014
998000 322.184 341.565 352.075 1015.82
999000 321.49 340.664 351.948 1014.1
1000000 321.688 341.797 353.424 1016.91
1001000 321.888 341.656 353.882 1017.43
1002000 323.227 342.443 355.789 1021.46
1003000 324.468 342.762 357.398 1024.63
1004000 323.456 343.012 356.637 1023.11
1005000 323.247 340.266 354.283 1017.8
1006000 327.72 342.375 356.654 1026.75
1007000 329.878 344.34 360.856 1035.07
1008000 331.53 347.992 363.675 1043.2
1009000 331.43 348.766 362.244 1042.44
1010000 333.888 349.915 363.687 1047.49
1011000 335.069 350.983 362.455 1048.51
1012000 335.669 350.831 361.997 1048.5
1013000 334.646 348.8 362.374 1045.82
1014000 334.53 348.675 364.085 1047.29
1015000 335.881 348.463 366.221 1050.56
1016000 338.965 349.785 368.506 1057.26
1017000 338.067 348.061 367.042 1053.17
1018000 339.8 350.515 368.27 1058.59
1019000 341.772 350.521 370.137 1062.43
1020000 343.055 351.31 371.083 1065.45
1021000 343.048 350.286 371.076 1064.41
1022000 346.923 352.898 375.415 1075.24
1023000 345.71 352.692 375.896 1074.3
1024000 345.708 352.567 376.493 1074.77
1025000 346.527 353.561 376.48 1076.57
1026000 348.038 355.677 377.675 1081.39
1027000 348.713 355.437 377.364 1081.51
1028000 351.739 356.995 379.814 1088.55
1029000 352.291 356.754 381.828 1090.87
1030000 350.836 356.511 381.761 1089.11
1031000 351.74 360.239 386.286 1098.26
1032000 352.845 361.154 386.175 1100.17
1033000 353.574 361.245 386.139 1100.96
1034000 356.127 364.392 388.704 1109.22
1035000 356.963 364.009 388.989 1109.96
1036000 358.974 365.296 391.302 1115.57
1037000 358.556 363.895 390.287 1112.74
1038000 357.587 362.777 389.824 1110.19
1039000 359.479 364.052 391.135 1114.66
1040000 360.088 363.749 391.207 1115.04
1041000 363.583 367.342 394.639 1125.56
1042000 364.79 369.418 397.493 1131.7
1043000 365.067 368.994 396.698 1130.76
1044000 366.644 369.899 397.075 1133.62
1045000 365.159 369.143 394.857 1129.16
1046000 364.532 369.441 395.766 1129.74
1047000 366.171 371.478 398.14 1135.79
1048000 368.345 373.625 400.294 1142.27
1049000 368.815 373.408 400.031 1142.25
1050000 370.242 375.775 400.712 1146.73
1051000 371.074 376.151 401.081 1148.3
1052000 371.51 376.529 401.563 1149.6
1053000 371.436 375.939 401.208 1148.58
1054000 374.35 377.792 403.929 1156.07
1055000 373.035 376.982 403.243 1153.26
1056000 373.389 378.586 405.386 1157.36
1057000 376.02 380.508 408.039 1164.57
1058000 376.884 381.162 409.859 1167.9
1059000 376.109 382.209 408.998 1167.32
1060000 376.849 384.108 410.773 1171.73
1061000 378.681 386.074 413.436 1178.19
1062000 380.277 385.818 414.937 1181.03
1063000 382.241 385.085 416.223 1183.55
1064000 383.046 385.634 417.383 1186.06
1065000 383.59 386.512 419.652 1189.76
1066000 385.394 387.767 420.248 1193.41
1067000 386.598 390.385 421.941 1198.92
1068000 386.103 390.663 422.313 1199.08
1069000 387.674 391.874 422.992 1202.54
1070000 389.652 393.964 426.329 1209.95
1071000 388.066 392.407 424.415 1204.89
1072000 388.267 392.25 425.612 1206.13
1073000 389.281 395.827 425.543 1210.65
1074000 391.659 398.132 427.837 1217.63
1075000 390.968 398.346 426.703 1216.02
1076000 391.306 398.285 426.436 1216.03
1077000 391.863 397.957 425.743 1215.56
1078000 391.699 399.285 425.96 1216.94
1079000 392.043 401.397 426.771 1220.21
1080000 393.189 401.814 427.195 1222.2
1081000 395.57 403.927 430.183 1229.68
1082000 396.508 405.495 430.632 1232.63
1083000 398.175 406.122 429.466 1233.76
1084000 400.665 407.583 431.75 1240
1085000 402.124 408.554 432.98 1243.66
1086000 403.527 408.092 432.955 1244.57
1087000 402.801 407.811 433.562 1244.17
1088000 403.203 407.352 433.762 1244.32
1089000 403.808 408.704 432.954 1245.47
1090000 402.987 410.947 434.803 1248.74
1091000 403.751 413.931 434.294 1251.98
1092000 405.324 415.921 436.188 1257.43
1093000 405.142 416.902 437.65 1259.69
1094000 406.17 416.179 439.761 1262.11
1095000 406.027 416.365 442.012 1264.4
1096000 406.902 417.102 443.26 1267.26
1097000 408.653 420.572 445.998 1275.22
1098000 410.524 423.484 447.135 1281.14
1099000 408.247 423.836 443.811 1275.89
1100000 408.97 425.496 444.066 1278.53
1101000 411.707 427.211 446.29 1285.21
1102000 413.618 428.302 448.864 1290.78
1103000 414.076 429.019 449.803 1292.9
1104000 413.774 427.834 449.263 1290.87
1105000 415.52 430.226 451.531 1297.28
1106000 413.549 428.65 449.357 1291.56
1107000 414.039 430.22 450.512 1294.77
1108000 413.616 431.34 451.499 1296.45
1109000 413.848 431.547 453.863 1299.26
1110000 415.42 433.516 456.091 1305.03
1111000 414.938 432.982 456.74 1304.66
1112000 416.521 433.498 458.273 1308.29
1113000 417.556 433.684 459.287 1310.53
1114000 415.715 433.386 457.336 1306.44
1115000 414.374 433.494 456.251 1304.12
1116000 414.52 436.076 457.363 1307.96
1117000 417.735 437.996 458.606 1314.34
1118000 419.489 438.957 460.483 1318.93
1119000 422.465 442.351 463.408 1328.22
1120000 423.977 443.006 462.32 1329.3
1121000 423.339 443.617 462.266 1329.22
1122000 425.862 445.081 464.849 1335.79
1123000 424.149 444.391 462.667 1331.21
1124000 425.005 447.637 465.396 1338.04
1125000 424.861 448.296 466.41 1339.57
1126000 427.426 450.459 468.671 1346.56
1127000 427.318 448.066 470.096 1345.48
1128000 429.208 451.323 472.995 1353.53
1129000 429.5 452.241 473.669 1355.41
1130000 431.95 454.377 473.596 1359.92
1131000 432.86 454.3 474.903 1362.06
1132000 433.437 452.306 474.287 1360.03
1133000 432.662 450.689 474.217 1357.57
1134000 433.914 451.623 475.729 1361.27
1135000 436.353 455.869 478.696 1370.92
1136000 434.379 456.043 479.195 1369.62
1137000 436.039 457.54 480.474 1374.05
1138000 438.379 458.594 483.134 1380.11
1139000 440.582 458.03 483.429 1382.04
1140000 442.046 458.839 483.267 1384.15
1141000 441.228 459.735 483.596 1384.56
1142000 441.589 462.491 485.62 1389.7
1143000 443.219 461.527 488.432 1393.18
1144000 442.802 460.821 487.079 1390.7
1145000 443.833 462.744 488.921 1395.5
1146000 443.755 463.78 490.069 1397.6
1147000 445.957 468.576 493.366 1407.9
1148000 445.922 469.141 493.963 1409.03
1149000 446.367 468.112 494.277 1408.76
1150000 449.05 469.931 496.852 1415.83
1151000 449.381 471.037 497.563 1417.98
1152000 449.25 469.337 496.639 1415.23
1153000 449.556 470.187 497.364 1417.11
1154000 452.343 471.659 499.546 1423.55
1155000 455.184 473.689 502.96 1431.83
1156000 456.451 474.398 505.414 1436.26
1157000 452.599 471.26 502.692 1426.55
1158000 453.433 473.099 502.871 1429.4
1159000 455.751 475.538 504.96 1436.25
1160000 456.025 477.462 507.08 1440.57
1161000 454.378 476.194 507.552 1438.12
1162000 452.703 474.406 508.243 1435.35
1163000 455.673 475.964 509.395 1441.03
1164000 456.884 477.65 509.842 1444.38
1165000 461.226 479.432 512.145 1452.8
1166000 461.469 479.216 513.004 1453.69
1167000 461.348 481.44 511.775 1454.56
1168000 459.345 481.632 512.611 1453.59
1169000 458.872 480.791 511.83 1451.49
1170000 459.615 481.804 513.861 1455.28
1171000 459.951 481.853 513.768 1455.57
1172000 460.676 482.227 514.296 1457.2
1173000 460.597 483.815 513.629 1458.04
1174000 466.091 489.12 518.572 1473.78
1175000 466.663 489.89 520.315 1476.87
1176000 465.442 488.371 520.799 1474.61
1177000 466.892 489.089 522.783 1478.76
1178000 470.394 489.751 525.547 1485.69
1179000 469.244 488.138 523.656 1481.04
1180000 472.092 492.228 526.207 1490.53
1181000 473.802 493.681 526.935 1494.42
1182000 475.603 495.904 528.369 1499.88
1183000 477.669 496.047 528.039 1501.75
1184000 476.386 494.684 526.183 1497.25
1185000 477.157 496.829 526.107 1500.09
1186000 477.49 497.183 527.538 1502.21
1187000 476.348 495.931 526.684 1498.96
1188000 477.951 497.302 528.416 1503.67
1189000 481.689 500.313 533.147 1515.15
1190000 483.769 501.277 535.798 1520.84
1191000 483.663 502.971 535.012 1521.65
1192000 483.347 503.1 534.402 1520.85
1193000 484.427 504.692 534.753 1523.87
1194000 485.48 505.332 535.745 1526.56
1195000 483.294 504.236 536.652 1524.18
1196000 487.012 509.193 539.116 1535.32
1197000 484.237 507.169 536.253 1527.66
1198000 488.905 511.248 542.155 1542.31
1199000 491.562 515.314 544.258 1551.13
1200000 487.676 511.946 539.934 1539.56
1201000 489.46 513.625 541.942 1545.03
1202000 491.62 514.308 543.365 1549.29
1203000 491.321 516.116 543.279 1550.72
1204000 492.694 518.804 546.983 1558.48
1205000 491.411 519.218 545.871 1556.5
1206000 493.233 520.326 548.172 1561.73
1207000 495.163 521.04 550.175 1566.38
1208000 495.829 522.233 551.719 1569.78
1209000 496.325 522.794 551.899 1571.02
1210000 495.048 523.409 551.253 1569.71
1211000 496.959 524.679 554.621 1576.26
1212000 499.043 526.227 556.908 1582.18
1213000 499.832 526.093 556.318 1582.24
1214000 502.093 528.933 559.563 1590.59
1215000 502.65 530.848 561.669 1595.17
1216000 500.037 529.923 562.051 1592.01
1217000 499.578 528.578 562.782 1590.94
1218000 499.152 530.682 561.709 1591.54
1219000 498.417 530.949 562.728 1592.09
1220000 501.807 534.113 567.74 1603.66
1221000 502.254 534.261 567.684 1604.2
1222000 501.152 533.159 566.836 1601.15
1223000 504.548 536.059 571.018 1611.62
1224000 507.93 538.328 574.543 1620.8
1225000 508.869 539.397 575.917 1624.18
1226000 507.099 538.165 572.041 1617.3
1227000 508.488 541.256 572.011 1621.75
1228000 510.287 541.836 572.164 1624.29
1229000 512.538 544.029 574.381 1630.95
1230000 515.255 546.677 577.537 1639.47
1231000 510.452 544.296 574.546 1629.29
1232000 513.029 547.925 577.055 1638.01
1233000 514.13 549.235 578.601 1641.97
1234000 514.979 549.74 579.872 1644.59
1235000 515.794 551.903 582.37 1650.07
1236000 518.429 554.827 588.314 1661.57
1237000 517.957 555.223 590.14 1663.32
1238000 517.614 553.29 589.626 1660.53
1239000 518.522 553.816 589.986 1662.32
1240000 518.774 553.727 590.72 1663.22
1241000 519.361 551.816 589.743 1660.92
1242000 522.089 551.637 589.315 1663.04
1243000 525.625 555.215 595.535 1676.38
1244000 526.443 556.065 596.955 1679.46
1245000 527.027 556.66 598.773 1682.46
1246000 527.84 557.993 602.747 1688.58
1247000 529.704 560.879 606.055 1696.64
1248000 527.59 558.877 605.606 1692.07
1249000 528.539 562.705 608.365 1699.61
1250000 529.813 564.327 607.732 1701.87
1251000 530.302 565.83 608.848 1704.98
1252000 533.407 569.591 612.869 1715.87
1253000 533.664 567.647 612.507 1713.82
1254000 533.209 567.428 612.706 1713.34
1255000 531.984 568.231 611.201 1711.42
1256000 534.498 572.424 612.44 1719.36
1257000 535.986 573.594 613.745 1723.33
1258000 533.271 571.016 611.874 1716.16
1259000 533.248 571.063 612.774 1717.08
1260000 533.414 570.081 612.041 1715.54
1261000 533.23 569.555 612.146 1714.93
1262000 533.501 571.031 612.129 1716.66
1263000 533.862 571.393 613.733 1718.99
1264000 533.748 570.585 612.872 1717.21
1265000 534.879 571.207 612.543 1718.63
1266000 537.655 575.175 617.6 1730.43
1267000 537.897 574.068 616.195 1728.16
1268000 539.95 576.221 619.931 1736.1
1269000 541.812 580.823 622.141 1744.78
1270000 543.523 584.838 623.302 1751.66
1271000 546.634 586.578 624.523 1757.74
1272000 545.726 586.373 623.449 1755.55
1273000 548.434 586.825 625.164 1760.42
1274000 549.211 587.213 625.307 1761.73
1275000 550.013 586.538 626.335 1762.89
1276000 549.401 583.167 626.164 1758.73
1277000 550.889 584.661 626.141 1761.69
1278000 551.778 585.476 626.059 1763.31
1279000 553.07 583.378 626.914 1763.36
1280000 558.219 585.418 632.916 1776.55
1281000 559.676 585.428 633.867 1778.97
1282000 561.187 587.931 635.759 1784.88
1283000 561.298 589.064 637.255 1787.62
1284000 562.597 587.808 637.759 1788.16
1285000 561.319 587.451 635.599 1784.37
1286000 559.6 588.23 634.08 1781.91
1287000 558.414 585.731 631.575 1775.72
1288000 562.428 590.812 636.095 1789.34
1289000 566.771 593.682 641.477 1801.93
1290000 566.777 591.519 641.245 1799.54
1291000 567.092 593.309 643.032 1803.43
1292000 564.804 593.13 641.673 1799.61
1293000 564.222 591.748 641.197 1797.17
1294000 561.666 591.72 641.7 1795.09
1295000 559.413 591.472 642.526 1793.41
1296000 561.404 592.145 645.806 1799.35
1297000 563.898 593.326 646.996 1804.22
1298000 563.453 592.455 647.737 1803.65
1299000 563.832 593.556 650.586 1807.97
1300000 564.151 594.578 652.144 1810.87
1301000 560.247 593.277 650.37 1803.89
1302000 560.729 596.46 652.657 1809.85
1303000 562.421 598.756 656.172 1817.35
1304000 564.213 601.716 658.927 1824.86
1305000 564.182 603.498 658.935 1826.61
1306000 565.262 602.924 658.312 1826.5
1307000 566.027 604.307 658.557 1828.89
1308000 568.223 606.01 661.453 1835.69
1309000 564.771 600.437 658.536 1823.74
1310000 566.687 602.05 658.718 1827.45
1311000 568.171 603.724 662.021 1833.92
1312000 567.193 604.239 662.694 1834.13
1313000 569.404 608.001 664.016 1841.42
1314000 570.025 607.828 663.553 1841.41
1315000 572.09 608.693 664.661 1845.44
1316000 574.808 612.184 666.847 1853.84
1317000 573.807 611.44 667.572 1852.82
1318000 575.852 612.504 668.143 1856.5
1319000 576.009 611.758 666.945 1854.71
1320000 574.237 610.62 667.174 1852.03
1321000 575.541 611.128 666.173 1852.84
1322000 577.28 612.917 665.693 1855.89
1323000 578.824 614.733 668.146 1861.7
1324000 578.744 615.764 667.655 1862.16
1325000 577.777 614.929 667.719 1860.43
1326000 578.434 615.284 666.494 1860.21
1327000 580.621 618.185 667.924 1866.73
1328000 581.466 619.58 669.885 1870.93
1329000 582.157 618.864 670.069 1871.09
1330000 583.492 618.244 670.893 1872.63
1331000 587.781 620.693 672.405 1880.88
1332000 586.883 618.964 669.773 1875.62
1333000 589.933 621.253 670.164 1881.35
1334000 590.084 618.12 667.352 1875.56
1335000 588.208 615.613 667.407 1871.23
1336000 590.556 618.431 670.799 1879.79
1337000 591.767 619.233 671.062 1882.06
1338000 591.677 618.386 670.004 1880.07
1339000 594.937 621.686 673.944 1890.57
1340000 599.033 625.111 678.27 1902.41
1341000 599.975 624.715 678.625 1903.31
1342000 599.128 625.15 677.049 1901.33
1343000 598.221 626.785 677.957 1902.96
1344000 600.748 628.893 682.436 1912.08
1345000 600.12 629.645 682.796 1912.56
1346000 601.765 632.49 683.99 1918.24
1347000 603.69 634.055 682.439 1920.18
1348000 605.21 634.435 684.456 1924.1
1349000 605.868 635.772 685.78 1927.42
1350000 606.492 637.842 685.642 1929.98
1351000 603.53 635.577 680.904 1920.01
1352000 606.527 638.849 682.116 1927.49
1353000 607.511 641.138 683.277 1931.93
1354000 609.116 642.38 684.243 1935.74
1355000 609.421 644.39 687.381 1941.19
1356000 608.356 643.627 685.854 1937.84
1357000 609.052 645.608 687.603 1942.26
1358000 609.257 646.734 687.024 1943.01
1359000 609.311 648.285 688.902 1946.5
1360000 608.29 647.208 691.941 1947.44
1361000 609.035 648.699 691.659 1949.39
1362000 615.283 653.43 696.052 1964.77
1363000 616.456 654.685 697.036 1968.18
1364000 618.992 659.086 698.896 1976.97
1365000 620.835 660.896 702.996 1984.73
1366000 619.752 660.171 700.807 1980.73
1367000 620.953 661.425 703.89 1986.27
1368000 619.664 661.286 701.866 1982.82
1369000 625.622 666.747 705.139 1997.51
1370000 623.68 666.745 702.484 1992.91
1371000 623.821 668.656 702.948 1995.42
1372000 624.469 667.472 702.148 1994.09
1373000 624.772 669.96 704.606 1999.34
1374000 627.056 673.551 706.92 2007.53
1375000 628.369 674.909 707.988 2011.27
1376000 630.698 676.069 709.51 2016.28
1377000 630.375 675.133 705.908 2011.42
1378000 633.216 677.005 707.106 2017.33
1379000 635.239 676.976 707.645 2019.86
1380000 638.777 680.364 710.034 2029.17
1381000 639.48 678.799 710.297 2028.58
1382000 636.604 674.219 709.287 2020.11
1383000 636.129 673.384 708.654 2018.17
1384000 638.279 676.087 710.845 2025.21
1385000 637.564 677.713 711.814 2027.09
1386000 639.865 679.122 712.813 2031.8
1387000 641.666 680.182 713.34 2035.19
1388000 644.651 680.557 715.59 2040.8
1389000 644.75 683.114 718.206 2046.07
1390000 645.87 685.233 719.582 2050.68
1391000 648.271 684.493 720.693 2053.46
1392000 651.615 685.752 721.695 2059.06
1393000 651.618 686.439 722.76 2060.82
1394000 652.358 686.328 723.641 2062.33
1395000 656.05 685.254 726.074 2067.38
1396000 656.163 684.371 726.249 2066.78
1397000 658.536 686.907 725.401 2070.84
1398000 657.796 687.049 724.419 2069.26
1399000 660.456 689.687 728.164 2078.31
1400000 661.073 691.956 730.523 2083.55
1401000 659.25 690.97 729.679 2079.9
1402000 660.475 692.057 733.301 2085.83
1403000 660.682 695.404 735.18 2091.27
1404000 658.111 693.568 734.325 2086
1405000 657.167 694.808 735.102 2087.08
1406000 656.081 691.796 733.942 2081.82
1407000 657.371 690.607 735.063 2083.04
1408000 658.604 691.358 736.246 2086.21
1409000 660.311 694.477 739.139 2093.93
1410000 661.126 694.945 739.031 2095.1
1411000 664.284 697.16 739.607 2101.05
1412000 667.197 697.542 740.241 2104.98
1413000 668.445 699.594 742.327 2110.37
1414000 670.97 703.99 746.768 2121.73
1415000 671.846 707.269 749.44 2128.56
1416000 670.23 705.917 749.832 2125.98
1417000 669.014 706.717 749.328 2125.06
1418000 672.48 711.48 753.269 2137.23
1419000 665.396 706.23 746.742 2118.37
1420000 668.399 709.267 750.451 2128.12
1421000 671.304 710.316 752.759 2134.38
1422000 672.443 708.823 756.295 2137.56
1423000 672.037 706.315 756.093 2134.44
1424000 675.105 708.833 758.551 2142.49
1425000 678.134 709.098 758.193 2145.42
1426000 675.424 706.276 755.128 2136.83
1427000 676.578 707.016 759.947 2143.54
1428000 678.883 708.263 763.516 2150.66
1429000 678.3 707.867 762.584 2148.75
1430000 684.238 712.588 769.082 2165.91
1431000 687.503 713.205 774.089 2174.8
1432000 685.82 711.25 775.2 2172.27
1433000 684.583 712.343 777.483 2174.41
1434000 684.497 714.481 779.569 2178.55
1435000 684.628 715.219 780.357 2180.2
1436000 683.414 715.788 777.846 2177.05
1437000 684.143 716.624 778.115 2178.88
1438000 684.771 716.31 780.843 2181.92
1439000 681.916 713.387 778.988 2174.29
1440000 686.249 719.474 785.5 2191.22
1441000 680.285 715.101 780.879 2176.27
1442000 681.504 718.231 784.601 2184.34
1443000 681.741 719.148 787.964 2188.85
1444000 684.054 719.387 790.841 2194.28
1445000 688.509 722.201 795.294 2206
1446000 686.459 718.55 793.527 2198.54
1447000 690.244 721.604 800.424 2212.27
1448000 693.59 721.089 802.27 2216.95
1449000 692.774 718.369 800.288 2211.43
1450000 691.199 716.706 799.145 2207.05
1451000 691.853 718.022 802.884 2212.76
1452000 691.668 719.416 802.378 2213.46
1453000 695.672 722.565 806.425 2224.66
1454000 696.884 723.565 808.025 2228.47
1455000 695.578 721.118 807.288 2223.98
1456000 697.537 721.111 807.762 2226.41
1457000 697.322 719.916 808.114 2225.35
1458000 702.924 723.65 812.97 2239.54
1459000 703.931 724.055 814.259 2242.25
1460000 704.4 722.784 814.02 2241.2
1461000 705.343 724.712 818.711 2248.77
1462000 706.983 726.796 819.39 2253.17
1463000 705.949 727.565 819.582 2253.1
1464000 707.467 730.279 822.358 2260.1
1465000 705.564 733.032 823.713 2262.31
1466000 705.773 734.216 824.807 2264.8
1467000 706.233 732.172 823.27 2261.67
1468000 708.098 733.229 825.573 2266.9
1469000 711.704 738.392 831.447 2281.54
1470000 711.794 735.724 829.98 2277.5
1471000 713.014 737 831.006 2281.02
1472000 712.804 738.368 829.21 2280.38
1473000 712.926 739.932 828.799 2281.66
1474000 713.166 740.268 830.403 2283.84
1475000 713.098 740.856 829.364 2283.32
1476000 714.588 740.324 829.81 2284.72
1477000 714.244 741.493 832.671 2288.41
1478000 716.769 745.311 835.309 2297.39
1479000 717.914 747.813 835.104 2300.83
1480000 719.869 749.235 836.296 2305.4
1481000 721.364 746.944 834.764 2303.07
1482000 721.188 742.962 832.698 2296.85
1483000 724.857 743.632 836.736 2305.22
1484000 724.718 745.715 838.254 2308.69
1485000 727.826 749.258 841.463 2318.55
1486000 727.524 749.171 840.965 2317.66
1487000 734.977 755.009 847.725 2337.71
1488000 734.121 755.473 849.245 2338.84
1489000 733.077 754.024 850.993 2338.09
1490000 734.434 754.61 849.842 2338.89
1491000 735.682 756.976 851.356 2344.01
1492000 733.246 757.45 852.554 2343.25
1493000 735.289 759.599 853.87 2348.76
1494000 737.439 762.85 856.758 2357.05
1495000 735.4 761.488 855.292 2352.18
1496000 739.83 762.013 857.425 2359.27
1497000 741.18 761.447 861.13 2363.76
1498000 739.149 758.667 860.12 2357.94
1499000 741.896 762.709 864.287 2368.89
1500000 742.407 761.736 865.275 2369.42
1501000 743.318 761.123 865.85 2370.29
1502000 744.862 762.186 866.181 2373.23
1503000 749.786 766.055 867.797 2383.64
1504000 751.813 766.802 869.383 2388
1505000 753.975 768.293 871.682 2393.95
1506000 755.063 769.728 873.041 2397.83
1507000 756.537 771.813 875.064 2403.41
1508000 760.222 772.98 876.106 2409.31
1509000 760.916 771.409 872.929 2405.25
1510000 760.237 771.22 873.309 2404.77
1511000 759.473 770.386 874.718 2404.58
1512000 763.288 772.845 880.551 2416.68
1513000 764.287 774.556 884.584 2423.43
1514000 767.333 778.414 891.678 2437.42
1515000 767.467 778.226 891.553 2437.25
1516000 770.262 778.875 892.923 2442.06
1517000 768.135 779.69 891.12 2438.94
1518000 769.825 783.39 891.393 2444.61
1519000 769.201 783.17 889.841 2442.21
1520000 775.329 787.775 893.404 2456.51
1521000 778.176 788.347 896.323 2462.84
1522000 779.834 787.541 899.256 2466.63
1523000 777.613 784.93 897.01 2459.55
1524000 779.347 788.297 898.612 2466.26
1525000 782.831 790.507 901.685 2475.02
1526000 782.295 786.624 900.756 2469.67
1527000 786.114 788.77 905.881 2480.77
1528000 783.684 787.767 902.904 2474.36
1529000 787.578 790.765 905.432 2483.77
1530000 789.333 792.454 907.735 2489.52
1531000 791.853 791.037 908.444 2491.33
1532000 793.7 793.116 910.473 2497.29
1533000 793.487 795.269 909.98 2498.74
1534000 791.706 795.035 909.393 2496.13
1535000 793.226 796.36 910.202 2499.79
1536000 794.977 796.826 913.795 2505.6
1537000 800.078 798.927 918.456 2517.46
1538000 797.477 796.708 915.999 2510.18
1539000 798.281 797.337 917.049 2512.67
1540000 800.221 798.826 920.599 2519.65
1541000 801.754 802.726 923.217 2527.7
1542000 800.48 803.043 923.221 2526.74
1543000 802.271 806.392 926.407 2535.07
1544000 801.084 806.169 924.797 2532.05
1545000 804.149 810.54 928.233 2542.92
1546000 805.387 811.683 928.105 2545.18
1547000 805.616 810.138 925.096 2540.85
1548000 803.331 807.032 922.352 2532.71
1549000 804.756 808.586 923.531 2536.87
1550000 806.365 809.088 923.901 2539.35
1551000 805.117 808.826 920.918 2534.86
1552000 808.609 812.593 922.389 2543.59
1553000 809.966 814.534 924.439 2548.94
1554000 811.837 815.874 926.049 2553.76
1555000 814.153 819.906 932.919 2566.98
1556000 809.184 818.533 930.331 2558.05
1557000 808.26 820.75 935.091 2564.1
1558000 807.218 817.825 934.81 2559.85
1559000 810.156 820.477 938.945 2569.58
1560000 814.932 825.836 944.191 2584.96
1561000 813.603 825.055 943.867 2582.52
1562000 814.111 827.7 946.153 2587.96
1563000 811.146 824.822 941.177 2577.14
1564000 813.316 827.967 943.931 2585.21
1565000 814.704 824.989 944.102 2583.8
1566000 814.829 825.671 945.866 2586.37
1567000 811.08 823.243 943.7 2578.02
1568000 813.458 825.914 947.284 2586.66
1569000 815.641 828.738 949.217 2593.6
1570000 816.661 830.024 952.061 2598.75
1571000 815.729 826.244 947.647 2589.62
1572000 815.724 825.311 946.213 2587.25
1573000 816.068 823.921 943.781 2583.77
1574000 816.037 823.33 940.243 2579.61
1575000 817.481 825.847 941.786 2585.11
1576000 818.791 827.722 941.778 2588.29
1577000 818.098 828.914 944.075 2591.09
1578000 820.496 830.793 946.668 2597.96
1579000 825.064 834.283 951.005 2610.35
1580000 826.36 836.036 951.602 2614
1581000 829.225 840.064 955.937 2625.23
1582000 828.476 841.376 956.352 2626.2
1583000 829.671 840.607 955.594 2625.87
1584000 828.308 840.449 954.412 2623.17
1585000 839.309 849.396 964.166 2652.87
1586000 835.477 846.103 959.766 2641.35
1587000 831.201 845.386 958.175 2634.76
1588000 831.39 845.3 957.135 2633.82
1589000 835.506 848.818 960.387 2644.71
1590000 832.022 846.24 957.034 2635.3
1591000 830.109 843.086 956.059 2629.25
1592000 836.052 849.555 962.354 2647.96
1593000 836.967 853.477 964.491 2654.93
1594000 830.681 849.381 958.192 2638.25
1595000 833.746 851.164 961.237 2646.15
1596000 836.631 851.529 964.475 2652.63
1597000 837.814 857.776 970.697 2666.29
1598000 838.659 857.197 973.411 2669.27
1599000 838.223 857.719 971.828 2667.77
1600000 837.214 854.704 967.688 2659.61
1601000 839.579 857.529 967.23 2664.34
1602000 842.896 862.261 969.197 2674.35
1603000 844.192 864.382 968.45 2677.02
1604000 846.336 867.462 971.636 2685.43
1605000 844.564 864.558 971.052 2680.17
1606000 847.5 870.794 976.15 2694.44
1607000 847.222 871.901 975.493 2694.62
1608000 845.438 873.993 974.968 2694.4
1609000 845.393 874.626 975.665 2695.68
1610000 847.234 875.367 978.778 2701.38
1611000 847.222 873.87 978.84 2699.93
1612000 846.615 873.899 978.245 2698.76
1613000 847.937 874.672 977.426 2700.04
1614000 848.208 874.634 978.593 2701.43
1615000 847.73 873.375 977.663 2698.77
1616000 844.506 870.902 975.494 2690.9
1617000 846.39 871.509 977.833 2695.73
1618000 846.978 873.627 981.574 2702.18
1619000 849.145 878.473 985.048 2712.67
1620000 851.193 885.009 991.656 2727.86
1621000 847.688 882.036 988.157 2717.88
1622000 848.901 884.655 992.002 2725.56
1623000 847.791 883.508 991.921 2723.22
1624000 846.642 883.041 991.004 2720.69
1625000 842.616 881.405 985.871 2709.89
1626000 848.429 884.284 990.637 2723.35
1627000 851.206 884.202 993.054 2728.46
1628000 854.52 888.544 1000.15 2743.21
1629000 854.853 888.65 1000.88 2744.39
1630000 854.789 888.412 998.619 2741.82
1631000 854.057 890.159 996.754 2740.97
1632000 855.637 890.001 1000.87 2746.51
1633000 861.94 893.846 1007.23 2763.01
1634000 860.353 890.846 1004.43 2755.63
1635000 861.605 888.847 1003.71 2754.16
1636000 859.779 886.202 1002.38 2748.36
1637000 862.075 888.553 1005.92 2756.55
1638000 858.799 888.572 1006.13 2753.5
1639000 860.83 893.114 1008.97 2762.92
1640000 862.395 895.577 1012.17 2770.14
1641000 859.419 893.408 1009.13 2761.96
1642000 856.79 890.394 1006.76 2753.94
1643000 855.974 889.718 1007 2752.69
1644000 858.565 892.715 1008.5 2759.78
1645000 863.566 897.067 1011.49 2772.12
1646000 864.531 896.816 1012.01 2773.36
1647000 864.939 895.368 1012.51 2772.81
1648000 862.972 893.928 1013.28 2770.18
1649000 866.293 895.297 1015.7 2777.29
1650000 867.345 898.405 1018.68 2784.43
1651000 866.789 899.622 1022.57 2788.99
1652000 865.08 899.396 1021.1 2785.58
1653000 866.439 898.153 1019.32 2783.91
1654000 871.455 905.951 1028.13 2805.54
1655000 870.589 905.58 1027.56 2803.73
1656000 863.32 900.457 1022.01 2785.78
1657000 865.325 901.321 1023.51 2790.15
1658000 863.773 897.355 1020.11 2781.24
1659000 868.058 901.156 1026.36 2795.57
1660000 874.711 904.684 1030.54 2809.93
1661000 873.778 904.744 1028.49 2807.01
1662000 869.486 903.545 1027.25 2800.28
1663000 871.199 903.789 1029.42 2804.4
1664000 871.686 902.459 1031.04 2805.19
1665000 872.048 901.395 1033.61 2807.05
1666000 874.839 901.159 1037.21 2813.2
1667000 883.26 906.844 1046.84 2836.95
1668000 881.546 905.859 1044.61 2832.01
1669000 878.065 903.578 1042.22 2823.86
1670000 883.738 912.289 1050.39 2846.42
1671000 884.269 913.591 1050.1 2847.96
1672000 878.991 911.725 1048.47 2839.19
1673000 879.124 912.413 1050.45 2841.99
1674000 883.927 912.573 1053.3 2849.8
1675000 882.562 912.413 1053.43 2848.41
1676000 883.246 912.345 1052.94 2848.53
1677000 883.821 915.116 1056.51 2855.45
1678000 890.558 920.92 1062.65 2874.13
1679000 886.659 916.682 1058.02 2861.36
1680000 888.161 917.543 1057.79 2863.49
1681000 890.113 915.53 1056.38 2862.02
1682000 890.124 915.633 1056.47 2862.23
1683000 892.136 919.157 1059.75 2871.05
1684000 897.965 925.012 1066.49 2889.47
1685000 899.068 926.141 1065.35 2890.56
1686000 895.714 922.435 1061.23 2879.38
1687000 897.275 923.256 1060.52 2881.05
1688000 901.596 925.516 1064.67 2891.78
1689000 905.059 925.714 1065.14 2895.91
1690000 905.741 931.701 1064.85 2902.29
1691000 903.738 933.535 1065.05 2902.32
1692000 902.506 934.581 1063.31 2900.4
1693000 905.014 936.016 1065.78 2906.81
1694000 901.271 934.516 1065.33 2901.11
1695000 903.982 937.685 1069.45 2911.11
1696000 905.456 939.684 1071.48 2916.63
1697000 905.67 939.744 1072.64 2918.05
1698000 903.317 938.786 1068.45 2910.55
1699000 903.568 941.715 1070.75 2916.03
1700000 906.291 944.736 1073.26 2924.28
1701000 902.479 941.945 1069.33 2913.75
1702000 904.559 943.511 1069.18 2917.25
1703000 906.93 945.21 1068.12 2920.26
1704000 906.08 945.688 1070.41 2922.18
1705000 905.507 947.028 1069.99 2922.52
1706000 906.522 949.612 1074.33 2930.46
1707000 902.649 948.352 1072.79 2923.79
1708000 901.87 947.014 1070.94 2919.82
1709000 906.862 954.823 1076.06 2937.74
1710000 908.217 959.495 1080.58 2948.29
1711000 910.007 960.626 1081.86 2952.5
1712000 907.594 959.585 1078.74 2945.92
1713000 909.897 961.465 1082.81 2954.17
1714000 911.408 961.795 1084.06 2957.26
1715000 907.058 957.823 1080.29 2945.17
1716000 907.82 960.179 1084.72 2952.72
1717000 907.288 963.973 1087.06 2958.32
1718000 911.801 970.668 1092.28 2974.75
1719000 910.015 968.108 1087.43 2965.55
1720000 909.001 969.878 1085.29 2964.17
1721000 913.085 974.192 1088.18 2975.46
1722000 914.16 974.791 1088.63 2977.58
1723000 916.594 976.832 1092.68 2986.1
1724000 918.726 978.488 1097.05 2994.27
1725000 920.884 979.608 1098.39 2998.88
1726000 922.809 981.71 1099.32 3003.84
1727000 924.179 982.92 1101.93 3009.03
1728000 920.425 981.388 1099.64 3001.45
1729000 923.423 982.09 1103.61 3009.13
1730000 922.681 982.652 1103.4 3008.73
1731000 931.807 989.889 1113.63 3035.33
1732000 930.924 986.751 1113.9 3031.57
1733000 937.791 989.899 1120.43 3048.12
1734000 941.529 994.104 1122.89 3058.52
1735000 940.766 994.214 1122.78 3057.76
1736000 939.521 993.398 1119.97 3052.89
1737000 935.507 987.55 1114.55 3037.61
1738000 936.197 986.364 1114.79 3037.35
1739000 943.571 990.195 1120.26 3054.02
1740000 941.082 988.653 1116.84 3046.58
1741000 943.524 992.011 1119.76 3055.29
1742000 948.49 994.505 1125.01 3068.01
1743000 946.62 991.686 1120 3058.31
1744000 949.869 989.065 1119.67 3058.6
1745000 952.11 990.891 1120.49 3063.49
1746000 952.772 990.132 1118.72 3061.62
1747000 956.844 993.143 1120.21 3070.19
1748000 960.21 996.066 1123.89 3080.17
1749000 962.247 996.308 1124.88 3083.43
1750000 959.181 994.746 1125.62 3079.55
1751000 960.974 997.436 1128.87 3087.28
1752000 965.189 1000.54 1133.43 3099.16
1753000 963.349 1001.58 1130.69 3095.61
1754000 964.775 1001.83 1131.95 3098.55
1755000 970.496 1005.56 1137.46 3113.52
1756000 966.968 1001.94 1130.78 3099.69
1757000 968.229 1000.44 1131.41 3100.08
1758000 971.661 1005.22 1137.19 3114.07
1759000 971.435 1004.5 1135.84 3111.78
1760000 965.939 1000.58 1131.12 3097.63
1761000 965.309 1001.12 1132.21 3098.64
1762000 962.641 999.896 1130.88 3093.42
1763000 969.352 1006.62 1134.33 3110.3
1764000 969.57 1008.25 1132.86 3110.68
1765000 973.682 1011.82 1135.1 3120.61
1766000 977.137 1012.71 1137.85 3127.7
1767000 978.246 1013.01 1137.33 3128.58
1768000 979.09 1011.77 1138.63 3129.5
1769000 982.437 1014.54 1139.87 3136.85
1770000 982.746 1013.95 1139.32 3136.01
1771000 980.38 1012.48 1137.72 3130.58
1772000 977.399 1011.16 1134.23 3122.79
1773000 977.559 1012 1134.89 3124.45
1774000 976.677 1008.22 1133.56 3118.46
1775000 982.168 1012.41 1138.79 3133.36
1776000 984.366 1014.32 1140.24 3138.92
1777000 990.928 1018.18 1142.17 3151.28
1778000 990.489 1017.23 1140.38 3148.1
1779000 990.363 1019.28 1140.11 3149.76
1780000 989.771 1021.59 1140.65 3152.01
1781000 990.646 1022.93 1141.77 3155.35
1782000 992.311 1025.15 1140.37 3157.83
1783000 996.824 1028.32 1144.9 3170.05
1784000 998.027 1032.42 1148.71 3179.15
1785000 1002.65 1034.69 1153.42 3190.77
1786000 999.261 1030.59 1148.46 3178.31
1787000 996.33 1030.86 1146.41 3173.6
1788000 998.237 1031.5 1146.66 3176.4
1789000 1000.26 1034.48 1148.17 3182.91
1790000 998.998 1031.04 1146.55 3176.59
1791000 1001.39 1036.48 1150.72 3188.58
1792000 1000.55 1036.64 1150.33 3187.52
1793000 1003.24 1040.11 1155.99 3199.34
1794000 1003.66 1039.56 1157.15 3200.37
1795000 1006.44 1041.48 1158.22 3206.14
1796000 1003.68 1037.37 1155.46 3196.51
1797000 1004.01 1040.75 1156.97 3201.73
1798000 1001.54 1041.36 1159.08 3201.98
1799000 1000.28 1041.32 1159.23 3200.84
1800000 1005.83 1047.46 1163.32 3216.61
1801000 1006.19 1047.17 1161.5 3214.86
1802000 1010.01 1049.85 1162.64 3222.5
1803000 1009.48 1047.82 1162.96 3220.25
1804000 1008.57 1046.45 1163.19 3218.21
1805000 1006.76 1043.57 1159.14 3209.47
1806000 1007.89 1040.83 1155.78 3204.49
1807000 1009.67 1044.92 1158.19 3212.77
1808000 1005.82 1042.2 1154.6 3202.63
1809000 1012.22 1047.17 1160.66 3220.04
1810000 1015.19 1050 1161.85 3227.04
1811000 1017.13 1049.62 1161.32 3228.08
1812000 1018.74 1052.29 1163.32 3234.35
1813000 1021.92 1056.74 1167.11 3245.77
1814000 1017.38 1056.32 1163.99 3237.69
1815000 1019.34 1056.22 1164.53 3240.09
1816000 1017.18 1053.4 1163.69 3234.27
1817000 1017.14 1055.01 1166.06 3238.21
1818000 1016.2 1057.78 1167.35 3241.33
1819000 1016.37 1058.11 1165.45 3239.93
1820000 1016.79 1060.91 1168.45 3246.14
1821000 1017.42 1061.5 1169.58 3248.5
1822000 1021.65 1065.95 1174.73 3262.32
1823000 1022.33 1070.31 1175.64 3268.28
1824000 1022.05 1070.92 1175.66 3268.63
1825000 1021.43 1069.33 1172.23 3262.99
1826000 1026.9 1074.06 1177.62 3278.59
1827000 1027.02 1073.85 1178.26 3279.13
1828000 1025.81 1073.95 1176.21 3275.98
1829000 1026.64 1072.88 1175.92 3275.44
1830000 1025.29 1069.43 1175.47 3270.19
1831000 1032.96 1073.09 1180.44 3286.49
1832000 1036.54 1077.03 1182.8 3296.37
1833000 1037.45 1076.42 1179.03 3292.9
1834000 1039.09 1077.3 1182.15 3298.54
1835000 1036.75 1077.08 1183.81 3297.63
1836000 1036.44 1075.1 1182.27 3293.8
1837000 1034.65 1074.43 1182.08 3291.16
1838000 1041.29 1081.61 1192.22 3315.13
1839000 1036.91 1076.91 1187.7 3301.53
1840000 1038.6 1077.51 1192.02 3308.13
1841000 1042.62 1082.02 1196.42 3321.06
1842000 1043.54 1080.5 1194.43 3318.47
1843000 1048.81 1086.96 1198.94 3334.7
1844000 1048.75 1088.09 1201.55 3338.39
1845000 1051.28 1093.76 1205.4 3350.44
1846000 1052.83 1100.38 1207.61 3360.82
1847000 1046.46 1094.2 1201.89 3342.55
1848000 1050.83 1096.75 1206.29 3353.86
1849000 1051.4 1097.65 1208.25 3357.3
1850000 1051.45 1098.73 1208.62 3358.8
1851000 1050.6 1098.52 1206.86 3355.98
1852000 1052.21 1100.12 1209.53 3361.87
1853000 1051.36 1100.05 1210.71 3362.12
1854000 1051.23 1100.78 1210.62 3362.63
1855000 1053.93 1104.63 1210.53 3369.1
1856000 1057.39 1108.86 1216.43 3382.68
1857000 1053.44 1103.68 1214.05 3371.17
1858000 1051.36 1099.74 1213.77 3364.88
1859000 1055.1 1103.58 1216.4 3375.08
1860000 1056.75 1104.83 1218.61 3380.19
1861000 1055.59 1104.04 1218.47 3378.1
1862000 1058.11 1106.64 1221.74 3386.49
1863000 1060.01 1106.34 1223.72 3390.07
1864000 1058.91 1103.15 1218.81 3380.87
1865000 1059.45 1104.92 1217.75 3382.13
1866000 1062.5 1108.94 1218.74 3390.17
1867000 1063.51 1108.35 1217.32 3389.18
1868000 1062.89 1109.05 1217.04 3388.98
1869000 1063.04 1112.28 1216.39 3391.7
1870000 1062.65 1112.67 1214.28 3389.6
1871000 1062.11 1110.06 1211.08 3383.24
1872000 1065.09 1112.13 1212.5 3389.72
1873000 1066.71 1114.17 1217.08 3397.96
1874000 1067.4 1113.91 1216.58 3397.89
1875000 1071.18 1116.69 1219.52 3407.39
1876000 1072.94 1117.15 1217.23 3407.32
1877000 1072.38 1114.53 1217.59 3404.5
1878000 1072.11 1115.04 1216.49 3403.65
1879000 1076.75 1120.45 1220.6 3417.81
1880000 1076.52 1118.17 1218.99 3413.68
1881000 1077.8 1119.97 1219.37 3417.14
1882000 1080.07 1120.59 1222.62 3423.28
1883000 1080.85 1121.03 1220.23 3422.12
1884000 1079.91 1117.97 1218.82 3416.7
1885000 1080.64 1120.24 1221.98 3422.86
1886000 1075.5 1115.55 1214.41 3405.47
1887000 1083.85 1123.92 1223.22 3430.99
1888000 1090.69 1129.19 1232.7 3452.57
1889000 1091.71 1129.61 1233.87 3455.19
1890000 1085.88 1128.28 1231.94 3446.1
1891000 1083.57 1128.64 1229.87 3442.08
1892000 1080.99 1130.11 1230.31 3441.41
1893000 1084.51 1134.52 1236.13 3455.16
1894000 1082.27 1132.87 1233.85 3448.99
1895000 1079.44 1127.47 1230.98 3437.89
1896000 1080.95 1130.4 1233.42 3444.77
1897000 1082.13 1130.62 1232.48 3445.23
1898000 1081.22 1129.68 1229.72 3440.63
1899000 1085.7 1132.66 1230.79 3449.15
1900000 1087.65 1134.79 1235.85 3458.29
1901000 1091.97 1135.82 1235.43 3463.22
1902000 1089.61 1132.32 1230.96 3452.89
1903000 1089.63 1132.41 1232.39 3454.44
1904000 1092.12 1137.31 1239.5 3468.93
1905000 1096.03 1142.11 1243.01 3481.16
1906000 1097.29 1143.26 1241.42 3481.97
1907000 1095.31 1139.9 1236.23 3471.43
1908000 1093.57 1139.14 1232.67 3465.38
1909000 1094.27 1139.57 1234.24 3468.08
1910000 1096.89 1143.27 1239.24 3479.4
1911000 1095.52 1143.72 1236.95 3476.19
1912000 1099.91 1145.14 1237.37 3482.42
1913000 1105.33 1148.24 1242.07 3495.64
1914000 1102.58 1141.43 1239.23 3483.24
1915000 1107.94 1143.61 1240.53 3492.08
1916000 1106.41 1142.02 1237.04 3485.47
1917000 1106.97 1146.23 1239.2 3492.4
1918000 1109.59 1152.35 1245.62 3507.57
1919000 1112.23 1153.25 1247.96 3513.43
1920000 1107.85 1150.43 1244.66 3502.94
1921000 1113.23 1151.75 1250.24 3515.22
1922000 1119.36 1155.8 1257.6 3532.75
1923000 1117.7 1151.75 1254.55 3524
1924000 1112.73 1145.84 1247.91 3506.48
1925000 1116.16 1145.74 1249.66 3511.56
1926000 1117.57 1145.82 1250.44 3513.84
1927000 1118.44 1147.68 1252.31 3518.43
1928000 1113.9 1142.9 1245.5 3502.29
1929000 1114.02 1142.33 1248.5 3504.85
1930000 1117.15 1146.96 1251.17 3515.28
1931000 1115.5 1145 1247.76 3508.26
1932000 1115.14 1142.45 1247.25 3504.84
1933000 1117.02 1142.56 1247.44 3507.02
1934000 1120.58 1146.27 1251.69 3518.54
1935000 1114.26 1138.86 1242.77 3495.89
1936000 1118.64 1140.96 1245.72 3505.32
1937000 1123.17 1144.47 1247.11 3514.75
1938000 1124.48 1147.19 1250.49 3522.16
1939000 1122.75 1148.1 1253.01 3523.86
1940000 1122.84 1150.32 1255.84 3529
1941000 1120.87 1150.81 1256.68 3528.36
1942000 1126.96 1153.98 1260.11 3541.05
1943000 1127.51 1153.3 1259.55 3540.37
1944000 1128.4 1153.16 1260.9 3542.45
1945000 1124.47 1150.77 1258.3 3533.54
1946000 1128.21 1152.32 1259.59 3540.12
1947000 1132.49 1158.02 1265.39 3555.89
1948000 1126.23 1154.88 1261.82 3542.92
1949000 1130.94 1158.63 1265.95 3555.52
1950000 1137.96 1160.96 1272.54 3571.46
1951000 1137.08 1158.09 1270.07 3565.24
1952000 1143.07 1165.39 1276.06 3584.51
1953000 1139.62 1165.02 1276.35 3580.98
1954000 1139.97 1162.95 1273.21 3576.14
1955000 1138.48 1163.37 1271.65 3573.5
1956000 1140.71 1165.91 1272.94 3579.56
1957000 1149.61 1171.59 1277.01 3598.22
1958000 1150.53 1175.76 1277.4 3603.69
1959000 1153.97 1180.46 1283.96 3618.39
1960000 1151.56 1180.01 1278.95 3610.51
1961000 1151.29 1179.58 1275.36 3606.23
1962000 1154.2 1186.16 1282.36 3622.72
1963000 1151.02 1185.78 1279.32 3616.11
1964000 1154.9 1186.71 1281.89 3623.5
1965000 1155.19 1183.88 1279.22 3618.29
1966000 1157.12 1187.31 1282.55 3626.98
1967000 1151.64 1183.22 1280.09 3614.96
1968000 1150.27 1178.07 1278.14 3606.49
1969000 1157.72 1183.16 1282.78 3623.67
1970000 1166.44 1193.77 1292.67 3652.87
1971000 1162.56 1188.48 1287.99 3639.02
1972000 1167.81 1193.19 1292.27 3653.27
1973000 1168.97 1195.1 1292.95 3657.02
1974000 1165.4 1190.85 1290.71 3646.95
1975000 1164.6 1187.33 1288.86 3640.79
1976000 1165.29 1187.84 1289.58 3642.72
1977000 1166.91 1192.71 1289.69 3649.31
1978000 1167.83 1193.57 1290.32 3651.72
1979000 1166.64 1191.02 1290.73 3648.39
1980000 1167.65 1189.73 1291.96 3649.34
1981000 1164.62 1184.78 1290.45 3639.85
1982000 1167.35 1188.02 1296.24 3651.6
1983000 1170.93 1187.49 1297.07 3655.49
1984000 1168.67 1183.42 1294.32 3646.4
1985000 1174.62 1187.02 1299.1 3660.75
1986000 1181.83 1196.72 1309.02 3687.57
1987000 1177.04 1190.9 1303.19 3671.13
1988000 1179.78 1194.84 1308.79 3683.41
1989000 1180.48 1196.65 1310.48 3687.6
1990000 1180.27 1199.4 1307.65 3687.32
1991000 1178.22 1198.39 1307.16 3683.76
1992000 1177.65 1199.76 1307.59 3685
1993000 1183.48 1204.11 1313 3700.59
1994000 1187.71 1206.66 1317.68 3712.05
1995000 1180.75 1201.91 1311.44 3694.1
1996000 1177.9 1200.65 1303.81 3682.37
1997000 1181.75 1205.41 1305.17 3692.33
1998000 1177.14 1202.97 1299.64 3679.75
1999000 1186.45 1213.5 1308.52 3708.47
2000000 1187.07 1217.53 1311.13 3715.73
2001000 1184.35 1216.77 1306.92 3708.04
2002000 1184.82 1224.01 1310.36 3719.19
2003000 1187.63 1229.14 1314.16 3730.93
2004000 1183.14 1226.85 1309.62 3719.61
2005000 1181.78 1223.78 1307.23 3712.79
2006000 1185.35 1226.5 1311.3 3723.14
2007000 1191.24 1229.2 1314.18 3734.61
2008000 1195.72 1230.73 1313.22 3739.68
2009000 1196.27 1233.82 1313.77 3743.86
2010000 1200.57 1238.23 1317.73 3756.53
2011000 1196 1232.4 1311.14 3739.55
2012000 1200.95 1236.05 1315.58 3752.58
2013000 1204.11 1238.11 1317.48 3759.69
2014000 1203.54 1235.52 1314.95 3754.01
2015000 1201.52 1232.86 1312.35 3746.74
2016000 1207.65 1234.01 1316.95 3758.61
2017000 1210.48 1233.45 1316.34 3760.27
2018000 1208.6 1233.54 1318.49 3760.63
2019000 1208.38 1231.12 1318.16 3757.66
2020000 1205.71 1231.16 1316.83 3753.71
2021000 1213.29 1237.44 1323.86 3774.59
2022000 1209.79 1233.33 1318.7 3761.82
2023000 1214.41 1237.8 1324.26 3776.47
2024000 1217.03 1238.95 1326.17 3782.15
2025000 1220.3 1243.57 1330.8 3794.67
2026000 1216.08 1241.68 1324.53 3782.29
2027000 1216.84 1239.09 1323.42 3779.36
2028000 1223.12 1244.46 1329.83 3797.4
2029000 1219.49 1241.61 1326.33 3787.43
2030000 1220.45 1241.11 1328.68 3790.24
2031000 1213.14 1236.67 1321.29 3771.1
2032000 1219.85 1244.29 1330.32 3794.46
2033000 1220.6 1245.72 1335.02 3801.34
2034000 1223.11 1244.24 1335.35 3802.7
2035000 1224.06 1244.72 1334.33 3803.11
2036000 1224.33 1245.9 1335.38 3805.61
2037000 1224.87 1241.65 1333.21 3799.73
2038000 1229.26 1248.41 1339.73 3817.41
2039000 1230.61 1250.53 1344.67 3825.8
2040000 1230.28 1252.02 1344.42 3826.72
2041000 1228.8 1251.5 1343.71 3824
2042000 1218.27 1244.65 1337.38 3800.29
2043000 1223.49 1247.37 1341.28 3812.13
2044000 1225.52 1248.52 1340.11 3814.16
2045000 1225.92 1246.4 1337.08 3809.4
2046000 1232.46 1253.58 1345.51 3831.55
2047000 1233.48 1257.32 1349.28 3840.09
2048000 1236.35 1260.21 1351.73 3848.29
2049000 1239.6 1264.01 1353.82 3857.42
2050000 1234.86 1261.51 1347.83 3844.19
2051000 1232.35 1260.89 1346.52 3839.76
2052000 1233.72 1261.19 1347.14 3842.05
2053000 1233.56 1262.4 1343.22 3839.18
2054000 1239.68 1266.49 1347.24 3853.42
2055000 1247 1272.68 1351.81 3871.5
2056000 1238 1263.93 1343.9 3845.83
2057000 1233.68 1259.67 1339.12 3832.47
2058000 1238.31 1266.98 1348.78 3854.07
2059000 1238.08 1267.32 1350.68 3856.08
2060000 1236.75 1266.12 1348.66 3851.53
2061000 1236.89 1268.29 1348.83 3854.01
2062000 1237.7 1269.19 1350.59 3857.48
2063000 1246.12 1275.67 1359.53 3881.32
2064000 1243.47 1277.82 1359.61 3880.9
2065000 1245.93 1281.2 1362.7 3889.84
2066000 1247.66 1284.1 1365.44 3897.2
2067000 1244.07 1280.56 1363.35 3887.98
2068000 1248 1285.51 1367.98 3901.49
2069000 1247.24 1283.49 1368.58 3899.31
2070000 1249.62 1284.39 1370.34 3904.34
2071000 1249.8 1286.17 1369.83 3905.8
2072000 1249.03 1287.48 1367.65 3904.16
2073000 1250.91 1288.66 1366.28 3905.85
2074000 1247.96 1286.99 1362.96 3897.92
2075000 1251.72 1291.92 1368.13 3911.77
2076000 1258.24 1299.41 1376.93 3934.58
2077000 1254.44 1294.7 1371.85 3921
2078000 1252.27 1292.92 1369.66 3914.85
2079000 1256.94 1297.12 1371.8 3925.86
2080000 1258.32 1298.41 1367.21 3923.94
2081000 1254.88 1294.88 1360.43 3910.18
2082000 1252.87 1292.97 1357.7 3903.55
2083000 1261.43 1299.44 1361.45 3922.32
2084000 1267.26 1303.12 1361.62 3931.99
2085000 1269.23 1307.03 1362.21 3938.47
2086000 1270.71 1305.57 1361.61 3937.89
2087000 1274.07 1310.53 1364.05 3948.64
2088000 1271.19 1308.45 1361.3 3940.95
2089000 1269.18 1301.78 1357.58 3928.54
2090000 1280.22 1312.96 1368.75 3961.92
2091000 1273.66 1309.04 1360.85 3943.55
2092000 1271.87 1310.44 1361.06 3943.37
2093000 1273.52 1314.35 1363.63 3951.5
2094000 1270.05 1312.15 1357.46 3939.66
2095000 1282.43 1324.22 1366.42 3973.07
2096000 1288.25 1327.32 1370.08 3985.65
2097000 1281.49 1320.91 1364.54 3966.95
2098000 1279.94 1319.33 1366.01 3965.28
2099000 1282.3 1319.06 1365.7 3967.05
2100000 1277.8 1314.66 1359.31 3951.77
2101000 1286.18 1322.7 1367.2 3976.08
2102000 1285.89 1322.92 1366.15 3974.96
2103000 1281.83 1319.32 1365 3966.15
2104000 1281.25 1317.51 1364.26 3963.02
2105000 1281.97 1323.47 1368.59 3974.04
2106000 1287.66 1330.91 1373.57 3992.13
2107000 1292.82 1333.85 1377.2 4003.86
2108000 1289.95 1330.73 1370.28 3990.95
2109000 1295.98 1334.28 1374.68 4004.94
2110000 1293.54 1334.07 1375.33 4002.93
2111000 1292.49 1335.69 1375.43 4003.61
2112000 1295.2 1339.52 1378.76 4013.48
2113000 1290.3 1335.15 1374.91 4000.35
2114000 1297.45 1341.22 1383.24 4021.91
2115000 1293.49 1335.25 1377.59 4006.33
2116000 1294.26 1335.24 1377.5 4006.99
2117000 1297.46 1340.6 1381.36 4019.42
2118000 1294.93 1337.62 1376.04 4008.59
2119000 1294.78 1337.6 1375.6 4007.99
2120000 1294.97 1340.73 1377.36 4013.06
2121000 1298.77 1343.5 1380.16 4022.44
2122000 1295.26 1339.38 1375.69 4010.33
2123000 1302.24 1345.79 1383.28 4031.31
2124000 1306.35 1350.3 1387.86 4044.52
2125000 1302.84 1345.81 1383.5 4032.15
2126000 1299.49 1342.12 1380.63 4022.25
2127000 1303.36 1346.4 1385.35 4035.11
2128000 1300.13 1344.25 1381.4 4025.78
2129000 1300.25 1346.15 1384.29 4030.69
2130000 1300.63 1345.59 1387.11 4033.33
2131000 1296.76 1341.96 1381.58 4020.3
2132000 1302.78 1347.83 1385.19 4035.8
2133000 1311.15 1356.19 1393.28 4060.62
2134000 1309.42 1354.97 1393.34 4057.73
2135000 1310.92 1356.68 1394.41 4062
2136000 1307.97 1350.52 1387.96 4046.45
2137000 1307.7 1350.77 1387.16 4045.63
2138000 1315.56 1356.25 1391.42 4063.23
2139000 1319.98 1359.75 1392.91 4072.64
2140000 1319.27 1362.83 1389.52 4071.63
2141000 1314.92 1361.56 1384.71 4061.19
2142000 1322.83 1367.56 1390.99 4081.38
2143000 1321.65 1363.45 1389.08 4074.18
2144000 1330.57 1367.67 1393.73 4091.97
2145000 1335.44 1371.83 1395.19 4102.46
2146000 1335.77 1372.9 1395.01 4103.68
2147000 1336.48 1369.36 1394.31 4100.15
2148000 1335.92 1369.34 1394.21 4099.47
2149000 1335.97 1369.58 1395.03 4100.58
2150000 1335.13 1369.16 1393.61 4097.9
2151000 1341.98 1374.98 1399.46 4116.43
2152000 1349.9 1381.76 1406.18 4137.84
2153000 1344.16 1378.37 1400.73 4123.26
2154000 1344.14 1380.38 1401.36 4125.88
2155000 1348.1 1378.71 1402.7 4129.51
2156000 1356.32 1382.95 1406.85 4146.12
2157000 1356.18 1381.68 1405.23 4143.1
2158000 1349.64 1381.29 1402.61 4133.55
2159000 1348.58 1381.88 1403.98 4134.43
2160000 1354.73 1389.11 1407.99 4151.82
2161000 1348.81 1383.29 1401.62 4133.72
2162000 1357.25 1389.79 1409.71 4156.75
2163000 1354.68 1386.81 1405.19 4146.67
2164000 1348.95 1381.99 1399.26 4130.2
2165000 1347.6 1380.35 1398.08 4126.02
2166000 1351.8 1385.86 1402.78 4140.44
2167000 1353.07 1387.94 1402.91 4143.93
2168000 1358.18 1391.71 1408.69 4158.59
2169000 1353.51 1384.64 1401.02 4139.17
2170000 1352.88 1380.74 1398.32 4131.95
2171000 1361.87 1390.47 1408.73 4161.06
2172000 1360.02 1390.64 1406.17 4156.83
2173000 1358.82 1390.76 1404.35 4153.93
2174000 1362.79 1395.77 1407.16 4165.73
2175000 1363.77 1397.62 1404.34 4165.74
2176000 1364.98 1399.21 1403.56 4167.76
2177000 1369.52 1401.41 1404.99 4175.93
2178000 1374.52 1406.2 1407.86 4188.58
2179000 1371.16 1404.18 1405.19 4180.53
2180000 1371.75 1406.33 1404.71 4182.78
2181000 1378.26 1410.44 1408.85 4197.55
2182000 1382.98 1411.91 1410.88 4205.77
2183000 1379.44 1409.4 1409.95 4198.78
2184000 1370.74 1400.46 1403.41 4174.61
2185000 1372.68 1404.91 1409.11 4186.7
2186000 1374.52 1411.77 1414.91 4201.19
2187000 1374.5 1418.32 1416.65 4209.47
2188000 1376.1 1424.91 1417.74 4218.74
2189000 1371.84 1422.91 1413.98 4208.73
2190000 1368.95 1420.54 1415 4204.5
2191000 1373.07 1425.55 1420.72 4219.34
2192000 1370.11 1425.1 1418.16 4213.37
2193000 1370.55 1423.88 1416.32 4210.75
2194000 1373.3 1426.82 1417.64 4217.76
2195000 1376.73 1431.35 1420.91 4228.98
2196000 1378.29 1434.56 1424.61 4237.46
2197000 1376.46 1434.13 1423.08 4233.66
2198000 1374.3 1432.18 1421.75 4228.23
2199000 1371.83 1428.07 1423.29 4223.19
2200000 1370.78 1426.97 1420.92 4218.68
2201000 1371.2 1432.01 1425.27 4228.48
2202000 1383.76 1442.4 1435.92 4262.08
2203000 1380.46 1439.5 1434.05 4254.01
2204000 1382.31 1439.75 1432.77 4254.83
2205000 1381.1 1438.39 1431.38 4250.87
2206000 1375.68 1431.26 1426.24 4233.18
2207000 1381.56 1437.78 1433.42 4252.75
2208000 1379.4 1438.49 1432.93 4250.83
2209000 1385.74 1445.59 1439.08 4270.4
2210000 1384.75 1445.73 1435.21 4265.69
2211000 1384.22 1445.26 1435.44 4264.93
2212000 1390.64 1452.4 1440.54 4283.58
2213000 1391.78 1450.22 1442.48 4284.48
2214000 1392.18 1447.92 1444.19 4284.29
2215000 1380.21 1441.46 1436.52 4258.19
2216000 1381.52 1446.36 1437.04 4264.93
2217000 1387.04 1454.03 1441.38 4282.45
2218000 1392.96 1460.6 1448.43 4302
2219000 1386.72 1453.45 1442.01 4282.18
2220000 1386.47 1451.78 1439.62 4277.88
2221000 1384.74 1449.77 1437.52 4272.03
2222000 1385.28 1447.14 1433.29 4265.71
2223000 1385.28 1445.06 1432.88 4263.23
2224000 1388.89 1450 1437.72 4276.62
2225000 1396.35 1458.94 1446.02 4301.31
2226000 1392.09 1454.7 1444.41 4291.2
2227000 1389.67 1451.87 1441.36 4282.9
2228000 1392.25 1453.4 1448.08 4293.73
2229000 1392.47 1453.64 1450.92 4297.03
2230000 1389.02 1450.43 1446.48 4285.93
2231000 1396.91 1456.41 1451.43 4304.75
2232000 1404.16 1461.37 1459.54 4325.07
2233000 1407.02 1459.11 1463.5 4329.63
2234000 1409.85 1460.76 1464.99 4335.61
2235000 1412.33 1461.9 1469.25 4343.48
2236000 1412.11 1459.92 1465.62 4337.64
2237000 1415.15 1465.15 1469.64 4349.95
2238000 1418.67 1468.56 1472.72 4359.96
2239000 1413.89 1466.82 1467.81 4348.52
2240000 1418.76 1469.99 1470.59 4359.34
2241000 1419.61 1468.23 1475.1 4362.94
2242000 1420.03 1465.72 1470.78 4356.53
2243000 1426.07 1468.19 1474.7 4368.95
2244000 1426.38 1469.99 1477.87 4374.24
2245000 1426.39 1471.1 1473.8 4371.29
2246000 1429.5 1476.32 1476.86 4382.68
2247000 1430.72 1476.99 1477.7 4385.41
2248000 1428.05 1474.97 1475.19 4378.2
2249000 1427.41 1475.44 1472.71 4375.57
2250000 1432.95 1481.08 1475.99 4390.02
2251000 1440.57 1489.14 1484.7 4414.41
2252000 1436.29 1485.94 1482.9 4405.12
2253000 1435.41 1484.27 1480.33 4400
2254000 1435.7 1483.36 1482.18 4401.24
2255000 1437.93 1484.25 1487.35 4409.54
2256000 1438.1 1480.85 1486.77 4405.72
2257000 1443.94 1485.92 1492.58 4422.43
2258000 1448.95 1493.12 1497.49 4439.56
2259000 1443.82 1485.11 1492.07 4421
2260000 1449.44 1487.22 1494.77 4431.43
2261000 1446.47 1484.71 1491.64 4422.81
2262000 1445.77 1484.36 1491.09 4421.21
2263000 1453.53 1497.05 1501.99 4452.58
2264000 1450.54 1497.36 1499.79 4447.69
2265000 1445.72 1492.69 1496.44 4434.85
2266000 1441.5 1492.15 1494.07 4427.72
2267000 1447.9 1498.64 1496.99 4443.53
2268000 1441 1489.8 1487.05 4417.85
2269000 1444.88 1492.22 1489.31 4426.41
2270000 1450.04 1496.08 1496.17 4442.3
2271000 1451.41 1499.98 1496 4447.39
2272000 1457.94 1508.4 1506.92 4473.26
2273000 1454.01 1502.62 1501.26 4457.88
2274000 1447.17 1493.83 1492.73 4433.73
2275000 1452.81 1501.98 1501.9 4456.69
2276000 1446.76 1497.04 1497.16 4440.96
2277000 1445.59 1495.62 1495.25 4436.46
2278000 1453.45 1505.05 1507.59 4466.09
2279000 1457.14 1510.32 1512.34 4479.8
2280000 1454.09 1507.75 1509.97 4471.81
2281000 1451.35 1508.4 1508.3 4468.05
2282000 1444.18 1505.24 1504.4 4453.82
2283000 1448.58 1510.42 1510.64 4469.64
2284000 1445.9 1507.35 1508.11 4461.35
2285000 1452.12 1511.25 1512.66 4476.03
2286000 1452.05 1508.49 1509.48 4470.01
2287000 1462.57 1519.1 1518.98 4500.66
2288000 1461.44 1517.02 1516.81 4495.27
2289000 1455.53 1512.01 1514.55 4482.09
2290000 1454.46 1511.11 1514.24 4479.81
2291000 1446.91 1502.26 1504.07 4453.24
2292000 1453.58 1509.05 1513.75 4476.38
2293000 1459.99 1517.69 1520.12 4497.8
2294000 1463.89 1521.31 1522.08 4507.28
2295000 1465.04 1522.98 1520.81 4508.84
2296000 1465.22 1524.26 1519.44 4508.92
2297000 1470.24 1530.99 1525.74 4526.98
2298000 1465.3 1529.62 1521.66 4516.58
2299000 1466.58 1531.48 1523.74 4521.81
2300000 1469.79 1535.38 1528.08 4533.25
2301000 1469.9 1532.01 1525.49 4527.39
2302000 1471.19 1529.06 1524.48 4524.73
2303000 1478.04 1533.92 1530.03 4541.98
2304000 1475.22 1530.61 1525.77 4531.6
2305000 1472.29 1526.75 1521.43 4520.47
2306000 1481.25 1532.72 1529.78 4543.75
2307000 1481.49 1530.29 1526.7 4538.49
2308000 1483 1528.37 1525.62 4536.99
2309000 1492.17 1538.37 1530.67 4561.21
2310000 1490.24 1536.1 1528.69 4555.03
2311000 1495.77 1542.71 1535.56 4574.05
2312000 1494.9 1541.17 1535.79 4571.86
2313000 1490.36 1537.21 1530.72 4558.3
2314000 1492.2 1537.61 1533.9 4563.71
2315000 1491.85 1538.16 1533.99 4564
2316000 1487.93 1537.46 1529 4554.39
2317000 1484.89 1533.36 1525.08 4543.32
2318000 1494.78 1537.48 1530.81 4563.08
2319000 1496.06 1540.34 1533.09 4569.49
2320000 1501.26 1546.15 1542.03 4589.45
2321000 1494.67 1538.08 1534.04 4566.79
2322000 1494.36 1540.48 1536.66 4571.49
2323000 1501.51 1544.03 1544.88 4590.43
2324000 1503.49 1543.48 1547.1 4594.08
2325000 1512.11 1554.19 1557.56 4623.86
2326000 1504.19 1546.13 1550 4600.32
2327000 1504.41 1546.53 1548.1 4599.04
2328000 1506.11 1546.8 1551.57 4604.48
2329000 1502.88 1547.09 1553.41 4603.39
2330000 1506.47 1553.05 1557.44 4616.96
2331000 1510.99 1557.33 1556.67 4624.99
2332000 1510.28 1553.19 1555.33 4618.8
2333000 1513.51 1552.18 1555.84 4621.53
2334000 1509.19 1544.79 1549.41 4603.39
2335000 1503.06 1543.62 1547.81 4594.49
2336000 1510.7 1552.24 1555.16 4618.1
2337000 1511.11 1552.43 1552.93 4616.47
2338000 1516.31 1556.83 1559 4632.14
2339000 1517.36 1558.76 1560.24 4636.36
2340000 1517.39 1559.11 1562.82 4639.32
2341000 1509.5 1552.02 1556.14 4617.66
2342000 1515 1555.74 1562.27 4633.02
2343000 1518.64 1559.88 1570.66 4649.18
2344000 1518.17 1559.92 1571.54 4649.63
2345000 1519.75 1564.43 1572.74 4656.92
2346000 1510.19 1553.25 1563.52 4626.96
2347000 1518.19 1558.57 1568.75 4645.5
2348000 1524.03 1562.65 1573.44 4660.12
2349000 1529.32 1565.62 1577.71 4672.66
2350000 1531.14 1562.5 1574.61 4668.25
2351000 1531 1564.95 1575.62 4671.57
2352000 1525.55 1559.74 1574.18 4659.47
2353000 1535.07 1569.55 1586.13 4690.75
2354000 1533.61 1568.63 1586.22 4688.45
2355000 1536.95 1569.59 1587.83 4694.36
2356000 1537.37 1568.99 1584.86 4691.22
2357000 1540.01 1570.84 1585.74 4696.59
2358000 1541.01 1571.68 1586.97 4699.66
2359000 1548.53 1581.88 1593.07 4723.48
2360000 1546.72 1581.65 1591.2 4719.57
2361000 1543.53 1577.98 1587.4 4708.91
2362000 1546.96 1576.92 1589.54 4713.42
2363000 1544.58 1571.45 1585.81 4701.83
2364000 1543.34 1571.16 1585.11 4699.61
2365000 1538.45 1566.42 1576.34 4681.21
2366000 1538.18 1567.16 1576.63 4681.97
2367000 1550.91 1578.22 1586.43 4715.56
2368000 1551.92 1578.31 1584.04 4714.28
2369000 1555.7 1581 1585.27 4721.97
2370000 1549.5 1571.9 1578.53 4699.93
2371000 1553.82 1577.64 1586.36 4717.82
2372000 1554.34 1580.5 1588.73 4723.57
2373000 1556.76 1584.13 1587.63 4728.51
2374000 1548.24 1576.91 1581.83 4706.98
2375000 1553.57 1582.14 1588.26 4723.97
2376000 1557.69 1587.67 1591.71 4737.06
2377000 1555.41 1586.42 1589.91 4731.74
2378000 1546.27 1577.58 1578.23 4702.08
2379000 1550.49 1583.35 1582.81 4716.65
2380000 1541.1 1575.3 1573.94 4690.34
2381000 1551.71 1589.03 1588.45 4729.2
2382000 1551.95 1590.23 1590.56 4732.73
2383000 1551.49 1588.55 1587.28 4727.32
2384000 1554.16 1590.85 1590.19 4735.2
2385000 1555.23 1596.25 1593.32 4744.8
2386000 1555.35 1595.08 1591.32 4741.75
2387000 1554.39 1595.6 1590.91 4740.9
2388000 1556.41 1598.85 1591.77 4747.03
2389000 1564 1606.66 1597.1 4767.75
2390000 1562.25 1600.22 1593.83 4756.3
2391000 1565.58 1599.32 1593.5 4758.4
2392000 1568.1 1597.75 1594.62 4760.47
2393000 1564.5 1592.05 1591.54 4748.09
2394000 1571.2 1598.91 1598.75 4768.86
2395000 1576.46 1609.18 1606.73 4792.37
2396000 1569.64 1607.26 1601.24 4778.14
2397000 1563.75 1605.03 1596.3 4765.08
2398000 1563.97 1605.32 1595.88 4765.17
2399000 1563.19 1603.93 1597.42 4764.53
2400000 1560.42 1601.57 1592.75 4754.74
2401000 1565.21 1608.46 1597.93 4771.6
2402000 1559.62 1605.56 1596.63 4761.81
2403000 1558.06 1601.83 1597.07 4756.96
2404000 1560.38 1600.19 1595.29 4755.86
2405000 1560.35 1601.61 1592.36 4754.31
2406000 1561.33 1603.98 1593.59 4758.91
2407000 1565.83 1606.32 1598.61 4770.76
2408000 1562.84 1601.61 1598.66 4763.11
2409000 1560.13 1600.63 1595.52 4756.28
2410000 1566.86 1609.47 1605.53 4781.87
2411000 1567.52 1613.28 1609.78 4790.58
2412000 1562.73 1606.9 1605.22 4774.86
2413000 1558.33 1599.31 1601.16 4758.8
2414000 1565.74 1608.66 1614.33 4788.73
2415000 1573.25 1612.92 1618.5 4804.68
2416000 1567.16 1608.82 1616.85 4792.83
2417000 1565.7 1609.64 1618.91 4794.25
2418000 1570.12 1616 1621.36 4807.49
2419000 1568.9 1615.43 1616.41 4800.74
2420000 1573.47 1619.42 1620.21 4813.1
2421000 1580.01 1625.11 1624.12 4829.25
2422000 1580.49 1624.11 1628.08 4832.68
2423000 1580.59 1626.26 1632.32 4839.17
2424000 1584.1 1629.63 1637.51 4851.24
2425000 1580.97 1628.18 1636.87 4846.02
2426000 1584.12 1634.84 1644.58 4863.54
2427000 1586.4 1635.9 1642.61 4864.9
2428000 1579.23 1629.65 1635.52 4844.4
2429000 1586.77 1635.62 1639.97 4862.36
2430000 1590.59 1640.16 1645.34 4876.1
2431000 1584.75 1636.69 1642.11 4863.55
2432000 1585.16 1636.4 1643.46 4865.02
2433000 1587.09 1635.81 1646.44 4869.34
2434000 1587.47 1635.87 1648.95 4872.29
2435000 1587.32 1635.67 1652.77 4875.76
2436000 1587.71 1633.62 1652.25 4873.57
2437000 1594.91 1639.33 1659.89 4894.13
2438000 1592.06 1637.83 1657.3 4887.18
2439000 1583.65 1633.25 1648.93 4865.84
2440000 1596.19 1643.34 1662.27 4901.8
2441000 1594.6 1640.4 1659.12 4894.11
2442000 1593.76 1641.32 1660.74 4895.83
2443000 1594.48 1642.74 1658.57 4895.79
2444000 1596.9 1642.58 1659.47 4898.95
2445000 1592.76 1643.19 1658.48 4894.43
2446000 1591.87 1646.99 1659.37 4898.23
2447000 1601.23 1653.45 1671.84 4926.52
2448000 1603.12 1652.71 1673.39 4929.23
2449000 1601.22 1653.02 1674.08 4928.32
2450000 1596.49 1649.51 1669.76 4915.76
2451000 1600.27 1653.14 1671.14 4924.54
2452000 1596.98 1648.73 1667.27 4912.98
2453000 1601.28 1649.71 1669.73 4920.71
2454000 1601.49 1650.05 1670.26 4921.8
2455000 1602.69 1652.39 1674.08 4929.16
2456000 1604.34 1654.73 1678.17 4937.23
2457000 1604.54 1656 1677.03 4937.57
2458000 1605.72 1659.18 1678.55 4943.44
2459000 1601.43 1657.18 1679.11 4937.72
2460000 1608.43 1666.87 1688.32 4963.62
2461000 1605.14 1667.07 1685.33 4957.55
2462000 1612.08 1673.43 1691.23 4976.73
2463000 1610.6 1669.96 1687.21 4967.77
2464000 1616.18 1677.25 1694.4 4987.83
2465000 1607.17 1669.86 1686.3 4963.33
2466000 1601.11 1664.93 1682.19 4948.23
2467000 1610.35 1674.04 1689.65 4974.05
2468000 1613.81 1680.04 1693.97 4987.82
2469000 1617.91 1684.31 1697.04 4999.26
2470000 1611.16 1682.95 1696.41 4990.53
2471000 1608.99 1682.69 1693.38 4985.06
2472000 1607.09 1684.12 1695.22 4986.42
2473000 1608.07 1684.95 1696.53 4989.54
2474000 1612.32 1690.99 1697.21 5000.52
2475000 1613.8 1694.32 1697.67 5005.79
2476000 1610.82 1690.77 1690.89 4992.49
2477000 1607.37 1685.62 1681.9 4974.89
2478000 1617.75 1694.35 1690.53 5002.63
2479000 1627.14 1701.43 1696.26 5024.84
2480000 1622.91 1692.68 1688.71 5004.31
2481000 1632.09 1704.93 1702.11 5039.13
2482000 1615.25 1687.27 1683.64 4986.16
2483000 1620.6 1693.49 1687.13 5001.22
2484000 1629.77 1696.04 1696.77 5022.58
2485000 1624.51 1690.66 1694.06 5009.23
2486000 1627.68 1693.15 1698.86 5019.69
2487000 1624.31 1690.09 1694.62 5009.02
2488000 1628.76 1689.67 1697.73 5016.15
2489000 1624.88 1686.37 1693.36 5004.6
2490000 1622.99 1686.08 1689.55 4998.62
2491000 1629.02 1690.15 1694.52 5013.69
2492000 1628.5 1687.19 1694.59 5010.27
2493000 1631.21 1690.72 1698.32 5020.25
2494000 1631.4 1687 1697.68 5016.08
2495000 1634.95 1688.89 1700.32 5024.16
2496000 1631.44 1686.19 1697.55 5015.18
2497000 1632.02 1685.63 1698.28 5015.93
2498000 1630.39 1682.38 1701.46 5014.24
2499000 1631.71 1683.29 1707.9 5022.9
2500000 1644.81 1694.28 1719.79 5058.88
2501000 1641.53 1690.39 1715.37 5047.3
2502000 1643.17 1688.11 1715.46 5046.74
2503000 1648.03 1691.62 1717.62 5057.27
2504000 1647.52 1691.89 1716.73 5056.14
2505000 1650.45 1689.6 1714.4 5054.44
2506000 1656.51 1693.71 1718.18 5068.4
2507000 1654.18 1691.58 1714.82 5060.58
2508000 1653.88 1689.52 1711.8 5055.2
2509000 1660.75 1694.2 1716.66 5071.6
2510000 1665.7 1698.76 1718.7 5083.15
2511000 1668.25 1701.34 1718.78 5088.37
2512000 1665.46 1697.27 1715.81 5078.53
2513000 1664.54 1697.77 1717.07 5079.37
2514000 1665.45 1702.15 1720.67 5088.27
2515000 1665.24 1706.62 1720.81 5092.67
2516000 1668.32 1711.63 1724.01 5103.96
2517000 1671.47 1709.09 1725.29 5105.85
2518000 1665.62 1705.01 1720.38 5091
2519000 1669.23 1708.58 1720.08 5097.89
2520000 1676.15 1717.8 1725.38 5119.32
2521000 1677.37 1719.61 1727.87 5124.85
2522000 1668.91 1712.4 1719.48 5100.79
2523000 1673.79 1716.23 1723.77 5113.79
2524000 1672.46 1711.67 1721.67 5105.8
2525000 1674.31 1711.11 1723.94 5109.36
2526000 1680.33 1711.83 1727.21 5119.37
2527000 1671.84 1701.42 1717.6 5090.86
2528000 1677.77 1706.76 1723.38 5107.92
2529000 1678.25 1707.26 1723.6 5109.11
2530000 1676.79 1707.11 1720.64 5104.54
2531000 1689.87 1721.36 1737.71 5148.94
2532000 1686.12 1716.62 1733.8 5136.54
2533000 1676.37 1713.07 1726.82 5116.26
2534000 1682.2 1715.91 1730.74 5128.85
2535000 1680.64 1712.97 1725.68 5119.29
2536000 1684.23 1718.55 1726.67 5129.46
2537000 1688.52 1723.58 1734.27 5146.37
2538000 1688.12 1722.9 1735.14 5146.15
2539000 1682.65 1719.45 1731.31 5133.4
2540000 1681.65 1717.78 1731.11 5130.54
2541000 1693.34 1730.22 1744.34 5167.9
2542000 1691.05 1726.18 1737.59 5154.83
2543000 1691.49 1726.73 1734.92 5153.15
2544000 1698.04 1729.3 1741.14 5168.48
2545000 1706.52 1734.2 1745.72 5186.43
2546000 1693.25 1727.59 1737.77 5158.61
2547000 1698.57 1730.73 1742.09 5171.39
2548000 1701.64 1733.62 1745.23 5180.49
2549000 1706.29 1740.6 1755.77 5202.66
2550000 1700.22 1733.84 1747.34 5181.4
2551000 1694.99 1732.55 1744.86 5172.4
2552000 1703.98 1738.62 1753.53 5196.13
2553000 1699.91 1733.11 1746.35 5179.37
2554000 1704.03 1734.17 1743.65 5181.84
2555000 1708.35 1738.59 1749.48 5196.42
2556000 1701.63 1734.86 1746.51 5183
2557000 1707.48 1742.87 1755.3 5205.64
2558000 1713.82 1748.03 1760.24 5222.09
2559000 1719.77 1750.08 1762.86 5232.71
2560000 1717.95 1747.64 1755.85 5221.44
2561000 1719.63 1749.51 1758.42 5227.56
2562000 1718.84 1749.5 1760.92 5229.26
2563000 1718.31 1751.13 1763.87 5233.31
2564000 1725.41 1758.97 1774.73 5259.1
2565000 1719.97 1755.53 1766.95 5242.45
2566000 1724.22 1759.26 1772.07 5255.55
2567000 1725.66 1761.27 1772.65 5259.58
2568000 1722.21 1758.43 1769.9 5250.53
2569000 1725.32 1760.33 1773.88 5259.54
2570000 1730.82 1766.09 1779.71 5276.62
2571000 1720.41 1761.33 1772.69 5254.43
2572000 1719.27 1763.66 1771.18 5254.11
2573000 1718 1761.77 1770.11 5249.87
2574000 1717.19 1760.5 1770.35 5248.03
2575000 1718.93 1765.96 1773.29 5258.19
2576000 1726.65 1775.86 1783.19 5285.69
2577000 1727.17 1779.86 1786.43 5293.46
2578000 1721.18 1776.09 1782.58 5279.85
2579000 1715.78 1769.41 1775.31 5260.49
2580000 1719.41 1775.24 1777.55 5272.21
2581000 1724.2 1779.37 1781.76 5285.33
2582000 1722.56 1776.63 1782.24 5281.43
2583000 1721.49 1777.32 1779.62 5278.43
2584000 1726.29 1783.95 1785.67 5295.91
2585000 1721.12 1779.87 1782.77 5283.76
2586000 1730.9 1788.04 1791.29 5310.22
2587000 1733.18 1786.44 1788.48 5308.1
2588000 1735.88 1788.77 1791.12 5315.78
2589000 1733.18 1784.03 1789.29 5306.49
2590000 1732.26 1784.27 1788.24 5304.77
2591000 1743.07 1792.91 1793.14 5329.12
2592000 1742.99 1793 1792.01 5328
2593000 1732.82 1782.58 1784.35 5299.74
2594000 1738.38 1787.85 1788.21 5314.44
2595000 1745.76 1794.2 1794.68 5334.64
2596000 1746.94 1792.79 1794.01 5333.73
2597000 1744.04 1790.47 1792.67 5327.17
2598000 1747.58 1791.88 1795.38 5334.83
2599000 1752.89 1799.92 1802.8 5355.61
2600000 1743.21 1789.66 1790.78 5323.65
