# Time-averaged data for fix thermo_avg_npt
# TimeStep v_epsilon_co v_temp v_press v_pe v_ke v_etotal v_vol v_dens
101000 0.3 299.703 -17.0285 -20631.5 3352.77 -17278.7 54763 1.04172
102000 0.3 298.928 11.4364 -20653.6 3344.11 -17309.5 54625.7 1.04434
103000 0.3 298.271 210.85 -20671.4 3336.75 -17334.7 54218 1.05219
104000 0.3 299.319 -73.6436 -20576.6 3348.48 -17228.1 54790.9 1.04121
105000 0.3 300.249 -108.599 -20591.8 3358.87 -17232.9 55253.7 1.03247
106000 0.3 300.529 22.9672 -20607.5 3362.01 -17245.5 55068.4 1.03595
107000 0.3 299.455 89.5932 -20673.2 3350 -17323.2 54732.2 1.0423
108000 0.3 302.596 -26.1723 -20661.3 3385.13 -17276.2 54866.5 1.03975
109000 0.3 299.646 -31.5147 -20646.5 3352.13 -17294.4 54928.4 1.03858
110000 0.3 299.309 57.3407 -20706.2 3348.37 -17357.9 54940.2 1.03835
111000 0.3 300.34 143.423 -20637.2 3359.9 -17277.3 54839.8 1.04026
112000 0.3 300.627 38.4749 -20574.2 3363.11 -17211.1 54878.3 1.03953
113000 0.3 300.484 -26.4359 -20592.2 3361.51 -17230.7 55288.5 1.03182
114000 0.3 299.459 17.848 -20626.5 3350.04 -17276.5 55043.5 1.03643
115000 0.3 300.433 183.526 -20660.8 3360.94 -17299.9 54670.8 1.04347
116000 0.3 300.158 -398.867 -20683.6 3357.86 -17325.8 55196.6 1.03354
117000 0.3 299.015 -97.6647 -20667.2 3345.07 -17322.2 55097.4 1.0354
118000 0.3 298.329 193.889 -20694.9 3337.4 -17357.5 54584 1.04513
119000 0.3 298.095 -252.951 -20604.5 3334.78 -17269.7 54792.4 1.04116
120000 0.3 298.138 182.492 -20638.2 3335.26 -17302.9 54635.9 1.04414
121000 0.3 299.918 -197.022 -20674.8 3355.17 -17319.6 55013.6 1.03697
122000 0.3 298.804 -226.645 -20733.8 3342.72 -17391.1 55089.4 1.03555
123000 0.3 299.167 165.932 -20764 3346.78 -17417.3 54505.2 1.04665
124000 0.3 300.289 153.328 -20736.3 3359.33 -17376.9 54806.5 1.0409
125000 0.3 299.506 -217.562 -20697 3350.57 -17346.5 55511.7 1.02767
126000 0.3 299.901 25.5362 -20633.6 3354.99 -17278.6 55309.5 1.03144
127000 0.3 300.161 170.315 -20602.9 3357.89 -17245 54745.9 1.04204
128000 0.3 300.908 -57.7234 -20605.5 3366.25 -17239.2 54953.8 1.0381
129000 0.3 300.801 -89.9697 -20613.7 3365.05 -17248.6 55192.2 1.03361
130000 0.3 298.342 120.554 -20677.3 3337.54 -17339.8 54981.7 1.03757
131000 0.3 299.596 127.319 -20644 3351.57 -17292.5 54663.1 1.04362
132000 0.3 298.871 98.3532 -20682 3343.47 -17338.5 54954.9 1.03808
133000 0.3 298.42 -152.014 -20631.1 3338.42 -17292.7 55176 1.03392
134000 0.3 300.321 -107.088 -20602 3359.68 -17242.3 54933.6 1.03848
135000 0.3 299.532 72.4761 -20529.7 3350.86 -17178.9 54836.3 1.04032
136000 0.3 300.657 46.7896 -20624.4 3363.45 -17260.9 54702.6 1.04287
137000 0.3 299.48 -65.4943 -20579.4 3350.28 -17229.1 54684.7 1.04321
138000 0.3 299.471 40.3201 -20669.5 3350.18 -17319.3 54804.3 1.04093
139000 0.3 300.797 14.6599 -20710.9 3365.01 -17345.9 54771 1.04156
140000 0.3 300.192 -129.464 -20691 3358.24 -17332.8 54750.5 1.04195
141000 0.3 298.751 -128.322 -20632.9 3342.12 -17290.8 54724.7 1.04244
142000 0.3 299.872 -6.87294 -20670.5 3354.66 -17315.8 54761.7 1.04174
143000 0.3 299.638 253.892 -20645.1 3352.05 -17293 54591.3 1.04499
144000 0.3 300.586 -309.252 -20609.4 3362.65 -17246.7 54734.4 1.04226
145000 0.3 300.421 46.2239 -20715.6 3360.81 -17354.8 54585.1 1.04512
146000 0.3 298.065 301.619 -20671.9 3334.45 -17337.5 54744.3 1.04209
147000 0.3 300.749 -301.139 -20638.4 3364.47 -17274 55556.2 1.02685
148000 0.3 302.008 199.199 -20657.4 3378.55 -17278.8 55180.5 1.03384
149000 0.3 299.571 -78.4367 -20720.3 3351.3 -17369 55010.8 1.03702
150000 0.3 300.945 -11.5374 -20628.8 3366.67 -17262.1 55149 1.03443
151000 0.3 300.645 -350.139 -20620.1 3363.31 -17256.8 54976.9 1.0377
152000 0.3 300.135 38.6507 -20707.5 3357.6 -17349.9 54173.6 1.05305
153000 0.3 299.525 3.26255 -20653.6 3350.78 -17302.9 54569.3 1.04542
154000 0.3 300.074 -101.948 -20800 3356.92 -17443.1 54706.4 1.04279
155000 0.3 301.912 -228.536 -20718.9 3377.48 -17341.4 54494 1.04686
156000 0.3 299.321 108.49 -20679.6 3348.49 -17331.1 54602.3 1.04479
157000 0.3 299.948 74.5449 -20700.8 3355.51 -17345.3 54941.6 1.03833
158000 0.3 300.422 -93.1662 -20650.8 3360.81 -17290 54758.8 1.0418
159000 0.3 299.803 125.901 -20606.6 3353.89 -17252.7 54647.2 1.04393
160000 0.3 299.842 -174.697 -20589.5 3354.33 -17235.2 55280.4 1.03197
161000 0.3 299.057 -94.261 -20659.4 3345.54 -17313.9 55124.4 1.03489
162000 0.3 300.919 254.833 -20664 3366.38 -17297.6 54845 1.04016
163000 0.3 300.053 -162.292 -20600.2 3356.69 -17243.5 55165 1.03413
164000 0.3 299.42 -147.021 -20703.7 3349.6 -17354.1 55206.1 1.03336
165000 0.3 300.368 -198.746 -20617.4 3360.21 -17257.2 55347.5 1.03072
166000 0.3 299.754 26.2098 -20737 3353.34 -17383.7 54684.3 1.04323
167000 0.3 298.899 83.7922 -20666.9 3343.78 -17323.1 54612.2 1.0446
168000 0.3 299.835 69.8671 -20602.8 3354.25 -17248.5 55333.9 1.03099
169000 0.3 300.158 -228.006 -20618.9 3357.86 -17261.1 55487.9 1.02813
170000 0.3 302.039 309.832 -20721.5 3378.91 -17342.6 54692 1.04307
171000 0.3 301.355 -165.962 -20633.7 3371.25 -17262.5 54909.3 1.03894
172000 0.3 299.367 16.9615 -20670.5 3349.01 -17321.5 54876.2 1.03957
173000 0.3 300.708 -28.9299 -20638.5 3364.02 -17274.5 55078 1.03576
174000 0.3 299.966 114.439 -20684.2 3355.72 -17328.5 54929.6 1.03856
175000 0.3 299.585 213.416 -20658.2 3351.45 -17306.7 54917.4 1.03879
176000 0.3 298.823 -30.0002 -20641.7 3342.92 -17298.8 55096.2 1.03542
177000 0.3 300.361 285.82 -20711.6 3360.13 -17351.4 54652.4 1.04383
178000 0.3 299.535 -64.5572 -20693.1 3350.89 -17342.2 54789.3 1.04124
179000 0.3 300.966 -382.99 -20715.3 3366.9 -17348.4 55201.4 1.03345
180000 0.3 297.409 515.25 -20725.7 3327.11 -17398.6 54519.2 1.04638
181000 0.3 297.669 -255.253 -20646.6 3330.01 -17316.6 55281.6 1.03196
182000 0.3 299.864 60.8281 -20728.9 3354.58 -17374.4 54996.1 1.03732
183000 0.3 301.491 -40.9378 -20705.8 3372.77 -17333 54543.1 1.04592
184000 0.3 299.087 271.581 -20658.4 3345.88 -17312.5 54811.1 1.04081
185000 0.3 299.416 -131.974 -20622.4 3349.56 -17272.8 55369.7 1.0303
186000 0.3 298.647 -308.98 -20550.6 3340.96 -17209.7 55118.6 1.03502
187000 0.3 300.779 136.622 -20623.2 3364.81 -17258.4 54389.7 1.04887
188000 0.3 300.339 -54.0246 -20618.1 3359.89 -17258.2 54669.5 1.0435
189000 0.3 300.091 -110.084 -20671.5 3357.12 -17314.4 54710.8 1.04271
190000 0.3 300.379 96.9397 -20662.7 3360.33 -17302.3 54435.2 1.04799
191000 0.3 297.565 43.2756 -20669.2 3328.85 -17340.3 54442.3 1.04785
192000 0.3 298.552 173.85 -20730 3339.89 -17390.1 54539.3 1.04599
193000 0.3 299.94 89.1141 -20726.8 3355.42 -17371.4 54507.9 1.04659
194000 0.3 299.143 -301.109 -20685.8 3346.51 -17339.3 55154.5 1.03435
195000 0.3 297.862 -123.557 -20606.7 3332.17 -17274.5 55491.8 1.02804
196000 0.3 299.286 373.726 -20693.9 3348.1 -17345.8 54790 1.04121
197000 0.3 300.556 -117.14 -20647.7 3362.31 -17285.4 54898.3 1.03915
198000 0.3 300.175 -250.428 -20711.3 3358.06 -17353.2 54771 1.04157
199000 0.3 298.589 -87.9013 -20683 3340.31 -17342.7 54668.5 1.04352
200000 0.3 301.816 -50.7894 -20645 3376.41 -17268.6 54998.5 1.03726
201000 0.3 299.408 18.2673 -20685.3 3349.47 -17335.8 55275.1 1.03207
202000 0.3 299.033 -38.0301 -20699.9 3345.27 -17354.7 55373.3 1.03023
203000 0.3 300.068 -9.5142 -20690.5 3356.86 -17333.7 55290.1 1.03178
204000 0.3 299.76 -8.96158 -20589.9 3353.41 -17236.5 55208.3 1.03332
205000 0.3 301.639 62.9027 -20658 3374.43 -17283.6 54685.5 1.0432
206000 0.3 299.005 -4.55911 -20690.9 3344.96 -17345.9 54397.3 1.04872
207000 0.3 301.03 -234.317 -20707 3367.61 -17339.4 54687.5 1.04316
208000 0.3 301.02 -28.2545 -20687.1 3367.5 -17319.6 54890.8 1.03929
209000 0.3 297.57 -139.112 -20637 3328.91 -17308.1 54763.4 1.04171
210000 0.3 298.873 -5.54916 -20597.6 3343.49 -17254.1 54994.1 1.03734
211000 0.3 303.001 -57.6926 -20651.4 3389.67 -17261.8 55154.5 1.03433
212000 0.3 301.448 -43.6392 -20763.3 3372.29 -17391.1 54693.9 1.04303
213000 0.3 299.783 212.461 -20772.9 3353.67 -17419.2 54480.2 1.04712
214000 0.3 300.229 79.7757 -20671 3358.65 -17312.3 54813.2 1.04078
215000 0.3 299.907 -133.891 -20612.9 3355.05 -17257.9 55271.4 1.03214
216000 0.3 300.863 323.673 -20681.3 3365.75 -17315.6 54896.3 1.03919
217000 0.3 299.508 -145.236 -20681.7 3350.59 -17331.1 55081.2 1.0357
218000 0.3 299.562 -231.292 -20693.5 3351.19 -17342.3 55176.8 1.03391
219000 0.3 299.858 559.074 -20710 3354.51 -17355.5 54263.4 1.05135
220000 0.3 298.985 161.945 -20631 3344.73 -17286.3 54424.7 1.04822
221000 0.3 299.841 -172.265 -20628.5 3354.32 -17274.2 55075.3 1.03581
222000 0.3 299.938 186.05 -20662.1 3355.4 -17306.7 54966 1.03787
223000 0.3 300.311 99.2146 -20661 3359.57 -17301.4 54689.5 1.04311
224000 0.3 300.665 -13.0998 -20668.4 3363.53 -17304.9 54649.7 1.04388
225000 0.3 300.226 -99.2464 -20762 3358.62 -17403.3 54457.9 1.04755
226000 0.3 299.549 269.288 -20720.4 3351.05 -17369.4 54690.4 1.04311
227000 0.3 302.339 -257.855 -20695 3382.26 -17312.7 55315.2 1.03132
228000 0.3 299.54 260.407 -20737.2 3350.94 -17386.2 54527.2 1.04625
229000 0.3 299.655 254.626 -20674.8 3352.24 -17322.6 54823.7 1.0406
230000 0.3 299.704 -26.4797 -20667.6 3352.78 -17314.8 55402 1.0297
231000 0.3 300.157 157.553 -20644 3357.84 -17286.2 55261.9 1.03231
232000 0.3 301.843 -78.1857 -20552.2 3376.71 -17175.5 54789 1.04124
233000 0.3 298.644 -10.4035 -20663 3340.92 -17322.1 54300.3 1.05059
234000 0.3 301.406 -80.4008 -20631.6 3371.83 -17259.8 54871.9 1.03966
235000 0.3 299.771 -339.376 -20646.5 3353.53 -17293 55447.8 1.02886
236000 0.3 299.085 -116.868 -20697.3 3345.86 -17351.5 55161.2 1.03421
237000 0.3 300.759 128.926 -20710.7 3364.58 -17346.1 54861.8 1.03984
238000 0.3 299.402 -191.772 -20683.5 3349.4 -17334.1 55209.9 1.03328
239000 0.3 298.87 -213.602 -20655 3343.45 -17311.5 55000.9 1.03722
240000 0.3 301.116 132.756 -20685.3 3368.58 -17316.7 54824.2 1.04056
241000 0.3 300.519 -111.793 -20621.5 3361.9 -17259.7 55070.8 1.03589
242000 0.3 298.958 -11.7118 -20702.6 3344.44 -17358.1 54754.9 1.04187
243000 0.3 299.347 -159.342 -20663.3 3348.79 -17314.5 55061.9 1.03607
244000 0.3 300.098 -80.3514 -20638.2 3357.2 -17281 54912.7 1.03889
245000 0.3 301.494 79.9377 -20678.5 3372.81 -17305.7 54700.9 1.0429
246000 0.3 300.398 -82.0713 -20658.7 3360.54 -17298.1 54875.7 1.03958
247000 0.3 300.685 281.274 -20669.3 3363.76 -17305.6 54470.8 1.04731
248000 0.3 299.722 167.989 -20654.2 3352.98 -17301.2 54469.7 1.04733
249000 0.3 299.519 -144.079 -20648.2 3350.71 -17297.4 54757.9 1.04181
250000 0.3 299.145 149.478 -20658.6 3346.52 -17312 54405.9 1.04856
251000 0.3 301.264 -31.2457 -20627.7 3370.23 -17257.4 54678.5 1.04334
252000 0.3 300.393 -221.787 -20635.1 3360.49 -17274.6 55035.7 1.03656
253000 0.3 299.863 -168.159 -20705.2 3354.56 -17350.6 54734.2 1.04226
254000 0.3 299.849 -6.15214 -20679.8 3354.41 -17325.4 54881.7 1.03946
255000 0.3 300.576 142.313 -20717.8 3362.53 -17355.2 54914.1 1.03885
256000 0.3 298.639 -132.09 -20661.9 3340.87 -17321 55151.3 1.03438
257000 0.3 298.635 160.994 -20679.9 3340.82 -17339.1 54925 1.03865
258000 0.3 302.886 -187.58 -20687.2 3388.38 -17298.8 54954.3 1.03809
259000 0.3 300.592 153.052 -20640 3362.72 -17277.3 54777.5 1.04144
260000 0.3 299.689 -315.048 -20711.5 3352.62 -17358.9 54677.1 1.04335
261000 0.3 299.894 -216.849 -20658.5 3354.91 -17303.6 54679 1.04332
262000 0.3 300.269 12.1434 -20674 3359.1 -17314.9 54452.5 1.04766
263000 0.3 297.877 -18.3354 -20683.6 3332.35 -17351.2 54252.3 1.05152
264000 0.3 300.092 16.9406 -20637.7 3357.12 -17280.6 54745.7 1.04205
265000 0.3 299.488 -66.0847 -20595.8 3350.36 -17245.4 54738.2 1.04219
266000 0.3 299.806 57.0667 -20654.9 3353.92 -17300.9 54615.9 1.04452
267000 0.3 300.308 74.8441 -20644.8 3359.54 -17285.2 54382.7 1.049
268000 0.3 299.613 287.174 -20648 3351.76 -17296.2 54493 1.04688
269000 0.3 299.95 144.597 -20630.8 3355.53 -17275.3 54771.4 1.04156
270000 0.3 299.964 -234.947 -20632.5 3355.69 -17276.8 55182 1.03381
271000 0.3 302.268 -10.7757 -20736.2 3381.47 -17354.7 54556.2 1.0457
272000 0.3 298.143 402.722 -20647.9 3335.32 -17312.6 54355.4 1.04954
273000 0.3 299.361 -317.394 -20648.4 3348.95 -17299.4 55089.5 1.03554
274000 0.3 300.538 286.186 -20664.6 3362.12 -17302.5 55116 1.03504
275000 0.3 300.04 113.732 -20651.1 3356.54 -17294.6 55060.9 1.03608
276000 0.3 298.712 -42.7134 -20626 3341.68 -17284.3 55068.6 1.03594
277000 0.3 300.234 -75.4239 -20662.7 3358.71 -17304 55077.2 1.03577
278000 0.3 299.411 70.5836 -20645.9 3349.51 -17296.4 55393.1 1.02988
279000 0.3 299.288 -106.356 -20656.5 3348.13 -17308.4 55442.2 1.02897
280000 0.3 299.529 277.85 -20680.5 3350.82 -17329.6 54764.5 1.04169
281000 0.3 299.406 97.6216 -20612.6 3349.45 -17263.1 54936.2 1.03844
282000 0.3 299.509 -165.271 -20646.5 3350.6 -17295.9 55174.6 1.03395
283000 0.3 299.795 147.627 -20689.2 3353.8 -17335.4 54942.5 1.03831
284000 0.3 301.266 -97.107 -20679 3370.26 -17308.8 54966.9 1.03785
285000 0.3 298.863 -148.108 -20629.7 3343.37 -17286.3 54761 1.04176
286000 0.3 298.789 131.331 -20664.1 3342.55 -17321.6 54689.7 1.04312
287000 0.3 298.927 84.864 -20617.6 3344.09 -17273.5 55518.3 1.02756
288000 0.3 301.038 -159.957 -20601.3 3367.7 -17233.6 55491 1.02807
289000 0.3 301.442 273.211 -20652.1 3372.23 -17279.8 54830.7 1.04043
290000 0.3 299.769 -155.176 -20703.4 3353.51 -17349.9 55297.2 1.03166
291000 0.3 299.581 -188.735 -20694.5 3351.41 -17343.1 55456.3 1.02869
292000 0.3 300.128 165.039 -20676.4 3357.53 -17318.8 54955.7 1.03807
293000 0.3 300.422 -38.13 -20702.5 3360.82 -17341.7 54790 1.0412
294000 0.3 301.463 18.4841 -20639.7 3372.47 -17267.2 54915.1 1.03883
295000 0.3 300.388 -154.117 -20649.1 3360.43 -17288.7 55141.7 1.03456
296000 0.3 301.399 -44.6627 -20615.5 3371.75 -17243.7 54654.4 1.04381
297000 0.3 299.798 193.886 -20679.3 3353.83 -17325.4 54449.5 1.04772
298000 0.3 299.636 -64.3464 -20620.8 3352.02 -17268.8 54782.9 1.04134
299000 0.3 299.753 65.6456 -20672.9 3353.33 -17319.6 54628 1.04429
300000 0.3 299.132 -40.6719 -20675.6 3346.38 -17329.3 55014.5 1.03696
301000 0.3 302.187 87.7099 -20612.4 3380.56 -17231.8 54961.1 1.03798
302000 0.3 301.073 -291.121 -20619.9 3368.1 -17251.8 54779.2 1.04141
303000 0.3 300.464 46.5494 -20666.3 3361.28 -17305 54422.6 1.04823
304000 0.3 301.269 87.5272 -20649.8 3370.29 -17279.6 54613.8 1.04457
305000 0.3 299.796 -142.916 -20750.5 3353.81 -17396.6 54790.4 1.04123
306000 0.3 301.591 12.6646 -20714.2 3373.89 -17340.3 54841.9 1.04022
307000 0.3 299.049 50.2771 -20737.1 3345.46 -17391.6 55115.9 1.03505
308000 0.3 300.467 108.372 -20692.2 3361.32 -17330.8 55039 1.03654
309000 0.3 300.559 241.733 -20623.4 3362.34 -17261.1 55103.5 1.03528
310000 0.3 300.829 151.391 -20651.9 3365.37 -17286.6 54857.1 1.03995
311000 0.3 299.164 -82.7647 -20653.3 3346.74 -17306.5 54853.5 1.04002
312000 0.3 299.299 39.9576 -20680.5 3348.25 -17332.2 54648.7 1.0439
313000 0.3 299.488 -12.2558 -20765.5 3350.37 -17415.1 54793.6 1.04114
314000 0.3 299.945 -1.18326 -20744.3 3355.48 -17388.8 54688.2 1.04317
315000 0.3 300.807 -49.9367 -20615.5 3365.13 -17250.4 54835.9 1.04033
316000 0.3 301.124 214.332 -20686.2 3368.67 -17317.5 54892.9 1.03927
317000 0.3 302.489 -209.117 -20668.6 3383.94 -17284.7 54801.2 1.04102
318000 0.3 299.924 -230.249 -20694.9 3355.24 -17339.6 54783 1.04135
319000 0.3 299.004 59.3578 -20763.3 3344.95 -17418.4 54877.2 1.03956
320000 0.3 298.972 233.09 -20684.2 3344.6 -17339.6 54948.8 1.03819
321000 0.3 301.063 87.3525 -20716.5 3367.98 -17348.6 54785.1 1.04133
322000 0.3 301.252 22.2781 -20737.3 3370.1 -17367.2 54873.9 1.03961
323000 0.3 302.936 -137.519 -20675.5 3388.94 -17286.6 54417.6 1.04835
324000 0.3 300.953 9.11992 -20669.5 3366.75 -17302.7 54916.5 1.03881
325000 0.3 298.695 131.838 -20726.8 3341.5 -17385.3 54694 1.04306
326000 0.3 301.368 -145.395 -20697.1 3371.39 -17325.7 54900.9 1.03911
327000 0.3 300.117 121.56 -20689.6 3357.4 -17332.2 54819.7 1.04065
328000 0.3 298.63 -165.393 -20661.4 3340.77 -17320.6 54919.3 1.03877
329000 0.3 299.624 93.6171 -20630.7 3351.89 -17278.8 54701.1 1.04292
330000 0.3 299.834 81.9237 -20676.8 3354.24 -17322.5 54579.7 1.04525
331000 0.3 299.436 13.1598 -20677.7 3349.78 -17327.9 54796.1 1.0411
332000 0.3 300.152 156.061 -20658.5 3357.8 -17300.7 54799.2 1.04106
333000 0.3 298.809 -8.62705 -20679.8 3342.77 -17337.1 54991.9 1.0374
334000 0.3 301.869 47.9223 -20676.6 3377 -17299.6 55040.1 1.03647
335000 0.3 298.5 -246.369 -20733.8 3339.31 -17394.5 55104.1 1.03531
336000 0.3 299.988 -81.098 -20648.2 3355.96 -17292.2 54675.4 1.0434
337000 0.3 299.404 -79.2136 -20689 3349.42 -17339.6 54650.9 1.04387
338000 0.3 300.431 151.985 -20675.1 3360.91 -17314.2 55072.3 1.03589
339000 0.3 301.325 -100.341 -20651 3370.92 -17280 55050.8 1.03629
340000 0.3 298.828 85.2145 -20659.9 3342.98 -17316.9 54604.1 1.04481
341000 0.3 298.085 -281.408 -20727.7 3334.67 -17393 54611 1.04463
342000 0.3 299.979 -113.108 -20705.2 3355.86 -17349.3 54551.2 1.04577
343000 0.3 298.859 129.211 -20696.6 3343.33 -17353.2 55019.4 1.03687
344000 0.3 299.408 200.364 -20756.9 3349.47 -17407.4 54619.2 1.04446
345000 0.3 300.765 84.5389 -20642.2 3364.65 -17277.5 54679.6 1.04331
346000 0.3 300.311 84.1699 -20648.8 3359.57 -17289.3 54674.8 1.0434
347000 0.3 298.132 -126.886 -20706.2 3335.19 -17371 54557.8 1.04566
348000 0.3 300.077 -165.748 -20674 3356.96 -17317 54697.2 1.04297
349000 0.3 300.529 1.24292 -20628.1 3362.02 -17266.1 54869.5 1.03972
350000 0.3 300.994 -58.8426 -20634.3 3367.21 -17267.1 54927 1.03862
351000 0.3 298.748 -45.9438 -20707.1 3342.09 -17365 55085.3 1.03566
352000 0.3 300.97 -46.734 -20713.5 3366.95 -17346.5 54757.5 1.04182
353000 0.3 300.683 226.847 -20646.8 3363.74 -17283.1 54941.7 1.03834
354000 0.3 298.752 13.2854 -20649 3342.13 -17306.9 55197.1 1.03354
355000 0.3 300.271 -169.457 -20736.9 3359.12 -17377.8 55073.3 1.03587
356000 0.3 299.379 76.9919 -20659.4 3349.14 -17310.3 55029.8 1.03668
357000 0.3 300.28 109.09 -20664 3359.23 -17304.7 54734 1.04227
358000 0.3 300.543 -72.3069 -20682.5 3362.16 -17320.3 54956.2 1.03806
359000 0.3 302.371 -117.691 -20677.6 3382.62 -17295 54717.1 1.0426
360000 0.3 299.668 -139.772 -20655 3352.38 -17302.6 54671.3 1.04347
361000 0.3 299.669 -203.957 -20713.6 3352.4 -17361.2 54709 1.04277
362000 0.3 300.735 -105.174 -20635.9 3364.31 -17271.5 54896.8 1.0392
363000 0.3 300.212 -87.7154 -20666 3358.47 -17307.5 54803.4 1.04097
364000 0.3 300.536 -53.19 -20688.8 3362.09 -17326.7 54832.8 1.0404
365000 0.3 302.043 27.9626 -20592.1 3378.94 -17213.2 54983.6 1.03756
366000 0.3 300.672 7.98508 -20655.2 3363.61 -17291.6 55025.6 1.03674
367000 0.3 296.999 323.566 -20629.1 3322.52 -17306.6 54908.4 1.03896
368000 0.3 299.722 -78.8561 -20642.3 3352.99 -17289.3 54770.5 1.04162
369000 0.3 298.329 -8.15329 -20687.4 3337.4 -17350 54907.6 1.03899
370000 0.3 299.26 62.5822 -20618.8 3347.82 -17271 54916.5 1.03881
371000 0.3 301.906 -39.9781 -20680 3377.41 -17302.6 55040.7 1.03648
372000 0.3 298.438 103.379 -20712.1 3338.62 -17373.5 54874.3 1.03961
373000 0.3 299.181 5.78916 -20679.2 3346.93 -17332.3 55142.2 1.03456
374000 0.3 297.994 -23.504 -20726 3333.66 -17392.4 54844.8 1.04016
375000 0.3 301.256 -5.85342 -20750.6 3370.15 -17380.5 54941.1 1.03835
376000 0.3 300.376 -46.0519 -20655.6 3360.3 -17295.3 54505.6 1.04664
377000 0.3 300.228 21.2146 -20674.1 3358.65 -17315.4 55177.9 1.03388
378000 0.3 299.758 -95.5846 -20703.6 3353.39 -17350.3 54629.5 1.04428
379000 0.3 300.304 162.623 -20688.9 3359.49 -17329.4 54875.6 1.03958
380000 0.3 300.204 -152.939 -20701.1 3358.37 -17342.8 55038.8 1.0365
381000 0.3 300.463 55.5995 -20681.6 3361.27 -17320.4 54892.3 1.03928
382000 0.3 299.109 -51.7165 -20625.5 3346.13 -17279.4 54729.9 1.04236
383000 0.3 299.999 -51.6838 -20631.9 3356.08 -17275.8 54611.8 1.04468
384000 0.3 298.988 -326.793 -20712.7 3344.77 -17367.9 54350.1 1.04964
385000 0.3 300.326 -26.1428 -20656.2 3359.74 -17296.5 54941.9 1.03833
386000 0.3 299.805 -54.8896 -20701.8 3353.91 -17347.9 54570.6 1.0454
387000 0.3 297.989 155.94 -20714.6 3333.6 -17381 54675.4 1.0434
388000 0.3 300.163 25.894 -20741.2 3357.92 -17383.2 55208.5 1.03332
389000 0.3 300.847 -133.133 -20654.1 3365.57 -17288.6 54869.3 1.03974
390000 0.3 299.099 -61.2014 -20676.4 3346.01 -17330.4 54661.4 1.04366
391000 0.3 299.171 118.838 -20641.2 3346.82 -17294.4 54855.8 1.03996
392000 0.3 300.12 5.6328 -20744.5 3357.44 -17387.1 54706.3 1.04281
393000 0.3 300.234 -308.396 -20691.3 3358.71 -17332.6 55042.4 1.03644
394000 0.3 299.75 -25.311 -20701 3353.3 -17347.7 54651.6 1.04391
395000 0.3 300.042 49.0587 -20694.9 3356.56 -17338.3 54717.9 1.04259
396000 0.3 300.693 54.0031 -20715.1 3363.84 -17351.2 55254.5 1.03247
397000 0.3 300.791 110.685 -20683.2 3364.94 -17318.3 54860.4 1.03987
398000 0.3 300.664 -27.641 -20682.3 3363.52 -17318.8 54707.2 1.04278
399000 0.3 301.041 118.598 -20678.7 3367.74 -17311 54635.3 1.04415
400000 0.3 299.347 116.366 -20721.4 3348.79 -17372.6 54678.4 1.04337
401000 0.3 298.918 39.8747 -20658.8 3343.99 -17314.8 54927 1.03862
402000 0.3 298.424 -38.9381 -20666.9 3338.46 -17328.4 54890.9 1.0393
403000 0.3 299.943 88.3435 -20707.9 3355.45 -17352.5 54506.8 1.04665
404000 0.3 299.9 -282.782 -20757 3354.98 -17402 54932 1.03853
405000 0.3 299.883 31.9758 -20699.8 3354.79 -17345 54914.4 1.03886
406000 0.3 299.549 244.582 -20702 3351.05 -17350.9 55052.8 1.0363
407000 0.3 298.748 119.009 -20696.7 3342.09 -17354.6 55000.1 1.03732
408000 0.3 298.675 -29.1055 -20686.6 3341.28 -17345.3 55075.1 1.03582
409000 0.3 299.187 101.536 -20630.9 3347 -17283.9 55238.4 1.03275
410000 0.3 298.911 85.2407 -20703.6 3343.92 -17359.7 54726.3 1.04243
411000 0.3 301.373 -252.346 -20624.7 3371.45 -17253.2 54715.5 1.04263
412000 0.3 298.292 182.517 -20636.5 3336.99 -17299.5 54879.8 1.03952
413000 0.3 301.343 -22.3704 -20704.9 3371.11 -17333.8 54998.9 1.03726
414000 0.3 300.154 -124.692 -20717.9 3357.82 -17360.1 54960.9 1.03797
415000 0.3 296.066 185.203 -20617.8 3312.08 -17305.7 54880.5 1.03949
416000 0.3 301.719 -29.0677 -20631.1 3375.32 -17255.7 54944.7 1.03829
417000 0.3 299.077 35.7845 -20675.9 3345.77 -17330.1 55255.9 1.03244
418000 0.3 299.787 49.6111 -20707.7 3353.71 -17354 54733.8 1.0423
419000 0.3 298.606 41.7865 -20672.1 3340.5 -17331.6 54706.8 1.04282
420000 0.3 300.806 -216.18 -20716.6 3365.12 -17351.5 54881.5 1.03948
421000 0.3 298.364 96.6664 -20683 3337.79 -17345.2 54955.7 1.03808
422000 0.3 300.424 75.9501 -20745.7 3360.84 -17384.9 54985.9 1.03752
423000 0.3 299.728 15.3576 -20698.5 3353.05 -17345.5 54810.4 1.04082
424000 0.3 301.477 -247.168 -20719.4 3372.61 -17346.8 55249.3 1.03255
425000 0.3 299.607 -420.345 -20643.9 3351.7 -17292.2 55248.4 1.03258
426000 0.3 298.664 88.6902 -20642.5 3341.15 -17301.4 54589.3 1.04505
427000 0.3 298.639 32.6337 -20670.6 3340.87 -17329.7 55009.6 1.03705
428000 0.3 299.416 202.603 -20653.8 3349.56 -17304.2 54978.2 1.03764
429000 0.3 300.63 -120.71 -20626.5 3363.14 -17263.4 54967.9 1.03785
430000 0.3 298.084 -157.873 -20635.7 3334.66 -17301.1 54814.8 1.04076
431000 0.3 299.29 153.261 -20661.8 3348.15 -17313.7 54754.1 1.04189
432000 0.3 300.344 -80.679 -20670.3 3359.94 -17310.3 55084.5 1.03567
433000 0.3 299.105 107.751 -20592.7 3346.08 -17246.6 54645.7 1.04395
434000 0.3 301.247 -67.2369 -20736.5 3370.05 -17366.4 54450 1.0477
435000 0.3 302.34 40.2911 -20738.7 3382.27 -17356.5 54921.5 1.03873
436000 0.3 300.237 46.7687 -20686.3 3358.75 -17327.6 54640 1.04409
437000 0.3 297.656 260.669 -20705.7 3329.87 -17375.8 54672.8 1.04347
438000 0.3 299.23 -63.4745 -20715.8 3347.48 -17368.3 54802.4 1.04097
439000 0.3 300.925 66.4032 -20684.3 3366.45 -17317.8 54972 1.03777
440000 0.3 298.064 -89.6784 -20636.5 3334.43 -17302.1 54581.3 1.04518
441000 0.3 300.004 98.5441 -20622.8 3356.14 -17266.6 54508.5 1.04659
442000 0.3 301.557 239.925 -20626.2 3373.51 -17252.7 54587.9 1.04507
443000 0.3 297.922 -44.7439 -20638.6 3332.84 -17305.8 54785.8 1.04129
444000 0.3 298.91 -98.6682 -20660.2 3343.91 -17316.3 54785.2 1.0413
445000 0.3 299.812 141.443 -20567.6 3353.99 -17213.6 54926.4 1.03864
446000 0.3 301.146 -70.7762 -20615.1 3368.92 -17246.1 54821 1.04062
447000 0.3 299.063 114.025 -20697.7 3345.62 -17352.1 54785.6 1.04135
448000 0.3 300.094 242.105 -20643.5 3357.15 -17286.4 55178.2 1.03388
449000 0.3 299.572 -75.0106 -20652.5 3351.31 -17301.2 55002.8 1.03719
450000 0.3 301.049 -43.5869 -20707.2 3367.83 -17339.4 54795.5 1.0411
451000 0.3 300.119 -59.7837 -20643.7 3357.42 -17286.3 54840.2 1.04025
452000 0.3 300.685 -199.812 -20680.5 3363.75 -17316.8 54746 1.04207
453000 0.3 300.177 91.3407 -20671.2 3358.07 -17313.1 54697.1 1.04298
454000 0.3 303.336 6.02781 -20689.2 3393.42 -17295.7 55374.4 1.03022
455000 0.3 299.937 57.9122 -20720 3355.39 -17364.6 54806.1 1.04092
456000 0.3 300.986 66.3226 -20688.6 3367.13 -17321.5 54950.8 1.03816
457000 0.3 301.004 72.0419 -20660.4 3367.33 -17293.1 54899.8 1.03913
458000 0.3 300.49 116.51 -20640.6 3361.58 -17279 54639.8 1.04407
459000 0.3 300.999 -56.2263 -20675.9 3367.27 -17308.6 54787.6 1.04125
460000 0.3 300.745 101.364 -20682.1 3364.43 -17317.6 54164.2 1.05324
461000 0.3 298.672 -151.607 -20661.4 3341.24 -17320.1 54587.6 1.04509
462000 0.3 300.19 59.63 -20603.4 3358.22 -17245.2 54853.4 1.04
463000 0.3 300.843 12.6771 -20670.1 3365.53 -17304.5 54986.1 1.03752
464000 0.3 302.956 146.357 -20650.2 3389.16 -17261 54878.3 1.03953
465000 0.3 300.139 -151.662 -20601.6 3357.64 -17244 55367.7 1.03035
466000 0.3 298.086 39.6955 -20659.1 3334.68 -17324.4 55076.2 1.03581
467000 0.3 299.359 -167.126 -20680.9 3348.93 -17332 55197.4 1.03353
468000 0.3 300.948 20.6927 -20643.9 3366.7 -17277.2 54930.5 1.03855
469000 0.3 299.732 92.7949 -20720.7 3353.1 -17367.6 54785.5 1.04131
470000 0.3 299.355 -245.983 -20654.6 3348.88 -17305.7 55148.5 1.03445
471000 0.3 299.05 -86.7482 -20692.4 3345.47 -17347 54843.6 1.0402
472000 0.3 301.375 -23.2286 -20726.4 3371.47 -17354.9 54749.9 1.04199
473000 0.3 299.038 -114.502 -20705.2 3345.33 -17359.8 54904.2 1.03905
474000 0.3 299.673 118.442 -20624.3 3352.44 -17271.9 54825.7 1.04054
475000 0.3 299.463 -115.094 -20628.3 3350.08 -17278.2 55059.8 1.03611
476000 0.3 298.694 67.572 -20688.7 3341.48 -17347.2 54638.2 1.04415
477000 0.3 299.12 206.791 -20646.5 3346.24 -17300.3 54555.7 1.04569
478000 0.3 302.227 -13.0296 -20702.2 3381 -17321.2 55090 1.03555
479000 0.3 299.34 -149.797 -20737.7 3348.71 -17388.9 54974.3 1.03771
480000 0.3 302.118 34.9213 -20672.5 3379.79 -17292.8 55154.3 1.03434
481000 0.3 300.376 108.547 -20651.5 3360.3 -17291.2 54972.1 1.03778
482000 0.3 299.364 -14.3666 -20623 3348.98 -17274 55126.3 1.03491
483000 0.3 301.45 -65.3739 -20687.7 3372.32 -17315.4 54975.8 1.03769
484000 0.3 300.179 102.003 -20686.7 3358.09 -17328.6 54814.7 1.04075
485000 0.3 300.236 -56.1532 -20644.8 3358.73 -17286.1 54785.6 1.04132
486000 0.3 300.291 163.62 -20714.8 3359.35 -17355.4 55151.7 1.03439
487000 0.3 300.178 121.037 -20705.3 3358.09 -17347.3 54951.5 1.03818
488000 0.3 298.675 55.2579 -20638.7 3341.28 -17297.5 55244.3 1.03264
489000 0.3 301.371 -4.27205 -20631.6 3371.44 -17260.1 55254.9 1.03244
490000 0.3 299.841 5.42362 -20688.2 3354.31 -17333.9 54658.4 1.04372
491000 0.3 302.112 -82.5301 -20696.4 3379.72 -17316.7 55163 1.03417
492000 0.3 298.882 -50.4951 -20702.4 3343.59 -17358.8 55103.2 1.03532
493000 0.3 299.957 -43.8867 -20680 3355.62 -17324.4 55339.7 1.03088
494000 0.3 301.69 20.2381 -20659.2 3375 -17284.2 55217.2 1.03318
495000 0.3 299.463 53.2834 -20682.1 3350.09 -17332.1 55193.3 1.0336
496000 0.3 300.316 -58.3614 -20639.2 3359.63 -17279.6 55157.5 1.03427
497000 0.3 299.706 -21.4215 -20619.6 3352.81 -17266.8 54724.6 1.04246
498000 0.3 299.582 85.7949 -20598.3 3351.42 -17246.9 54682.9 1.04327
499000 0.3 300.044 71.6081 -20638.6 3356.59 -17282 55399.7 1.02975
500000 0.3 298.731 78.7232 -20698.3 3341.9 -17356.4 55652.1 1.02512
501000 0.3 300.711 -219.061 -20727.2 3364.05 -17363.2 54904 1.03906
502000 0.3 300.963 20.5568 -20737 3366.87 -17370.2 54764.6 1.04169
503000 0.3 298.956 -172.899 -20684.6 3344.42 -17340.2 55062.2 1.03606
504000 0.3 301.145 -134.011 -20700 3368.9 -17331.1 54925.5 1.03865
505000 0.3 300.918 -80.9382 -20681.6 3366.36 -17315.3 55038.3 1.03652
506000 0.3 299.264 -72.4424 -20686.3 3347.87 -17338.4 55069.1 1.03593
507000 0.3 301.171 199.732 -20617.7 3369.19 -17248.5 55114.7 1.03507
508000 0.3 301.353 -25.5763 -20675 3371.23 -17303.8 55093 1.03549
509000 0.3 297.908 190.317 -20687.1 3332.69 -17354.4 54540.9 1.04598
510000 0.3 299.316 -191.403 -20669.7 3348.44 -17321.2 54598.5 1.04487
511000 0.3 299.466 -54.5959 -20687.1 3350.11 -17337 54737.6 1.04221
512000 0.3 298.107 84.6685 -20715.6 3334.92 -17380.7 54694.4 1.04303
513000 0.3 301.26 -218.924 -20739 3370.19 -17368.8 55115.5 1.03506
514000 0.3 299.843 189.908 -20664.9 3354.34 -17310.6 55049.4 1.0363
515000 0.3 298.489 -235.825 -20701 3339.19 -17361.8 55483.2 1.02822
516000 0.3 300.447 -13.9757 -20695.9 3361.09 -17334.8 54874.2 1.03961
517000 0.3 301.287 88.0925 -20635.2 3370.49 -17264.7 54701.8 1.04294
518000 0.3 300.106 60.8879 -20667.2 3357.28 -17309.9 54727.2 1.04245
519000 0.3 300.358 145.572 -20739.3 3360.09 -17379.2 54669.7 1.04353
520000 0.3 300.591 27.8275 -20638.6 3362.7 -17275.9 55147.1 1.03447
521000 0.3 299.812 58.4096 -20696.6 3353.99 -17342.6 54978.3 1.03764
522000 0.3 300.276 -21.6354 -20633.8 3359.18 -17274.6 54897.7 1.03917
523000 0.3 300.153 -3.48102 -20691.3 3357.8 -17333.4 54436 1.04798
524000 0.3 300.886 -90.5834 -20724.9 3366 -17358.9 54817.8 1.04069
525000 0.3 300.504 142.281 -20703 3361.73 -17341.2 54466 1.04742
526000 0.3 301.797 -123.027 -20648.6 3376.2 -17272.4 54806.7 1.04089
527000 0.3 298.059 204.557 -20641.9 3334.38 -17307.5 55082.9 1.03567
528000 0.3 296.393 -21.4415 -20725.9 3315.74 -17410.2 54382.8 1.04904
529000 0.3 300.609 179.5 -20675.2 3362.91 -17312.3 54692.5 1.04306
530000 0.3 299.463 -36.3128 -20666.4 3350.09 -17316.3 54479.8 1.04715
531000 0.3 298.059 -0.716369 -20679.3 3334.38 -17344.9 55400.7 1.02973
532000 0.3 301.076 60.928 -20673.7 3368.13 -17305.5 55294 1.03173
533000 0.3 301.444 -136.773 -20666.7 3372.25 -17294.5 54946.2 1.03826
534000 0.3 301.036 66.8624 -20674.1 3367.68 -17306.4 54775.4 1.04148
535000 0.3 300.579 223.891 -20730.2 3362.58 -17367.6 54688.9 1.04313
536000 0.3 299.563 23.3222 -20688.5 3351.21 -17337.3 54675 1.04342
537000 0.3 298.07 91.7356 -20677.2 3334.51 -17342.7 55029 1.03671
538000 0.3 299.078 0.00577578 -20605.4 3345.78 -17259.6 54957.6 1.03807
539000 0.3 298.437 -231.989 -20632.3 3338.6 -17293.7 55114.1 1.03509
540000 0.3 298.269 32.9257 -20697.7 3336.73 -17361 54598.9 1.04485
541000 0.3 298.899 -294.823 -20606.5 3343.78 -17262.7 55156.7 1.0343
542000 0.3 301.622 -146.173 -20682.6 3374.23 -17308.3 54741.1 1.04215
543000 0.3 300.746 -92.8348 -20726.6 3364.44 -17362.1 54619.2 1.04449
544000 0.3 300.421 156.54 -20697.7 3360.81 -17336.9 54721.1 1.04254
545000 0.3 300.556 -239.32 -20717 3362.32 -17354.7 55121.9 1.03494
546000 0.3 301.454 -127.156 -20657.3 3372.36 -17284.9 55054.2 1.03622
547000 0.3 299.608 91.7291 -20733.1 3351.71 -17381.4 54933.4 1.0385
548000 0.3 298.703 -57.6012 -20694.7 3341.59 -17353.2 55093.5 1.03548
549000 0.3 297.673 25.7922 -20689 3330.06 -17358.9 54822.2 1.0406
550000 0.3 301.398 81.9076 -20735.2 3371.73 -17363.5 55096.9 1.03541
551000 0.3 299.941 -45.1813 -20716.8 3355.44 -17361.4 55064.5 1.03605
552000 0.3 299.664 -103.9 -20733.9 3352.34 -17381.5 54786.1 1.04132
553000 0.3 300.428 15.3434 -20721.9 3360.88 -17361 54718.3 1.04257
554000 0.3 301.344 -117.099 -20662.3 3371.12 -17291.2 54717.8 1.04259
555000 0.3 300.188 -242.346 -20659.5 3358.19 -17301.3 54841.6 1.04026
556000 0.3 299.315 155.423 -20662.8 3348.43 -17314.4 54785.3 1.0413
557000 0.3 299.686 167.285 -20647.5 3352.58 -17294.9 54747.4 1.04202
558000 0.3 301.52 -5.91085 -20697.2 3373.1 -17324.1 54392.5 1.04881
559000 0.3 298.576 -1.35458 -20704.4 3340.16 -17364.3 54772.8 1.04158
560000 0.3 302.567 202.126 -20681.6 3384.81 -17296.8 54955.9 1.03806
561000 0.3 298.305 18.2203 -20652.5 3337.13 -17315.4 54927.1 1.03861
562000 0.3 298.868 -39.6725 -20656.5 3343.43 -17313 55019.5 1.03686
563000 0.3 300.087 52.1559 -20658.4 3357.06 -17301.4 54609.4 1.04466
564000 0.3 300.228 -122.321 -20689.4 3358.65 -17330.7 55095.4 1.03543
565000 0.3 298.836 -62.738 -20746.2 3343.07 -17403.1 55332.2 1.03104
566000 0.3 298.666 -11.396 -20708.3 3341.17 -17367.1 55037.3 1.03654
567000 0.3 300.46 37.4202 -20686.7 3361.24 -17325.5 54697 1.04298
568000 0.3 300.412 -8.959 -20709.7 3360.7 -17349 54673.5 1.04344
569000 0.3 301.423 -128.469 -20691.5 3372.02 -17319.5 54783.7 1.04133
570000 0.3 298.622 207.148 -20710.2 3340.68 -17369.6 55077.7 1.0358
571000 0.3 300.648 -39.3657 -20672.5 3363.34 -17309.2 54786.2 1.0413
572000 0.3 299.163 115.103 -20611.8 3346.73 -17265 55084.8 1.03564
573000 0.3 300.364 113.441 -20666.1 3360.16 -17305.9 54950.4 1.03817
574000 0.3 301.094 -58.4763 -20728.7 3368.33 -17360.4 54425.9 1.04819
575000 0.3 299.797 227.494 -20709.5 3353.82 -17355.7 54745.2 1.04206
576000 0.3 301.912 28.8976 -20702.2 3377.48 -17324.7 54391.8 1.04883
577000 0.3 300.73 -34.8363 -20760.1 3364.26 -17395.9 54909.9 1.03896
578000 0.3 299.74 140.407 -20741.9 3353.19 -17388.7 54691.8 1.04309
579000 0.3 298.676 -201.408 -20731.5 3341.28 -17390.2 54976.5 1.03768
580000 0.3 300.49 -234.131 -20687.9 3361.58 -17326.3 54926.7 1.03867
581000 0.3 301.597 -59.8665 -20657 3373.96 -17283 54807 1.04092
582000 0.3 299.818 268.873 -20699.7 3354.06 -17345.6 54611.1 1.04462
583000 0.3 299.396 259.586 -20704.7 3349.33 -17355.4 55105.5 1.03524
584000 0.3 297.3 111.752 -20635.7 3325.89 -17309.8 55057.8 1.03617
585000 0.3 299.219 -31.839 -20718.2 3347.36 -17370.8 54790.9 1.04121
586000 0.3 300.452 107.591 -20720.6 3361.16 -17359.5 55107.2 1.03522
587000 0.3 298.066 77.1562 -20757.4 3334.46 -17423 54843.1 1.04021
588000 0.3 300.826 -143.3 -20695.4 3365.34 -17330.1 54918.3 1.03881
589000 0.3 298.848 101.314 -20685.4 3343.21 -17342.2 54672.3 1.04345
590000 0.3 299.174 222.235 -20654.4 3346.86 -17307.6 55137.8 1.03464
591000 0.3 300.541 -162.106 -20753.3 3362.14 -17391.2 55273.9 1.03209
592000 0.3 299.478 44.1005 -20708.3 3350.25 -17358.1 54916.5 1.03881
593000 0.3 299.126 -51.9039 -20669.8 3346.31 -17323.5 54814 1.04079
594000 0.3 300.062 140.074 -20651.9 3356.78 -17295.2 54939.1 1.03841
595000 0.3 299.905 -176.441 -20756.6 3355.03 -17401.6 54967.1 1.03786
596000 0.3 299.121 19.5902 -20657.3 3346.26 -17311.1 55026.6 1.03673
597000 0.3 300.645 -24.8319 -20653.4 3363.31 -17290.1 54963.3 1.03793
598000 0.3 299.237 -28.0113 -20729.9 3347.55 -17382.4 55120.4 1.03497
599000 0.3 299.632 -13.9725 -20633.9 3351.98 -17281.9 55100.1 1.03539
600000 0.3 300.583 171.547 -20596.2 3362.62 -17233.6 55039.9 1.03651
