# Time-averaged data for fix thermo_avg_npt
# TimeStep v_epsilon_co v_temp v_press v_pe v_ke v_etotal v_vol v_dens
101000 0.9 300.719 -198.956 -21992.8 3364.13 -18628.6 53423.9 1.06783
102000 0.9 299.609 168.315 -21975.7 3351.72 -18623.9 53285.6 1.0706
103000 0.9 298.459 72.0054 -21942.1 3338.85 -18603.3 53770.1 1.06096
104000 0.9 299.6 110.409 -21944.9 3351.62 -18593.2 53845.4 1.05947
105000 0.9 301.432 22.8365 -21915.5 3372.11 -18543.4 53738.7 1.06157
106000 0.9 299.429 272.458 -21908.6 3349.71 -18558.8 53674.8 1.06284
107000 0.9 299.831 53.2587 -21923.2 3354.21 -18569 53784.7 1.06066
108000 0.9 298.731 -37.0194 -21916.3 3341.9 -18574.4 53771.3 1.06093
109000 0.9 300.61 312.385 -21936.1 3362.91 -18573.2 53409.8 1.06811
110000 0.9 300.76 -51.9545 -21905.3 3364.59 -18540.7 53732.3 1.0617
111000 0.9 299.108 -185.429 -21891.5 3346.12 -18545.4 53638.1 1.06357
112000 0.9 299.14 235.41 -21939.1 3346.47 -18592.6 53352.3 1.06926
113000 0.9 300.895 -63.1256 -21975.3 3366.11 -18609.2 53987.5 1.05671
114000 0.9 298.517 -260.882 -21942.9 3339.51 -18603.4 54198.1 1.05259
115000 0.9 300.859 159.445 -21945.3 3365.7 -18579.6 53479.6 1.06672
116000 0.9 298.652 -159.212 -21896.7 3341.01 -18555.7 53652.4 1.06328
117000 0.9 299.383 -84.678 -21846.1 3349.19 -18496.9 53688.8 1.06256
118000 0.9 299.016 171.325 -21903.6 3345.08 -18558.5 53745.8 1.06143
119000 0.9 301.204 42.2914 -21869.9 3369.57 -18500.3 53700.1 1.06234
120000 0.9 299.237 -62.2344 -21893.2 3347.56 -18545.6 53689.2 1.06255
121000 0.9 299.634 -121.119 -21921.4 3352 -18569.4 53749.6 1.06136
122000 0.9 300.474 -15.4751 -21877.1 3361.39 -18515.7 53979 1.05685
123000 0.9 300.143 -117.444 -21858.3 3357.7 -18500.6 54140.5 1.05369
124000 0.9 299.208 154.276 -21876.2 3347.23 -18529 53984.7 1.05673
125000 0.9 300.165 -287.861 -21878.4 3357.94 -18520.5 54047.5 1.05551
126000 0.9 299.833 253.07 -21881.5 3354.22 -18527.3 53793.7 1.06049
127000 0.9 301.916 -58.0113 -21890.3 3377.53 -18512.7 53619.3 1.06394
128000 0.9 301.914 41.2106 -21978.7 3377.5 -18601.2 53489.3 1.06652
129000 0.9 298.578 109.008 -21941.1 3340.18 -18601 53530.5 1.0657
130000 0.9 298.833 29.7114 -21956.6 3343.04 -18613.6 53871.4 1.05896
131000 0.9 299.894 54.5583 -21929 3354.91 -18574.1 53765.2 1.06105
132000 0.9 297.819 160.162 -21957.4 3331.7 -18625.7 53252.2 1.07128
133000 0.9 298.821 45.6955 -21867.4 3342.91 -18524.5 53344.5 1.06945
134000 0.9 299.133 -251.012 -21870.8 3346.4 -18524.4 54222.1 1.05211
135000 0.9 298.703 -40.8223 -21858.4 3341.59 -18516.8 53988.2 1.05669
136000 0.9 301.807 378.959 -21913.2 3376.31 -18536.9 53369.3 1.06892
137000 0.9 300.178 -278.191 -21898.9 3358.09 -18540.8 53616.9 1.06399
138000 0.9 300.549 336.744 -21888.6 3362.24 -18526.4 53132.7 1.07368
139000 0.9 300.78 -143.528 -21851.3 3364.82 -18486.5 53609.4 1.06416
140000 0.9 302.03 -633.907 -21850.1 3378.8 -18471.3 53935.5 1.05771
141000 0.9 299.615 146.644 -21927.7 3351.78 -18575.9 53211.4 1.07209
142000 0.9 299.35 143.709 -21936.1 3348.82 -18587.3 53204.6 1.07223
143000 0.9 298.965 -51.4548 -21876.8 3344.52 -18532.3 53397.2 1.06836
144000 0.9 299.188 -88.8482 -21904 3347.01 -18557 53387.4 1.06856
145000 0.9 298.437 259.377 -21922.9 3338.61 -18584.3 53333.5 1.06964
146000 0.9 300.268 79.8615 -21938.2 3359.1 -18579.1 53594.5 1.06443
147000 0.9 300.308 -161.149 -21874 3359.54 -18514.5 53646.6 1.0634
148000 0.9 300.545 45.4818 -21964.7 3362.19 -18602.6 53313.9 1.07003
149000 0.9 297.42 -246.357 -21876.9 3327.23 -18549.7 53831.2 1.05976
150000 0.9 299.732 -13.9664 -21940.7 3353.1 -18587.7 53791.4 1.06053
151000 0.9 301.85 129.421 -21988.9 3376.79 -18612.1 53316.4 1.06999
152000 0.9 302.111 225.756 -21932.2 3379.71 -18552.5 53314.4 1.07003
153000 0.9 299.746 -366.366 -21860.2 3353.26 -18506.9 53928.5 1.05784
154000 0.9 301.183 133.836 -21876.8 3369.33 -18507.4 53410.9 1.06811
155000 0.9 301.663 -4.41457 -21932.5 3374.7 -18557.8 53167.4 1.07298
156000 0.9 298.851 221.793 -21945.2 3343.24 -18602 53635.2 1.06363
157000 0.9 299.474 166.62 -21933.1 3350.21 -18582.9 54047.4 1.05551
158000 0.9 301.05 179.535 -21951.9 3367.85 -18584.1 53728.8 1.06177
159000 0.9 300.103 74.7311 -21917.5 3357.25 -18560.2 53981.3 1.0568
160000 0.9 298.771 7.21231 -21879.5 3342.35 -18537.1 54006.7 1.0563
161000 0.9 299.143 58.9339 -21990.5 3346.5 -18644 53604.5 1.06424
162000 0.9 299.541 -2.61834 -21966.8 3350.96 -18615.8 53539.2 1.06553
163000 0.9 299.016 91.4325 -22007.2 3345.08 -18662.1 53349.6 1.06932
164000 0.9 300.297 -175.119 -21955.8 3359.41 -18596.4 53594.7 1.06447
165000 0.9 299.166 -122.057 -21893.6 3346.77 -18546.9 54000.2 1.05643
166000 0.9 299.87 199.723 -21921.9 3354.64 -18567.2 53272.9 1.07088
167000 0.9 299.616 -19.9003 -21918.2 3351.8 -18566.4 53063.7 1.07508
168000 0.9 299.768 238.637 -21973.5 3353.5 -18620 53090.2 1.07454
169000 0.9 299.656 6.49427 -21913.3 3352.25 -18561.1 53635.4 1.06362
170000 0.9 300.14 -146.834 -21906.8 3357.66 -18549.1 54013.2 1.05618
171000 0.9 300.729 -66.7651 -21913.1 3364.25 -18548.9 53762.4 1.06111
172000 0.9 300.55 140.219 -21962.8 3362.25 -18600.6 53756.7 1.06122
173000 0.9 299.155 -187.277 -21959.7 3346.64 -18613 54086.6 1.05475
174000 0.9 297.522 8.49288 -21893.7 3328.37 -18565.3 53996.7 1.0565
175000 0.9 299.905 12.4876 -21947.8 3355.03 -18592.8 53977.1 1.05688
176000 0.9 300.817 51.8052 -21979 3365.24 -18613.8 53727.1 1.06181
177000 0.9 299.106 55.2085 -21902.4 3346.09 -18556.3 53541.6 1.06548
178000 0.9 298.43 -113.847 -21917.9 3338.53 -18579.4 53802.5 1.06031
179000 0.9 299.843 -110.286 -21884.8 3354.34 -18530.4 53475 1.06682
180000 0.9 302.784 57.9685 -21902.7 3387.24 -18515.5 53472.9 1.06686
181000 0.9 300.673 199.24 -21868.6 3363.62 -18505 53669.7 1.06294
182000 0.9 298.598 102.524 -21875.2 3340.41 -18534.8 53669.4 1.06294
183000 0.9 300.683 161.056 -21887.5 3363.73 -18523.8 53467.3 1.06696
184000 0.9 299.488 60.6661 -21908.8 3350.36 -18558.4 53571.8 1.06488
185000 0.9 300.522 -2.72507 -21962.1 3361.94 -18600.1 53565.1 1.06501
186000 0.9 299.336 61.016 -21958.4 3348.67 -18609.8 53807.6 1.06023
187000 0.9 299.257 -121.175 -21899.9 3347.78 -18552.1 53855.4 1.05929
188000 0.9 299.925 42.8092 -21932.8 3355.25 -18577.6 53583.6 1.06465
189000 0.9 299.525 -144.168 -21966.8 3350.78 -18616 53827.9 1.05981
190000 0.9 299.018 39.3233 -21979.3 3345.1 -18634.2 53870.6 1.05897
191000 0.9 299.966 -11.674 -21989.2 3355.71 -18633.5 53999.8 1.05644
192000 0.9 298.337 -59.1269 -21938 3337.49 -18600.5 54046.8 1.05552
193000 0.9 300.055 -58.9858 -21923.2 3356.71 -18566.4 53525.1 1.06583
194000 0.9 302.216 235.557 -21896.5 3380.88 -18515.7 53340.8 1.0695
195000 0.9 299.096 43.8658 -21871.8 3345.99 -18525.8 53618.6 1.06395
196000 0.9 299.132 180.222 -21918.6 3346.38 -18572.3 53339.4 1.06952
197000 0.9 300.932 -145.096 -21971.6 3366.53 -18605.1 53451.1 1.0673
198000 0.9 300.041 -22.3482 -21955.8 3356.55 -18599.3 53786.5 1.06063
199000 0.9 300.25 -8.64397 -21889.3 3358.89 -18530.4 53736.7 1.06161
200000 0.9 299.807 -86.6127 -21875 3353.93 -18521 53493.3 1.06644
201000 0.9 300.208 288.819 -21931.2 3358.42 -18572.8 53439.6 1.06751
202000 0.9 301.419 -121.478 -21921.5 3371.97 -18549.5 53709.6 1.06215
203000 0.9 300.025 72.0982 -21950.6 3356.37 -18594.3 53398.2 1.06835
204000 0.9 299.373 146.065 -21963.5 3349.08 -18614.4 53495.5 1.06641
205000 0.9 300.292 -82.9585 -21952.4 3359.36 -18593 53852.6 1.05933
206000 0.9 298.862 -93.8825 -21982.2 3343.36 -18638.9 53707.4 1.06219
207000 0.9 299.195 152.584 -21901.5 3347.09 -18554.4 53382.2 1.06866
208000 0.9 297.336 -113.426 -21905.2 3326.29 -18579 53476.8 1.06677
209000 0.9 299.574 31.6861 -21942.4 3351.32 -18591 53785 1.06066
210000 0.9 301.862 6.31189 -21893.5 3376.92 -18516.6 53853.2 1.05932
211000 0.9 298.934 -7.34408 -21858.1 3344.17 -18514 53859.1 1.0592
212000 0.9 299.646 -100.271 -21892.3 3352.13 -18540.1 53573.6 1.06485
213000 0.9 300.76 119.59 -21961.5 3364.59 -18596.9 53336.5 1.06958
214000 0.9 299.279 105.304 -21956.2 3348.03 -18608.2 53677.3 1.06279
215000 0.9 297.513 -107.379 -21921 3328.27 -18592.7 54013.5 1.05617
216000 0.9 300.648 220.523 -21904.3 3363.34 -18541 53991.3 1.05661
217000 0.9 300.198 -36.6788 -21834.2 3358.31 -18475.9 54167 1.05318
218000 0.9 300.341 70.5088 -21902.3 3359.91 -18542.4 53610.5 1.06413
219000 0.9 300.035 -60.4015 -21936.6 3356.48 -18580.1 53211.8 1.07208
220000 0.9 299.361 -91.6075 -21941.2 3348.95 -18592.2 53446.8 1.06737
221000 0.9 301.295 -47.0384 -21902.5 3370.59 -18531.9 53796.2 1.06044
222000 0.9 299.122 208.314 -21944.3 3346.27 -18598.1 53585.6 1.06461
223000 0.9 301.191 80.0047 -21912.4 3369.42 -18543 53714.9 1.06206
224000 0.9 300.37 -133.242 -21896.9 3360.23 -18536.7 53987.9 1.05667
225000 0.9 300.086 -1.35986 -21906.5 3357.06 -18549.4 53389.5 1.06853
226000 0.9 300.969 275.862 -21914.1 3366.93 -18547.2 53254.3 1.07124
227000 0.9 299.096 -243.776 -21877.1 3345.98 -18531.2 53881.2 1.05877
228000 0.9 299.85 148.813 -21921.8 3354.41 -18567.4 53374.4 1.06883
229000 0.9 299.855 -46.6439 -21921.1 3354.48 -18566.6 53663.5 1.06309
230000 0.9 299.205 -68.5275 -21890.3 3347.2 -18543.1 53927 1.05787
231000 0.9 300.193 242.661 -21902.3 3358.26 -18544 53384.6 1.06862
232000 0.9 301.371 67.8961 -21897.2 3371.43 -18525.7 53718.8 1.06198
233000 0.9 300.811 -143.623 -21943.9 3365.17 -18578.7 54042 1.05561
234000 0.9 298.851 -406.173 -21881 3343.24 -18537.7 53710.1 1.06216
235000 0.9 300.427 366.805 -21906.7 3360.87 -18545.8 52999.2 1.07639
236000 0.9 298.848 -199.463 -21938.8 3343.21 -18595.6 53393.2 1.06846
237000 0.9 299.242 -87.4113 -21921.5 3347.62 -18573.9 53677.4 1.06278
238000 0.9 301.541 -209.724 -21937.7 3373.34 -18564.3 53427.1 1.06777
239000 0.9 301.587 140.478 -21845 3373.85 -18471.2 53466.2 1.06699
240000 0.9 299.864 -340.421 -21867.9 3354.58 -18513.3 53835.1 1.05967
241000 0.9 300.232 90.1601 -21894.4 3358.69 -18535.7 53538.4 1.06555
242000 0.9 299.057 139.826 -21863.9 3345.55 -18518.3 53277.5 1.07076
243000 0.9 299.757 -0.610792 -21834.6 3353.38 -18481.2 53302.2 1.07026
244000 0.9 299.396 146.441 -21937.9 3349.34 -18588.5 53396.7 1.06837
245000 0.9 301.226 115.441 -21964.6 3369.81 -18594.8 53821.2 1.05995
246000 0.9 299.933 -152.029 -21902.8 3355.35 -18547.5 54062.9 1.05521
247000 0.9 299.751 147.813 -21920.3 3353.3 -18567 53653.1 1.06327
248000 0.9 299.427 -20.3573 -21882.7 3349.68 -18533 53770.6 1.06095
249000 0.9 300.144 63.4851 -21843.2 3357.71 -18485.5 53974.4 1.05694
250000 0.9 299.302 -114.493 -21918.3 3348.29 -18570 53791.9 1.06052
251000 0.9 300.511 87.6325 -21890.4 3361.81 -18528.6 53372.6 1.06888
252000 0.9 300.615 298.479 -21937.1 3362.98 -18574.1 53015.4 1.07607
253000 0.9 299.129 -241.422 -21880.5 3346.35 -18534.2 53658.2 1.06317
254000 0.9 299.568 240.921 -21972.5 3351.26 -18621.2 53349.4 1.06932
255000 0.9 302.144 183.214 -21929.1 3380.08 -18549 53551.9 1.06528
256000 0.9 299.619 -94.4063 -21930.4 3351.84 -18578.6 53954.2 1.05733
257000 0.9 298.897 12.5949 -21958.4 3343.76 -18614.6 53419.6 1.06792
258000 0.9 300.599 210.611 -21939.6 3362.79 -18576.8 53316.1 1.07
259000 0.9 301.335 -265.027 -21862.5 3371.03 -18491.5 53987.7 1.05668
260000 0.9 299.3 59.2488 -21855.5 3348.26 -18507.2 53832.6 1.05972
261000 0.9 299.808 -12.9887 -21901.1 3353.95 -18547.2 53498.4 1.06634
262000 0.9 300.009 165.382 -21912.8 3356.2 -18556.6 53657.6 1.06318
263000 0.9 299.718 -196.183 -21908.3 3352.94 -18555.3 54088.4 1.05471
264000 0.9 301.085 -178.741 -21960.3 3368.23 -18592.1 53745.2 1.06146
265000 0.9 301.239 77.7183 -21905.1 3369.96 -18535.2 53486.7 1.06658
266000 0.9 299.569 -311.706 -21852.9 3351.27 -18501.6 53753.1 1.06129
267000 0.9 301.257 106.811 -21846.1 3370.16 -18475.9 53683.6 1.06266
268000 0.9 300.507 -60.5457 -21921 3361.76 -18559.3 53733.2 1.06168
269000 0.9 301.157 -267.764 -21935.3 3369.04 -18566.3 53843.5 1.05951
270000 0.9 300.784 23.906 -21945.9 3364.86 -18581 53570.1 1.06491
271000 0.9 300.926 -225.574 -21905.4 3366.45 -18539 53817.2 1.06002
272000 0.9 299.259 151.729 -21959.5 3347.8 -18611.7 53577.5 1.06477
273000 0.9 299.626 -98.0301 -21941.9 3351.91 -18590 53928.5 1.05784
274000 0.9 300.058 -377.77 -21906.8 3356.74 -18550.1 54082.6 1.05483
275000 0.9 301.087 -55.6582 -21945.1 3368.25 -18576.8 53552.9 1.06526
276000 0.9 303.047 135.505 -21920.5 3390.18 -18530.3 53515.9 1.066
277000 0.9 299.571 -84.5524 -21850.1 3351.3 -18498.8 54128 1.05394
278000 0.9 300.688 -187.022 -21890.5 3363.79 -18526.7 54087.6 1.05474
279000 0.9 299.474 235.504 -21945 3350.21 -18594.7 53290.3 1.07051
280000 0.9 299.296 203.235 -21926.2 3348.22 -18577.9 53335.8 1.0696
281000 0.9 300.535 57.9339 -21901.7 3362.08 -18539.6 53786.7 1.06063
282000 0.9 299.168 0.131156 -21894.7 3346.79 -18547.9 53909 1.05822
283000 0.9 299.219 46.556 -21947.6 3347.36 -18600.3 53657.8 1.06317
284000 0.9 301.332 -132.053 -21935.7 3371 -18564.7 53562.9 1.06506
285000 0.9 298.944 304.37 -21969 3344.28 -18624.7 53502.2 1.06627
286000 0.9 299.354 14.9951 -21907.1 3348.87 -18558.2 53842.9 1.05952
287000 0.9 298.63 280.572 -21916.9 3340.77 -18576.1 53770.4 1.06094
288000 0.9 299.251 51.8239 -22022.6 3347.72 -18674.9 53623.1 1.06386
289000 0.9 299.375 43.4438 -21943.4 3349.11 -18594.3 53841.3 1.05956
290000 0.9 301.488 -360.417 -21885.4 3372.74 -18512.6 54222.3 1.0521
291000 0.9 303.16 118.97 -21934.1 3391.44 -18542.7 53826.8 1.05985
292000 0.9 301.852 -6.72083 -21909.7 3376.82 -18532.9 53507.6 1.06616
293000 0.9 299.148 -69.8159 -21857.3 3346.57 -18510.7 53690.4 1.06253
294000 0.9 300.179 350.925 -21934.2 3358.1 -18576.1 53564.6 1.06503
295000 0.9 301.205 -233.82 -21910.3 3369.58 -18540.8 53887.5 1.05864
296000 0.9 300.148 -129.004 -21865.9 3357.75 -18508.1 54125.6 1.05398
297000 0.9 299.987 -103.193 -21909.3 3355.95 -18553.3 53859.2 1.0592
298000 0.9 299.273 -33.4194 -21915 3347.96 -18567 53944.5 1.05753
299000 0.9 300.565 -40.9679 -21908.4 3362.41 -18546 53764.6 1.06107
300000 0.9 299.688 -65.8171 -21940.1 3352.6 -18587.5 53466.4 1.06698
301000 0.9 299.309 -4.8992 -21894 3348.37 -18545.6 53526.4 1.06578
302000 0.9 301.276 88.04 -21887 3370.37 -18516.7 53308.4 1.07015
303000 0.9 300.247 -41.8632 -21881 3358.85 -18522.2 53459.5 1.06713
304000 0.9 302.011 100.177 -21853.4 3378.59 -18474.8 53394.3 1.06845
305000 0.9 297.465 139.221 -21811.7 3327.73 -18484 53778.1 1.0608
306000 0.9 299.755 77.8967 -21884 3353.35 -18530.6 53632.5 1.06375
307000 0.9 302.286 118.794 -21896.7 3381.67 -18515 53455.8 1.06722
308000 0.9 299.702 92.4683 -21964.2 3352.76 -18611.5 53908.7 1.05823
309000 0.9 299.224 -341.985 -21937.6 3347.42 -18590.2 53864.1 1.05911
310000 0.9 297.205 -11.8855 -21905.6 3324.83 -18580.8 53811.4 1.06018
311000 0.9 300.29 92.2957 -21937 3359.34 -18577.6 53632.3 1.06368
312000 0.9 299.239 100.354 -21958.4 3347.58 -18610.8 53705.9 1.06225
313000 0.9 300.92 67.0381 -21911.5 3366.38 -18545.1 53994.3 1.05655
314000 0.9 299.877 155.303 -21905.3 3354.72 -18550.6 53321.4 1.06988
315000 0.9 301.44 84.2481 -21957.7 3372.2 -18585.5 53566.8 1.06499
316000 0.9 300.895 -42.6619 -21893.9 3366.1 -18527.8 53728.6 1.06183
317000 0.9 302.435 33.0448 -21913.9 3383.34 -18530.6 53325.6 1.0698
318000 0.9 299.108 -135.953 -21924.8 3346.12 -18578.7 53237.5 1.07157
319000 0.9 298.406 121.912 -21937 3338.26 -18598.8 53605.6 1.06422
320000 0.9 299.144 -216.94 -22000.1 3346.52 -18653.6 53889.3 1.05862
321000 0.9 299.236 117.378 -21913.5 3347.55 -18565.9 53696.6 1.06241
322000 0.9 297.86 106.075 -21866.8 3332.15 -18534.7 53689.5 1.06255
323000 0.9 300.258 100.723 -21901.1 3358.98 -18542.2 53892.4 1.05858
324000 0.9 302.707 -327.023 -21873.6 3386.38 -18487.2 53709.3 1.06218
325000 0.9 300.533 -199.613 -21852.6 3362.06 -18490.6 53898.1 1.05845
326000 0.9 299.457 123.954 -21918.7 3350.01 -18568.6 53606.1 1.0642
327000 0.9 299.019 -83.89 -21828.9 3345.12 -18483.8 53844.8 1.05952
328000 0.9 300.232 55.0895 -21888.2 3358.68 -18529.5 54009.2 1.05628
329000 0.9 300.436 209.272 -21868.2 3360.97 -18507.3 53689.8 1.06254
330000 0.9 298.682 64.8839 -21871.5 3341.35 -18530.2 53792.4 1.06052
331000 0.9 300.303 122.074 -21897.7 3359.48 -18538.2 53608.8 1.06419
332000 0.9 300.303 85.2257 -21884.3 3359.48 -18524.8 53421 1.06791
333000 0.9 299.349 112.049 -21908.2 3348.82 -18559.4 53689.2 1.06256
334000 0.9 301.999 -110.778 -21903.8 3378.45 -18525.4 53757.1 1.06129
335000 0.9 299.494 -156.136 -21863.2 3350.44 -18512.8 53641.5 1.0635
336000 0.9 299.064 -88.3179 -21853.5 3345.62 -18507.9 53978.7 1.0569
337000 0.9 298.028 -48.3013 -21928.4 3334.03 -18594.4 53596.7 1.06439
338000 0.9 300.28 74.5738 -21861.9 3359.23 -18502.7 53883.8 1.05872
339000 0.9 300.049 -67.126 -21922.5 3356.64 -18565.9 53782.6 1.06071
340000 0.9 300.745 -165.586 -21990.1 3364.43 -18625.7 53740.4 1.06154
341000 0.9 298.395 -153.528 -21967.4 3338.13 -18629.3 53720.9 1.06193
342000 0.9 298.39 431.145 -21934.2 3338.08 -18596.1 53404.9 1.06823
343000 0.9 301.416 61.6637 -21991.4 3371.94 -18619.4 54077.2 1.05494
344000 0.9 300.75 -57.8028 -21986.1 3364.49 -18621.6 53750.4 1.06135
345000 0.9 299.002 -146.698 -21968.8 3344.93 -18623.9 53436.3 1.0676
346000 0.9 300.274 -170.43 -21958.2 3359.16 -18599 53536.6 1.06562
347000 0.9 300.883 -196.667 -21832.9 3365.97 -18467 53923.2 1.05796
348000 0.9 298.646 133.361 -21932.4 3340.95 -18591.5 53742.5 1.06151
349000 0.9 299.527 9.19392 -21980.6 3350.8 -18629.8 53667.4 1.063
350000 0.9 301.253 65.0324 -21917.2 3370.11 -18547.1 53985.9 1.05674
351000 0.9 301.151 1.78864 -21914.9 3368.97 -18545.9 53559.7 1.06512
352000 0.9 300.426 -172.456 -21822.5 3360.86 -18461.6 53510.4 1.06611
353000 0.9 301.245 -145.484 -21880.8 3370.03 -18510.8 53194.1 1.07247
354000 0.9 298.901 113.16 -21908.1 3343.8 -18564.3 53609.6 1.0642
355000 0.9 298.953 14.682 -21902.3 3344.38 -18557.9 53562.3 1.06507
356000 0.9 300.284 348.725 -21914.9 3359.28 -18555.7 53722.5 1.06191
357000 0.9 300.688 127.562 -21896.8 3363.79 -18533 54048.4 1.0555
358000 0.9 299.555 -89.6514 -21874.5 3351.12 -18523.4 54236.8 1.05184
359000 0.9 299.289 59.051 -21900.4 3348.13 -18552.3 53771.1 1.06095
360000 0.9 301.305 -331.017 -21910.5 3370.69 -18539.8 53684.5 1.06265
361000 0.9 299.787 159.047 -21964.5 3353.71 -18610.7 53603.2 1.06427
362000 0.9 301.289 -97.5673 -21900.7 3370.51 -18530.2 53531.6 1.0657
363000 0.9 298.613 34.0383 -21932.6 3340.58 -18592 53947.6 1.05746
364000 0.9 301.359 -35.3066 -21955.4 3371.29 -18584.1 53481.6 1.06669
365000 0.9 301.065 -65.3291 -21939.7 3368.01 -18571.7 53210.6 1.07214
366000 0.9 299.582 179.677 -21972.4 3351.42 -18621 53536.2 1.06561
367000 0.9 299.617 66.5743 -21946.5 3351.81 -18594.6 53856.2 1.05927
368000 0.9 301.074 -12.291 -21976.7 3368.11 -18608.6 53686.4 1.06262
369000 0.9 300.197 -228.057 -21936.2 3358.3 -18577.9 53744.1 1.06147
370000 0.9 298.457 -124.735 -21951.8 3338.83 -18613 53688.5 1.06258
371000 0.9 300.694 61.2232 -21954.5 3363.86 -18590.7 53667.4 1.06298
372000 0.9 301.545 -49.1432 -21956.5 3373.37 -18583.2 53630.5 1.06372
373000 0.9 299.815 45.2425 -21901.1 3354.03 -18547.1 53742.1 1.06151
374000 0.9 298.533 -22.3797 -21949.2 3339.68 -18609.5 53941.2 1.05761
375000 0.9 298.781 -90.3042 -21932.6 3342.45 -18590.2 53556.9 1.06523
376000 0.9 299.39 -83.0397 -21980.1 3349.27 -18630.8 53837.5 1.05964
377000 0.9 299.05 34.6542 -21926.7 3345.47 -18581.2 53580.3 1.06472
378000 0.9 300.743 -105.399 -21895.6 3364.41 -18531.2 53847.3 1.05947
379000 0.9 300.563 -172.627 -21890 3362.39 -18527.6 53808.1 1.06021
380000 0.9 299.713 62.4813 -21912.2 3352.89 -18559.3 53658.5 1.06317
381000 0.9 299.868 -7.04126 -21981.8 3354.61 -18627.2 53895.3 1.05849
382000 0.9 299.953 154.284 -21919.2 3355.56 -18563.6 53969.6 1.05704
383000 0.9 300.554 -71.7827 -21973.6 3362.29 -18611.3 53962.9 1.05718
384000 0.9 299.077 135.735 -21916.5 3345.77 -18570.8 53668.4 1.06297
385000 0.9 299.281 79.4323 -21901.2 3348.05 -18553.1 53274.4 1.07083
386000 0.9 299.165 -122.871 -21922.3 3346.76 -18575.6 53385.4 1.0686
387000 0.9 299.883 -109.718 -21898.9 3354.79 -18544.1 53566.6 1.06498
388000 0.9 297.178 52.7649 -21867.8 3324.53 -18543.3 53773.9 1.0609
389000 0.9 299.238 -19.4605 -21876.3 3347.57 -18528.8 54086.5 1.05478
390000 0.9 300.856 35.3258 -21912.6 3365.67 -18547 53554.7 1.06523
391000 0.9 301.116 -6.00698 -21868.4 3368.58 -18499.8 53983 1.0568
392000 0.9 300.481 9.10237 -21866.8 3361.48 -18505.3 53602.7 1.06427
393000 0.9 300.001 187.38 -21900.2 3356.1 -18544.1 53566.8 1.06499
394000 0.9 299.452 -130.658 -21939.4 3349.96 -18589.5 53984.4 1.05675
395000 0.9 297.508 153.583 -21914.1 3328.21 -18585.9 53841.9 1.05954
396000 0.9 300.772 -3.39942 -21933.5 3364.73 -18568.8 53706.6 1.06224
397000 0.9 300.57 -106.767 -21943.5 3362.47 -18581 53814.2 1.06011
398000 0.9 298.879 287.386 -22001.5 3343.55 -18658 53685.6 1.06263
399000 0.9 300.71 -289.714 -21915.2 3364.04 -18551.1 53332.6 1.0697
400000 0.9 298.219 -62.5326 -21929.1 3336.17 -18593 53522.6 1.06587
401000 0.9 298.583 96.1197 -21955.4 3340.24 -18615.1 54031.5 1.05583
402000 0.9 299.259 -55.5802 -21869.1 3347.81 -18521.3 54071.2 1.05505
403000 0.9 299.346 -164.465 -21926.7 3348.78 -18577.9 53739.4 1.06157
404000 0.9 300.652 -283.164 -22003.9 3363.38 -18640.5 53832.8 1.05975
405000 0.9 299.449 107.627 -21957.2 3349.93 -18607.3 53565.4 1.06501
406000 0.9 298.056 239.132 -21946 3334.35 -18611.7 53640 1.06354
407000 0.9 299.214 -43.7489 -21934.7 3347.3 -18587.4 53625 1.06384
408000 0.9 300.085 23.0885 -21856.2 3357.05 -18499.1 53517.8 1.06596
409000 0.9 299.349 -1.00464 -21846.1 3348.81 -18497.3 53540.1 1.06552
410000 0.9 299.579 67.0759 -21877.6 3351.39 -18526.2 53655.2 1.06323
411000 0.9 300.315 133.318 -21912 3359.62 -18552.3 53537.7 1.06557
412000 0.9 298.158 -124.321 -21913.6 3335.49 -18578.1 53641.3 1.06353
413000 0.9 300.42 107.894 -21950.4 3360.8 -18589.6 53895.3 1.0585
414000 0.9 300.011 -35.4112 -21983.7 3356.22 -18627.5 53624.1 1.06388
415000 0.9 298.338 85.4658 -21945.3 3337.5 -18607.8 53760.5 1.06115
416000 0.9 299.303 -73.1248 -21962.2 3348.29 -18613.9 53106.5 1.07421
417000 0.9 300.112 113.922 -21950.1 3357.34 -18592.8 53382.9 1.06867
418000 0.9 301.178 -173.868 -21851.3 3369.28 -18482 53868.7 1.05902
419000 0.9 299.037 -10.0469 -21865.5 3345.32 -18520.1 53866.1 1.05907
420000 0.9 300.714 141.068 -21870.7 3364.08 -18506.6 53547.4 1.06538
421000 0.9 301.721 -141.444 -21862.4 3375.35 -18487.1 53633.1 1.06368
422000 0.9 300.419 -84.2972 -21939.2 3360.78 -18578.4 53461.5 1.06708
423000 0.9 299.595 40.3062 -21955.8 3351.57 -18604.2 53568.1 1.06496
424000 0.9 299.13 -89.4909 -21898.8 3346.36 -18552.4 53794.2 1.0605
425000 0.9 301.141 213.802 -21932.6 3368.85 -18563.8 53303 1.07027
426000 0.9 299.566 -82.4474 -21887.8 3351.24 -18536.6 53789.3 1.06063
427000 0.9 302.222 -134.168 -21905.5 3380.95 -18524.6 53825.6 1.05987
428000 0.9 299.927 -8.91342 -21946.4 3355.28 -18591.2 53725.1 1.06185
429000 0.9 301.993 178.719 -21889.4 3378.39 -18511 53418.4 1.06794
430000 0.9 299.183 -8.08258 -21881.5 3346.96 -18534.5 53388.7 1.06855
431000 0.9 300.047 115.967 -21920 3356.62 -18563.3 53468.4 1.06695
432000 0.9 299.766 -101.632 -21920.4 3353.48 -18567 53893.4 1.05853
433000 0.9 301.155 -192.379 -21947.4 3369.02 -18578.4 53583.8 1.06465
434000 0.9 299.052 -148.147 -21893.6 3345.49 -18548.1 53548.3 1.06536
435000 0.9 298.962 89.3541 -21835.2 3344.48 -18490.7 53361.9 1.06909
436000 0.9 299.597 -142.936 -21867.6 3351.58 -18516 54043.1 1.05561
437000 0.9 299.798 199.566 -21877.6 3353.83 -18523.8 53653.8 1.06326
438000 0.9 300.964 -143.297 -21964.6 3366.88 -18597.7 53560.9 1.06514
439000 0.9 298.584 -74.3351 -21937 3340.25 -18596.8 53840 1.05961
440000 0.9 300.466 -119.945 -21938.3 3361.31 -18577 53587.5 1.06458
441000 0.9 301.609 -124.142 -21914.5 3374.1 -18540.4 53434.4 1.06762
442000 0.9 299.764 -125.045 -21965.4 3353.45 -18611.9 53797 1.06043
443000 0.9 299.021 -128.405 -21930.3 3345.14 -18585.2 53468.4 1.06697
444000 0.9 298.506 -45.6056 -21915.8 3339.38 -18576.4 53120.5 1.07393
445000 0.9 301.153 76.2051 -21884.5 3368.99 -18515.6 53515.1 1.06603
446000 0.9 299.383 -37.5836 -21951.9 3349.19 -18602.7 53986.1 1.05671
447000 0.9 300.497 -48.0641 -21915.9 3361.65 -18554.2 54034.9 1.05575
448000 0.9 298.468 145.74 -21938.1 3338.95 -18599.1 53769.2 1.06098
449000 0.9 300.759 179.735 -21946.7 3364.59 -18582.1 53652.6 1.06328
450000 0.9 299.202 175.754 -21919.3 3347.17 -18572.1 53415.3 1.06801
451000 0.9 301.011 -95.9693 -21899.4 3367.41 -18532 53925.1 1.05792
452000 0.9 299.465 189.179 -21920.7 3350.11 -18570.6 53931.9 1.05777
453000 0.9 300.584 -123.19 -21902.8 3362.62 -18540.2 53841.1 1.05956
454000 0.9 298.034 212.311 -21950.2 3334.1 -18616.1 53610.4 1.06413
455000 0.9 300.997 -10.8956 -21870.1 3367.25 -18502.8 53309 1.07016
456000 0.9 300.787 -227.627 -21940.8 3364.9 -18575.9 53744 1.06149
457000 0.9 298.926 -96.0442 -21914 3344.08 -18569.9 53957.6 1.0573
458000 0.9 299.952 106.443 -21915.3 3355.56 -18559.7 53812.1 1.06013
459000 0.9 300.952 39.5414 -21987.4 3366.74 -18620.7 53744.3 1.06147
460000 0.9 297.909 62.283 -21925 3332.7 -18592.2 53337.5 1.06958
461000 0.9 298.691 -33.7721 -21955.5 3341.45 -18614.1 53776.9 1.06083
462000 0.9 299.447 -23.7869 -21915.2 3349.91 -18565.3 53660.8 1.06312
463000 0.9 299.117 20.1939 -21904.2 3346.21 -18557.9 53608.6 1.06416
464000 0.9 300.524 3.31403 -21906.9 3361.95 -18544.9 53655.9 1.06321
465000 0.9 298.289 -132.147 -21947.8 3336.95 -18610.9 53359.9 1.06912
466000 0.9 300.089 -55.9148 -21913.5 3357.09 -18556.4 53529.3 1.06573
467000 0.9 298.129 28.4842 -21908.8 3335.16 -18573.7 53742.7 1.06152
468000 0.9 300.666 -163.086 -21901.3 3363.55 -18537.8 53505 1.06623
469000 0.9 301.212 35.4115 -21889.9 3369.65 -18520.3 53353.2 1.06928
470000 0.9 300.888 49.1004 -21988.1 3366.03 -18622.1 53388.7 1.06857
471000 0.9 298.376 121.135 -21973.5 3337.93 -18635.5 53711.2 1.06212
472000 0.9 300.484 49.4907 -21910.6 3361.51 -18549.1 53725.4 1.06184
473000 0.9 300.63 -2.11371 -21895.5 3363.15 -18532.3 53379.6 1.06874
474000 0.9 299.232 15.3909 -21903.5 3347.5 -18556 53563 1.06508
475000 0.9 299.449 55.2501 -21950.1 3349.93 -18600.2 53504.6 1.06624
476000 0.9 300.085 -71.343 -21915.8 3357.04 -18558.7 53971.2 1.05702
477000 0.9 299.708 135.297 -21931.7 3352.83 -18578.8 53624.1 1.06385
478000 0.9 300.547 -28.694 -21862.2 3362.22 -18500 53718.4 1.06198
479000 0.9 298.53 -63.6586 -21891.1 3339.65 -18551.4 53576.8 1.06482
480000 0.9 301.962 -225.328 -21903.1 3378.04 -18525 53667.7 1.06298
481000 0.9 299.602 -131.611 -21859.4 3351.64 -18507.7 53600.8 1.06434
482000 0.9 297.732 105.627 -21939.3 3330.72 -18608.6 53607.7 1.06418
483000 0.9 300.602 -2.3364 -21893.9 3362.83 -18531.1 53971.2 1.05701
484000 0.9 300.466 -168.663 -21887.5 3361.31 -18526.2 53790.4 1.06056
485000 0.9 301.678 116.487 -21976.1 3374.87 -18601.2 53422 1.06791
486000 0.9 299.405 -152.879 -21930.5 3349.44 -18581.1 53398.9 1.06833
487000 0.9 301.889 -61.6479 -21949.5 3377.23 -18572.2 53497.1 1.06637
488000 0.9 299.09 89.6684 -21869 3345.91 -18523.1 53655.4 1.06324
489000 0.9 298.906 -91.6524 -21833.1 3343.86 -18489.2 53838.5 1.05963
490000 0.9 299.602 225.397 -21907.7 3351.64 -18556.1 53702 1.0623
491000 0.9 299.567 276.189 -21937.4 3351.25 -18586.2 53502.2 1.0663
492000 0.9 299.325 -216.786 -21964.7 3348.54 -18616.1 53476.5 1.06679
493000 0.9 300.93 133.64 -21946.1 3366.5 -18579.6 53236.2 1.07161
494000 0.9 300.351 -135.577 -21834.9 3360.02 -18474.9 53669.8 1.06295
495000 0.9 299.381 150.437 -21918.6 3349.17 -18569.5 53762.2 1.06111
496000 0.9 300.7 33.8818 -21945.3 3363.93 -18581.4 53820.6 1.05997
497000 0.9 300.252 58.2861 -21892.8 3358.91 -18533.9 54172.6 1.05309
498000 0.9 300.946 67.8065 -21926.5 3366.67 -18559.8 54068.8 1.0551
499000 0.9 301.975 96.642 -21900.6 3378.18 -18522.5 53651.8 1.0633
500000 0.9 301.096 -86.5765 -21993.2 3368.35 -18624.9 53617.3 1.06398
501000 0.9 300.335 0.116701 -22002.9 3359.84 -18643.1 53628.4 1.06376
502000 0.9 300.894 -85.7275 -21943.5 3366.09 -18577.4 53586.3 1.0646
503000 0.9 300.426 -80.5063 -21918.2 3360.86 -18557.3 53712.1 1.06212
504000 0.9 300.008 -32.7968 -21933.9 3356.19 -18577.7 53334.3 1.06962
505000 0.9 300.816 17.5614 -21978.1 3365.22 -18612.9 53758.3 1.0612
506000 0.9 297.352 134.323 -21909.1 3326.47 -18582.6 53716 1.06208
507000 0.9 299.089 24.5025 -22006 3345.9 -18660.1 53502.5 1.06629
508000 0.9 298.447 -350.351 -21985.2 3338.72 -18646.5 53721.6 1.06193
509000 0.9 301.124 -98.0736 -21937 3368.67 -18568.3 53651.6 1.06331
510000 0.9 301.144 112.563 -21944.1 3368.9 -18575.2 53640.9 1.06352
511000 0.9 300.852 181.109 -21883.2 3365.62 -18517.6 53798 1.06042
512000 0.9 299.758 5.21086 -21852.1 3353.39 -18498.7 53869.9 1.059
513000 0.9 301.968 -121.531 -21921.2 3378.11 -18543.1 53954.3 1.05741
514000 0.9 298.886 -2.37934 -21924.4 3343.64 -18580.8 53821.4 1.05998
515000 0.9 299.938 143.348 -21986 3355.4 -18630.6 53457.6 1.06717
516000 0.9 299.694 106.307 -21950.9 3352.67 -18598.2 53338.4 1.06954
517000 0.9 299.601 -248.808 -21881.5 3351.63 -18529.8 53694.7 1.06244
518000 0.9 300.574 -17.1198 -21888.6 3362.52 -18526.1 53481.2 1.0667
519000 0.9 299.435 41.2866 -21881.4 3349.77 -18531.6 53585.6 1.06461
520000 0.9 301.803 34.4998 -21874.4 3376.27 -18498.2 54047.6 1.05551
521000 0.9 298.717 98.9804 -21981.1 3341.74 -18639.3 53724.2 1.06186
522000 0.9 299.383 18.7806 -21958.4 3349.19 -18609.2 53489.1 1.06654
523000 0.9 299.691 218.827 -21860.6 3352.63 -18508 53321 1.06992
524000 0.9 301.099 100.599 -21871.1 3368.38 -18502.8 54091.5 1.05465
525000 0.9 300.035 61.0967 -21847.6 3356.49 -18491.1 53884.8 1.0587
526000 0.9 299.547 -10.1071 -21889.5 3351.03 -18538.4 53693.7 1.06247
527000 0.9 300.862 303.854 -21847.8 3365.74 -18482 53427.6 1.06776
528000 0.9 300.095 -58.7422 -21882.3 3357.16 -18525.2 53664.8 1.06304
529000 0.9 299.848 41.0096 -21919.3 3354.39 -18564.9 53735.8 1.06164
530000 0.9 302.279 -68.0214 -21908.3 3381.59 -18526.7 53748.2 1.06139
531000 0.9 299.249 47.3147 -21948.8 3347.69 -18601.1 53092.9 1.07449
532000 0.9 300.162 151.186 -21935.4 3357.91 -18577.5 53304.3 1.07024
533000 0.9 300.612 -66.882 -21925 3362.94 -18562.1 53391.3 1.06851
534000 0.9 299.418 -19.7664 -21933.3 3349.58 -18583.7 53396 1.06839
535000 0.9 299.829 -2.34705 -21858.7 3354.18 -18504.5 53623.3 1.06386
536000 0.9 300.23 -15.5685 -21892.2 3358.67 -18533.5 53830.8 1.05976
537000 0.9 300.709 -78.2237 -21935.5 3364.03 -18571.5 54099.3 1.05451
538000 0.9 301.267 64.5098 -21923.8 3370.26 -18553.6 53992.9 1.05659
539000 0.9 298.963 -72.865 -21959.9 3344.49 -18615.4 53871.7 1.05896
540000 0.9 299.114 142.126 -21944.4 3346.18 -18598.2 53750.3 1.06135
541000 0.9 300.79 111.444 -21965.2 3364.93 -18600.3 53828.5 1.0598
542000 0.9 298.15 -0.314196 -21948.2 3335.4 -18612.8 53879.3 1.05881
543000 0.9 299.253 -378.833 -21965.7 3347.73 -18618 53568.8 1.06494
544000 0.9 300.021 43.7492 -21951.5 3356.33 -18595.2 53330.5 1.06971
545000 0.9 300.571 122.652 -21981.1 3362.48 -18618.7 53965.3 1.05712
546000 0.9 301.525 111.984 -21921 3373.15 -18547.8 53594.6 1.06444
547000 0.9 301.84 -133.384 -21941.1 3376.68 -18564.4 53548.6 1.06536
548000 0.9 299.15 43.9543 -21893.2 3346.58 -18546.6 53633.2 1.06368
549000 0.9 302.19 -146.942 -21913.5 3380.59 -18532.9 53952.3 1.05738
550000 0.9 297.951 205.36 -21966.5 3333.17 -18633.3 53615.4 1.06402
551000 0.9 302.17 -53.4185 -21948.5 3380.37 -18568.1 53796.1 1.06045
552000 0.9 300.255 12.7008 -21938.4 3358.95 -18579.5 53895.4 1.05849
553000 0.9 297.956 202.318 -21993.1 3333.23 -18659.8 54118.5 1.05415
554000 0.9 299.288 321.828 -21904 3348.13 -18555.9 53930.2 1.05781
555000 0.9 302.114 -170.276 -21878.8 3379.74 -18499.1 53831.6 1.05979
556000 0.9 300.268 133.172 -21908.6 3359.09 -18549.5 53589.3 1.06453
557000 0.9 300.07 218.685 -21915.9 3356.88 -18559 53345.5 1.06943
558000 0.9 298.633 54.4146 -21884.4 3340.81 -18543.6 53656 1.06325
559000 0.9 301.646 -10.8714 -21925.3 3374.51 -18550.8 53558.5 1.06515
560000 0.9 301.895 208.543 -21939.9 3377.29 -18562.6 53664.3 1.06306
561000 0.9 299.73 -58.7298 -22023.2 3353.07 -18670.1 54114.9 1.05423
562000 0.9 299.433 164.677 -22015.7 3349.75 -18665.9 53819.7 1.06002
563000 0.9 300.807 320.564 -21958.9 3365.12 -18593.7 53569.1 1.06493
564000 0.9 301.014 56.1774 -21936.4 3367.43 -18569 53573.2 1.06487
565000 0.9 300.628 -168.738 -21917.8 3363.12 -18554.7 53527.6 1.06578
566000 0.9 301.127 72.3515 -21929.1 3368.7 -18560.4 53465.7 1.067
567000 0.9 301.024 103.099 -21950.8 3367.55 -18583.2 53226.2 1.0718
568000 0.9 298.794 -177.311 -21951.3 3342.61 -18608.7 53525 1.06582
569000 0.9 300.404 65.0668 -21949 3360.62 -18588.3 53397.5 1.06836
570000 0.9 300.459 84.6377 -21898.7 3361.23 -18537.5 53355.4 1.0692
571000 0.9 299.299 22.4242 -21882.6 3348.26 -18534.3 53530.8 1.0657
572000 0.9 298.668 -94.0414 -21876 3341.19 -18534.8 53768.2 1.06101
573000 0.9 301.668 -26.1502 -21866.7 3374.75 -18491.9 53785.7 1.06065
574000 0.9 300.788 -60.4028 -21870.9 3364.91 -18506 53749.2 1.06137
575000 0.9 299.747 52.9622 -21901.3 3353.26 -18548 53501.3 1.06629
576000 0.9 298.919 9.53992 -21897.5 3344 -18553.5 53695.9 1.06243
577000 0.9 300.184 -50.3021 -21875.7 3358.16 -18517.6 53725 1.06185
578000 0.9 300.334 123.846 -21951.4 3359.83 -18591.5 53735.1 1.06164
579000 0.9 300.789 117.077 -21926.5 3364.92 -18561.6 53670 1.063
580000 0.9 302.047 -85.0741 -21884.2 3378.99 -18505.2 53251 1.07131
581000 0.9 300.471 11.1491 -21903.9 3361.36 -18542.6 53615.5 1.06402
582000 0.9 298.515 44.2715 -21944.5 3339.48 -18605.1 53253.9 1.07127
583000 0.9 299.365 -66.3918 -21886.5 3348.99 -18537.5 53686.1 1.06262
584000 0.9 299.072 22.4207 -21928.6 3345.71 -18582.8 53770.1 1.06097
585000 0.9 300.294 -77.3496 -21913.2 3359.38 -18553.9 53856.5 1.05928
586000 0.9 299.725 67.8307 -21907 3353.01 -18553.9 53263.2 1.07108
587000 0.9 302.093 -217.035 -21861.9 3379.51 -18482.4 53470.3 1.06691
588000 0.9 301.186 65.6786 -21881.8 3369.36 -18512.4 53548.2 1.06535
589000 0.9 299.97 93.0524 -21890.9 3355.76 -18535.2 53463.6 1.06706
590000 0.9 298.656 163.163 -21875.6 3341.06 -18534.5 53633.5 1.06367
591000 0.9 301.981 -118.583 -21880.2 3378.26 -18501.9 53421 1.06789
592000 0.9 301.532 -74.9137 -21855.7 3373.23 -18482.5 53324.9 1.06983
593000 0.9 298.988 108.594 -21916.9 3344.77 -18572.1 53649.6 1.06336
594000 0.9 300.987 -338.654 -21848.5 3367.14 -18481.4 53823.4 1.05992
595000 0.9 299.689 131.203 -21930.5 3352.62 -18577.9 53650.4 1.06332
596000 0.9 299.942 -128.098 -21914.5 3355.44 -18559.1 54157.1 1.05338
597000 0.9 298.82 119.115 -21884.5 3342.89 -18541.6 53793.8 1.06049
598000 0.9 297.977 170.476 -21972.6 3333.47 -18639.1 53829.5 1.05981
599000 0.9 299.18 -149.729 -21926.7 3346.92 -18579.8 53667.4 1.06299
600000 0.9 298.799 10.7725 -21973.6 3342.66 -18630.9 53354.8 1.06922
