# Time-averaged data for fix thermo_avg
# TimeStep v_epsilon_co v_temp v_press v_pe v_ke v_etotal v_vol v_dens
601000 0.9 299.312 -155.157 -21909.3 3348.4 -18560.9 53662 1.0631
602000 0.9 298.865 239.897 -21929.2 3343.4 -18585.8 53611.8 1.0641
603000 0.9 300.184 -45.0369 -21926.2 3358.16 -18568 53652.7 1.06329
604000 0.9 301.637 6.64741 -21880.2 3374.4 -18505.8 53423.1 1.06788
605000 0.9 300.704 -87.6264 -21921.6 3363.97 -18557.7 53332.6 1.06967
606000 0.9 298.718 60.6581 -21902.9 3341.75 -18561.1 53852.4 1.05937
607000 0.9 298.881 3.39309 -21905.5 3343.57 -18561.9 53541.5 1.0655
608000 0.9 299.399 101.601 -21906.5 3349.37 -18557.2 53467.2 1.06699
609000 0.9 299.681 25.611 -21957.9 3352.52 -18605.4 53719.9 1.06196
610000 0.9 300.965 81.6579 -21901.9 3366.89 -18535 53493.4 1.06647
611000 0.9 299.856 41.1388 -21913 3354.49 -18558.5 53562.6 1.06506
612000 0.9 298.161 -239.49 -21884.6 3335.52 -18549 53761.6 1.06114
613000 0.9 299.215 -6.78565 -21963.1 3347.31 -18615.7 53828.5 1.05981
614000 0.9 298.41 226.603 -21925.7 3338.31 -18587.4 53547.7 1.06536
615000 0.9 300.192 -53.8416 -21853 3358.25 -18494.7 53602 1.06429
616000 0.9 299.886 188.578 -21883.3 3354.82 -18528.5 53445.6 1.0674
617000 0.9 298.466 -210.037 -21912.8 3338.94 -18573.9 53956.6 1.0573
618000 0.9 299.57 -87.8817 -21825.9 3351.29 -18474.6 53963 1.05717
619000 0.9 300.047 157.809 -21901.2 3356.62 -18544.6 53140.2 1.07354
620000 0.9 297.967 286.596 -21966.7 3333.35 -18633.3 53335 1.06962
621000 0.9 299.948 63.8556 -21934.8 3355.52 -18579.3 53363.8 1.06906
622000 0.9 298.596 5.02167 -21934.9 3340.38 -18594.5 53474.3 1.06686
623000 0.9 301.154 -133.261 -21947.8 3369.01 -18578.8 53541.4 1.06549
624000 0.9 300.068 37.294 -21942.2 3356.85 -18585.4 53842.1 1.05955
625000 0.9 299.017 46.5256 -21872.7 3345.1 -18527.6 53568.5 1.06499
626000 0.9 300.015 -118.957 -21863.1 3356.26 -18506.9 53921.7 1.05797
627000 0.9 299.22 144.44 -21899.8 3347.37 -18552.4 54108.1 1.05434
628000 0.9 300.207 -95.6443 -21884.5 3358.41 -18526.1 53903.4 1.05835
629000 0.9 299.804 69.8213 -21810.7 3353.9 -18456.8 53675.1 1.06284
630000 0.9 299.022 -47.9965 -21826.7 3345.16 -18481.5 53657.6 1.06321
631000 0.9 299.335 31.0926 -21883.1 3348.65 -18534.4 53459.8 1.06715
632000 0.9 299.979 137.662 -21966.2 3355.86 -18610.3 53870.6 1.05898
633000 0.9 300.814 99.3228 -21949.4 3365.2 -18584.2 53739 1.06158
634000 0.9 298.034 128.153 -21917.7 3334.1 -18583.6 53552.9 1.06527
635000 0.9 299.984 -86.0799 -21948.8 3355.92 -18592.9 53639.8 1.06355
636000 0.9 298.131 7.95193 -21960.3 3335.18 -18625.1 53418.4 1.06796
637000 0.9 299.471 108.125 -21934 3350.18 -18583.8 53386.7 1.0686
638000 0.9 302.114 -101.065 -21939.6 3379.74 -18559.8 53625.3 1.06384
639000 0.9 300.228 -207.349 -21947.9 3358.65 -18589.3 53461.3 1.0671
640000 0.9 299.976 24.1662 -21974.3 3355.82 -18618.5 53601.4 1.06432
641000 0.9 299.896 -131.753 -21923.9 3354.93 -18569 53437.9 1.06756
642000 0.9 297.862 55.4792 -21946.9 3332.18 -18614.8 53236.2 1.0716
643000 0.9 301.663 -187.025 -21940.8 3374.7 -18566.1 53494.9 1.06643
644000 0.9 298.539 165.407 -21913 3339.75 -18573.2 53565.4 1.06505
645000 0.9 297.985 216.588 -21902.2 3333.55 -18568.7 53480.4 1.06671
646000 0.9 298.788 164.478 -21936.4 3342.54 -18593.9 53547.8 1.06537
647000 0.9 298.932 -25.719 -21907.2 3344.15 -18563.1 53340.4 1.06951
648000 0.9 299.438 28.155 -21934.6 3349.81 -18584.8 53551.7 1.06529
649000 0.9 301.047 -137.702 -21951.3 3367.81 -18583.5 53731.4 1.06174
650000 0.9 297.731 134.053 -21916.3 3330.71 -18585.5 53624.9 1.06384
651000 0.9 300.89 -104.349 -21959.1 3366.05 -18593.1 53355.6 1.0692
652000 0.9 299.919 60.0841 -21966.8 3355.19 -18611.6 53521.5 1.06589
653000 0.9 299.52 -179.222 -21951.5 3350.73 -18600.8 53547.3 1.06539
654000 0.9 301.604 -45.5405 -21912 3374.03 -18537.9 53482.5 1.06668
655000 0.9 299.429 152.107 -21842.4 3349.7 -18492.7 53720 1.06196
656000 0.9 299.923 138.116 -21915.8 3355.23 -18560.5 53534.8 1.06562
657000 0.9 300.047 -39.56 -21911.6 3356.62 -18555 53487.7 1.06658
658000 0.9 298.44 82.7303 -21888.2 3338.64 -18549.5 53875.7 1.05888
659000 0.9 298.819 85.5706 -21852.3 3342.88 -18509.5 53709.3 1.06218
660000 0.9 297.145 128.025 -21789.7 3324.15 -18465.6 53876.2 1.0589
661000 0.9 298.945 206.574 -21844.2 3344.29 -18499.9 53779.8 1.06078
662000 0.9 299.987 -50.3164 -21886 3355.95 -18530 53521.8 1.0659
663000 0.9 298.694 12.8347 -21894.1 3341.49 -18552.6 53648.7 1.06337
664000 0.9 300.376 63.7991 -21895.6 3360.3 -18535.3 53756.6 1.06123
665000 0.9 299.507 75.0326 -21900.1 3350.58 -18549.5 53733.7 1.0617
666000 0.9 301.23 -154.544 -21957 3369.86 -18587.1 53398.2 1.06835
667000 0.9 298.741 -182.984 -21943.3 3342.01 -18601.3 53066.9 1.07502
668000 0.9 297.657 34.9395 -21921 3329.88 -18591.2 53138.8 1.07357
669000 0.9 299.671 147.548 -21964 3352.42 -18611.6 53353.2 1.06927
670000 0.9 300.729 -76.3492 -21834.6 3364.24 -18470.4 53950.5 1.05741
671000 0.9 298.819 -31.7932 -21901.8 3342.88 -18558.9 53737.3 1.06162
672000 0.9 298.939 43.5604 -21915.5 3344.22 -18571.3 53937.3 1.05768
673000 0.9 299.731 -268.963 -21895.8 3353.09 -18542.7 53588.5 1.0646
674000 0.9 300.625 153.189 -21952.1 3363.09 -18589 53522.5 1.06588
675000 0.9 300.516 -101.641 -21935.9 3361.87 -18574 53432.4 1.06771
676000 0.9 299.543 -149.551 -21899.3 3350.98 -18548.3 53545.5 1.06542
677000 0.9 298.733 -71.4712 -21853 3341.92 -18511.1 53812.4 1.06014
678000 0.9 301.105 6.32558 -21887.8 3368.45 -18519.3 53462.3 1.06707
679000 0.9 301.015 -110.04 -21913.3 3367.45 -18545.9 53593.4 1.06446
680000 0.9 299.47 117.43 -21868.9 3350.17 -18518.7 53405.3 1.0682
681000 0.9 297.823 24.7977 -21910.7 3331.74 -18579 53523.9 1.06585
682000 0.9 299.966 -18.8335 -21955.8 3355.71 -18600.1 53567.7 1.065
683000 0.9 299.544 27.6556 -21947.8 3351 -18596.8 53511.3 1.06612
684000 0.9 298.256 -113.611 -21930.2 3336.58 -18593.6 53761.6 1.06113
685000 0.9 300.728 -140.9 -21954.8 3364.24 -18590.6 53529.8 1.06572
686000 0.9 298.634 -280.129 -21945.3 3340.81 -18604.5 53839.1 1.0596
687000 0.9 299.887 -153.385 -21903.7 3354.83 -18548.9 54046.4 1.05555
688000 0.9 301.436 -113.241 -21916.6 3372.16 -18544.5 54161.7 1.05329
689000 0.9 300.625 -64.3566 -21920.9 3363.09 -18557.8 53729.4 1.06176
690000 0.9 299.029 -130.416 -21920.4 3345.23 -18575.1 53870.9 1.05898
691000 0.9 300.215 -9.31458 -21914.9 3358.49 -18556.4 53580 1.06472
692000 0.9 299.53 93.5982 -21878.1 3350.84 -18527.3 53491.1 1.0665
693000 0.9 298.831 -31.9403 -21840.3 3343.02 -18497.2 53630.8 1.06375
694000 0.9 298.605 71.0791 -21888.3 3340.49 -18547.8 53367 1.06899
695000 0.9 297.732 77.0205 -21878 3330.72 -18547.3 53723.7 1.06189
696000 0.9 299.793 -106.81 -21959.4 3353.78 -18605.6 53873.5 1.05896
697000 0.9 300.407 -88.2159 -21986 3360.65 -18625.3 53588.3 1.06458
698000 0.9 297.932 68.9737 -21888.3 3332.95 -18555.3 53274.5 1.07083
699000 0.9 301.401 -47.7943 -21877 3371.76 -18505.3 53226.6 1.0718
700000 0.9 300.371 -65.1689 -21881.8 3360.25 -18521.6 53494.2 1.06645
701000 0.9 300.778 -59.532 -21891.2 3364.8 -18526.4 53587.9 1.06458
702000 0.9 300.636 -116.057 -21889.5 3363.21 -18526.3 53717.1 1.062
703000 0.9 302.847 -128.64 -21957.6 3387.94 -18569.7 53623.5 1.06389
704000 0.9 300.171 10.0363 -21955.6 3358 -18597.6 53661.7 1.0631
705000 0.9 298.264 -116.836 -21989.2 3336.67 -18652.5 53775.7 1.06086
706000 0.9 300.251 -1.92662 -21975 3358.9 -18616.1 54098 1.05453
707000 0.9 299.383 236.161 -21970.4 3349.19 -18621.2 53932.8 1.05776
708000 0.9 299.182 60.316 -21967.8 3346.94 -18620.9 53938.2 1.05766
709000 0.9 299.978 7.53839 -21896.6 3355.85 -18540.7 53524.8 1.06584
710000 0.9 297.874 111.429 -21915.1 3332.31 -18582.8 53599.2 1.06434
711000 0.9 300.641 -188.219 -21919.6 3363.26 -18556.4 53753.7 1.06128
712000 0.9 301.49 42.5205 -21908.8 3372.76 -18536.1 53824 1.0599
713000 0.9 298.098 -231.998 -21903.2 3334.82 -18568.3 53796.1 1.06044
714000 0.9 299.57 17.7363 -21941.4 3351.28 -18590.1 53894.4 1.05852
715000 0.9 300.316 76.889 -21968.6 3359.62 -18609 53518.3 1.06597
716000 0.9 298.362 -39.8678 -21960.2 3337.77 -18622.4 54025.6 1.05598
717000 0.9 300.993 -190.333 -21978.7 3367.21 -18611.4 54198 1.05258
718000 0.9 296.875 24.8596 -21944.6 3321.13 -18623.5 54328.8 1.05005
719000 0.9 300.705 39.0114 -21947.8 3363.98 -18583.8 53857.5 1.05924
720000 0.9 300.53 112.575 -21932.7 3362.02 -18570.7 53559.9 1.06515
721000 0.9 300.25 -72.5994 -21984.9 3358.89 -18626 53902.1 1.05836
722000 0.9 301.166 -173.841 -21975.9 3369.13 -18606.8 53597.7 1.06438
723000 0.9 299.939 36.7342 -21904.4 3355.41 -18549 53746 1.06146
724000 0.9 299.452 254.657 -21893.8 3349.97 -18543.8 53599.5 1.06435
725000 0.9 299.899 55.4324 -21863.4 3354.96 -18508.4 53275.2 1.07082
726000 0.9 298.909 -71.8885 -21883.6 3343.89 -18539.8 53381.3 1.06873
727000 0.9 298.096 94.512 -21911.8 3334.79 -18577 53845.5 1.05947
728000 0.9 300.668 234.822 -21931.7 3363.56 -18568.2 53505.8 1.0662
729000 0.9 300.608 -185.519 -21866.7 3362.9 -18503.8 53926.5 1.05791
730000 0.9 302.118 -55.8808 -21894.7 3379.78 -18514.9 53668.8 1.06296
731000 0.9 298.976 -197.356 -21930.9 3344.64 -18586.2 53567.5 1.06498
732000 0.9 297.536 -96.4634 -21819.9 3328.52 -18491.4 54005.7 1.05635
733000 0.9 300.855 -72.6722 -21911.8 3365.66 -18546.1 53601.8 1.06431
734000 0.9 300.846 9.68574 -21900.9 3365.55 -18535.3 53553.3 1.06527
735000 0.9 301.492 26.199 -21983 3372.78 -18610.3 53607.6 1.06418
736000 0.9 300.011 -35.7098 -21921.1 3356.22 -18564.9 53309.5 1.07013
737000 0.9 300.373 105.187 -21971.2 3360.27 -18610.9 53536.8 1.06559
738000 0.9 300.039 165.006 -21934.6 3356.53 -18578.1 53463.8 1.06705
739000 0.9 299.626 -9.65265 -21945.5 3351.91 -18593.6 53756.4 1.06128
740000 0.9 298.68 18.0288 -21963.6 3341.32 -18622.2 53561.8 1.06513
741000 0.9 299.542 101.743 -21944.6 3350.97 -18593.6 53555.8 1.0652
742000 0.9 301.714 27.5971 -21951 3375.27 -18575.7 53704 1.06227
743000 0.9 298.314 -127.695 -21910.2 3337.23 -18573 53793.7 1.06051
744000 0.9 300.526 65.2934 -21890 3361.98 -18528 53457.8 1.06716
745000 0.9 298.639 -318.023 -21919 3340.87 -18578.2 53731 1.06173
746000 0.9 300.42 -107.333 -21923 3360.79 -18562.2 53597.6 1.06438
747000 0.9 302.587 -17.973 -21869.3 3385.04 -18484.3 53727 1.06181
748000 0.9 299.678 -215.241 -21901.5 3352.49 -18549 53393.7 1.06844
749000 0.9 300.931 54.7442 -21921.1 3366.5 -18554.6 53405.2 1.06821
750000 0.9 299.276 -47.0142 -21973 3347.99 -18625 53334.6 1.06963
751000 0.9 300.708 -74.0898 -21935.3 3364.02 -18571.3 53347.8 1.06939
752000 0.9 301.181 74.3691 -21900.5 3369.31 -18531.2 53493.3 1.06645
753000 0.9 300.331 220.116 -21934.4 3359.8 -18574.6 53550 1.06534
754000 0.9 300.251 132.81 -21964.9 3358.9 -18606 54159.7 1.05334
755000 0.9 300.312 -91.3208 -21959.6 3359.58 -18600.1 53857.4 1.05926
756000 0.9 299.944 161.213 -21947.9 3355.47 -18592.4 53425 1.06781
757000 0.9 300.979 67.2154 -21872.2 3367.05 -18505.2 53474.5 1.06683
758000 0.9 301.254 -116.082 -21947.4 3370.12 -18577.3 53356.7 1.06919
759000 0.9 300.222 -5.26846 -21907.3 3358.57 -18548.7 53326.1 1.06979
760000 0.9 299.398 -6.47968 -21876.4 3349.36 -18527 53593.7 1.06447
761000 0.9 300.688 54.5991 -21912.6 3363.79 -18548.8 53554.6 1.06522
762000 0.9 299.41 135.785 -21926.5 3349.5 -18577 53488.6 1.0666
763000 0.9 299.581 198.127 -21870 3351.41 -18518.6 53816.2 1.0601
764000 0.9 299.303 141.204 -21903 3348.29 -18554.7 53409.3 1.06815
765000 0.9 300.028 281.988 -21940.2 3356.4 -18583.8 53153.2 1.07327
766000 0.9 298.637 214.67 -21914 3340.84 -18573.2 53181.3 1.07271
767000 0.9 299.883 -338.237 -21960.6 3354.79 -18605.8 53132.5 1.07371
768000 0.9 299.785 65.1103 -21966.2 3353.69 -18612.5 53569.3 1.06495
769000 0.9 300.176 -13.8934 -21970.6 3358.06 -18612.6 53752.3 1.06133
770000 0.9 302.554 224.394 -21888.8 3384.66 -18504.2 53924.6 1.05793
771000 0.9 299.111 91.9532 -21983.1 3346.15 -18636.9 53641.7 1.06352
772000 0.9 300.012 -61.9998 -21934 3356.23 -18577.8 53537.7 1.06558
773000 0.9 299.028 75.8258 -21932.5 3345.23 -18587.3 53474.8 1.06683
774000 0.9 299.989 194.98 -21906.8 3355.97 -18550.8 53483.6 1.06667
775000 0.9 298.282 39.5939 -21973.2 3336.87 -18636.3 53581 1.06471
776000 0.9 299.916 -8.93728 -21898.7 3355.16 -18543.6 53621.3 1.06391
777000 0.9 299.854 -138.1 -21896.6 3354.46 -18542.1 53329.7 1.06973
778000 0.9 298.167 -49.8441 -21861.5 3335.58 -18525.9 53648.3 1.06337
779000 0.9 300.638 -29.1093 -21946.6 3363.23 -18583.4 53599 1.06434
780000 0.9 302.359 -212.323 -21890.2 3382.48 -18507.7 53630.1 1.06373
781000 0.9 297.394 -130.499 -21906.5 3326.94 -18579.6 53703.7 1.06227
782000 0.9 299.187 113.525 -21914.3 3347 -18567.3 53492.7 1.06647
783000 0.9 299.773 -138.671 -21884.3 3353.55 -18530.8 53649.4 1.06337
784000 0.9 299.566 -84.4354 -21903.5 3351.23 -18552.2 53097 1.07445
785000 0.9 298.582 -43.6044 -21888.9 3340.23 -18548.6 53392.7 1.06848
786000 0.9 300.499 58.5998 -21939.1 3361.67 -18577.5 53752 1.06131
787000 0.9 298.711 116.659 -21993.7 3341.67 -18652 53293.7 1.07045
788000 0.9 298.614 -229.796 -21869.7 3340.59 -18529.1 53395.6 1.06841
789000 0.9 300.271 147.721 -21859.7 3359.12 -18500.6 53596.9 1.06441
790000 0.9 299.672 56.5417 -21898.2 3352.43 -18545.8 53673.9 1.06288
791000 0.9 300.555 -60.069 -21925.3 3362.31 -18563 53352.2 1.0693
792000 0.9 300.795 24.1672 -21900.1 3364.99 -18535.1 53422.2 1.06788
793000 0.9 299.418 29.3112 -21908.4 3349.58 -18558.8 53450.5 1.06736
794000 0.9 300.864 114.559 -21885.3 3365.76 -18519.5 53642.9 1.06348
795000 0.9 300.628 -64.2896 -21912.3 3363.12 -18549.2 53810.3 1.06016
796000 0.9 301.086 55.995 -21923.8 3368.25 -18555.5 53733.2 1.06169
797000 0.9 300.041 -69.8182 -21889.3 3356.55 -18532.8 53992.8 1.05659
798000 0.9 300.548 121.809 -21865.8 3362.23 -18503.5 54018 1.0561
799000 0.9 300.684 44.8712 -21909.2 3363.75 -18545.5 53850 1.0594
800000 0.9 299.738 -57.4134 -21932.2 3353.16 -18579 53725.1 1.06185
801000 0.9 299.753 -55.9844 -21870.1 3353.33 -18516.7 53948 1.05747
802000 0.9 300.158 2.3983 -21890.8 3357.87 -18533 53615.5 1.06404
803000 0.9 298.817 74.6896 -21884.8 3342.86 -18542 53359.2 1.06917
804000 0.9 299.187 -58.3563 -21956.5 3347 -18609.5 53493.9 1.06644
805000 0.9 300.125 61.3524 -21902.9 3357.49 -18545.4 53243.4 1.07145
806000 0.9 299.066 -200.678 -21910.4 3345.65 -18564.7 53622.3 1.06389
807000 0.9 299.991 -29.39 -21899.9 3355.99 -18543.9 53523 1.06587
808000 0.9 299.992 -12.3824 -21947.5 3356.01 -18591.5 54007.8 1.0563
809000 0.9 300.62 -96.6139 -21982.2 3363.03 -18619.2 53836.1 1.05966
810000 0.9 298.94 329.676 -21958 3344.24 -18613.7 53629.4 1.06374
811000 0.9 301.026 57.6748 -21904.6 3367.57 -18537.1 53841.7 1.05957
812000 0.9 300.69 63.7131 -21895.4 3363.81 -18531.6 53604.2 1.06425
813000 0.9 301.004 218.694 -21932.5 3367.32 -18565.1 53805.5 1.06028
814000 0.9 298.203 24.9419 -21929.7 3335.99 -18593.7 53799.3 1.06039
815000 0.9 299.104 158.092 -21981.2 3346.07 -18635.2 53312.5 1.07007
816000 0.9 298.564 186.214 -21958.8 3340.03 -18618.7 52961.7 1.07715
817000 0.9 300.528 -70.8276 -21951.6 3362 -18589.6 53571.1 1.06491
818000 0.9 301.784 -14.013 -21879.8 3376.06 -18503.7 53566.1 1.06501
819000 0.9 299.828 -26.152 -21874.8 3354.17 -18520.6 53465.4 1.06702
820000 0.9 299.717 59.2636 -21983.3 3352.93 -18630.3 53408.4 1.06815
821000 0.9 299.42 15.4203 -22006.4 3349.6 -18656.8 53674.1 1.06287
822000 0.9 299.335 -76.665 -22021 3348.66 -18672.4 53577.7 1.06479
823000 0.9 298.262 -66.8802 -21903.9 3336.65 -18567.2 53379.9 1.06874
824000 0.9 300.507 124.899 -21931.6 3361.77 -18569.9 53462.1 1.06711
825000 0.9 299.612 -156.074 -21898.4 3351.76 -18546.7 53276.2 1.07087
826000 0.9 298.969 53.6005 -21917.3 3344.56 -18572.7 53225.9 1.07181
827000 0.9 299.704 -18.7062 -21860.9 3352.79 -18508.1 53650.2 1.06336
828000 0.9 297.951 -253.095 -21850.7 3333.17 -18517.5 53794.6 1.06048
829000 0.9 301.852 -191.672 -21921.2 3376.81 -18544.4 53915.5 1.0581
830000 0.9 299.949 24.212 -21901.6 3355.52 -18546.1 53675.4 1.06285
831000 0.9 299.847 179.132 -21926.8 3354.39 -18572.5 53871.7 1.05897
832000 0.9 300.433 -174.616 -21943.9 3360.94 -18582.9 53509.9 1.06613
833000 0.9 300.815 75.5598 -21942.7 3365.21 -18577.5 53326.9 1.06978
834000 0.9 300.339 273.404 -21958 3359.89 -18598.1 53355.2 1.06922
835000 0.9 298.928 195.217 -21974.8 3344.1 -18630.7 53403.9 1.06824
836000 0.9 301.288 -144.621 -21960.8 3370.5 -18590.3 53655.1 1.06323
837000 0.9 300.264 -139.376 -21916.6 3359.05 -18557.5 53658.2 1.06318
838000 0.9 300.769 -200.532 -21963.7 3364.69 -18599 53795.5 1.06048
839000 0.9 299.581 15.8447 -21971.2 3351.41 -18619.8 53601 1.06432
840000 0.9 300.759 -199.7 -21953.1 3364.58 -18588.5 53807.7 1.06022
841000 0.9 299.692 173.157 -21971 3352.64 -18618.3 53426.2 1.0678
842000 0.9 300.675 -117.278 -21888.5 3363.65 -18524.8 53450.5 1.06732
843000 0.9 300.827 -108.32 -21943 3365.35 -18577.6 53905.6 1.05831
844000 0.9 299.408 -23.8411 -21912.4 3349.48 -18562.9 53825.1 1.05988
845000 0.9 300.929 183.573 -21945.9 3366.48 -18579.4 53581.7 1.0647
846000 0.9 299.526 89.2217 -21913.9 3350.79 -18563.2 53578.3 1.06475
847000 0.9 300.96 57.3132 -21911.7 3366.83 -18544.9 53566.5 1.06499
848000 0.9 300.37 -85.8889 -21940.3 3360.24 -18580.1 53705.8 1.06228
849000 0.9 300.731 -96.8932 -21963.8 3364.27 -18599.5 53648.9 1.06336
850000 0.9 300.31 139.097 -21946.3 3359.56 -18586.7 53533.8 1.06564
851000 0.9 299.731 90.0732 -21920.7 3353.08 -18567.6 53581.7 1.06472
852000 0.9 298.695 274.016 -21898.8 3341.5 -18557.3 53664.6 1.06305
853000 0.9 302.551 60.3827 -21861 3384.63 -18476.4 53662.9 1.0631
854000 0.9 299.026 111.337 -21914.2 3345.2 -18569 53247 1.07141
855000 0.9 300.279 -191.043 -21888.8 3359.21 -18529.6 53124.2 1.0739
856000 0.9 299.036 58.1349 -21892.6 3345.31 -18547.3 53690.5 1.06254
857000 0.9 300.209 -124.703 -21909.5 3358.43 -18551.1 53542.5 1.06547
858000 0.9 298.776 24.1123 -21956.2 3342.4 -18613.8 53417.4 1.06799
859000 0.9 302.2 91.141 -21938.2 3380.7 -18557.5 53274.3 1.07084
860000 0.9 299.15 11.3547 -21856.4 3346.58 -18509.8 53651 1.06332
861000 0.9 300.427 -37.1952 -21878 3360.88 -18517.1 53467.8 1.06697
862000 0.9 300.035 153.374 -21959.3 3356.49 -18602.8 53424.6 1.06782
863000 0.9 300.038 53.8784 -22003.2 3356.52 -18646.7 53709 1.06217
864000 0.9 300.352 -153.118 -21961.1 3360.03 -18601.1 53646.2 1.06341
865000 0.9 298.858 -14.8462 -21923.5 3343.32 -18580.2 53623.3 1.06386
866000 0.9 298.208 -125.682 -21919.1 3336.05 -18583 53455.3 1.06721
867000 0.9 299.432 -89.1477 -21939.4 3349.74 -18589.7 53464 1.06704
868000 0.9 299.664 107.82 -21884.1 3352.34 -18531.8 53542.1 1.06549
869000 0.9 298.763 -141.68 -21878.9 3342.26 -18536.6 53658.4 1.06316
870000 0.9 298.931 -8.02779 -21866.3 3344.14 -18522.2 53823.2 1.05991
871000 0.9 298.916 27.6743 -21879.1 3343.97 -18535.1 53759.6 1.06117
872000 0.9 300.349 237.767 -21888.5 3360 -18528.5 53778.5 1.06079
873000 0.9 302.41 21.3831 -21945.2 3383.06 -18562.2 53763.3 1.0611
874000 0.9 298.878 10.8913 -21921 3343.54 -18577.4 53889.3 1.05865
875000 0.9 300.04 75.3452 -21962.7 3356.54 -18606.1 53342.5 1.06946
876000 0.9 299.333 70.8465 -21977.3 3348.64 -18628.6 53598.6 1.06437
877000 0.9 300.758 -221.607 -21930.7 3364.57 -18566.1 53879.3 1.05882
878000 0.9 301.617 -3.97839 -21911.6 3374.19 -18537.4 53841.8 1.05958
879000 0.9 299.377 -46.4395 -21870.3 3349.12 -18521.2 53678.9 1.06278
880000 0.9 298.466 19.6639 -21934.3 3338.93 -18595.4 53612.3 1.0641
881000 0.9 298.886 120.727 -21938.2 3343.63 -18594.6 53893.7 1.05859
882000 0.9 301.078 -130.493 -21944.1 3368.16 -18576 54140.4 1.05372
883000 0.9 299.892 -58.7062 -21945.3 3354.89 -18590.4 53451.6 1.0673
884000 0.9 301.337 -108.361 -21954.2 3371.05 -18583.2 53458.1 1.06716
885000 0.9 299.161 114.727 -21930.5 3346.71 -18583.8 53582.1 1.06469
886000 0.9 301.623 -78.9427 -22026 3374.25 -18651.8 53418.3 1.06796
887000 0.9 300.468 -114.097 -21949.3 3361.33 -18588 53515.4 1.06603
888000 0.9 300.249 51.093 -21919.5 3358.88 -18560.6 53625.7 1.06382
889000 0.9 299.327 182.094 -21958.1 3348.56 -18609.5 53527.3 1.06579
890000 0.9 300.646 -100.837 -21923.5 3363.32 -18560.1 53551.2 1.06531
891000 0.9 299.148 143.545 -21983.7 3346.56 -18637.2 53625 1.06383
892000 0.9 303.588 -1.52116 -21985.9 3396.24 -18589.7 53567.3 1.06498
893000 0.9 296.906 303.365 -21923.8 3321.49 -18602.3 53406.4 1.06819
894000 0.9 300.127 -70.3582 -21942.2 3357.51 -18584.6 53510.1 1.06613
895000 0.9 300.331 -89.8224 -21924.3 3359.8 -18564.5 53520.2 1.06592
896000 0.9 302.022 -85.7345 -21944.8 3378.71 -18566.1 53647.7 1.06343
897000 0.9 298.483 165.185 -21953.4 3339.12 -18614.3 53587.9 1.06457
898000 0.9 301.29 81.0487 -21948.1 3370.53 -18577.6 53537.4 1.06557
899000 0.9 300.219 211.264 -21973.2 3358.54 -18614.6 53907.6 1.05827
900000 0.9 300.165 16.3849 -21924.1 3357.94 -18566.2 53542.2 1.06547
901000 0.9 302.612 -233.767 -21860.5 3385.31 -18475.2 53691.9 1.06251
902000 0.9 298.282 34.475 -21943.2 3336.87 -18606.3 53503.3 1.06626
903000 0.9 298.819 474.626 -21929 3342.88 -18586.2 53579.1 1.06476
904000 0.9 301.174 -36.9698 -21917.6 3369.22 -18548.3 53631.1 1.06371
905000 0.9 300.203 -7.73321 -21935.9 3358.36 -18577.5 53827.1 1.05984
906000 0.9 299.317 -37.7052 -21943.2 3348.46 -18594.7 53719.8 1.06195
907000 0.9 302.443 -17.6938 -21972.7 3383.42 -18589.2 53944.2 1.05754
908000 0.9 300.997 -45.3044 -22003.4 3367.25 -18636.1 54003.3 1.05639
909000 0.9 301.563 -256.677 -21983.9 3373.58 -18610.3 53535.8 1.06562
910000 0.9 300.247 167.261 -21984.3 3358.86 -18625.5 53496.4 1.0664
911000 0.9 299.57 -83.6547 -21936.2 3351.28 -18584.9 53785.9 1.06068
912000 0.9 300.063 -9.92892 -21967.5 3356.8 -18610.7 53551.5 1.06531
913000 0.9 299.183 35.9066 -21962.9 3346.95 -18615.9 53506.7 1.06621
914000 0.9 300.073 -71.8934 -21999.1 3356.91 -18642.2 53881.1 1.05879
915000 0.9 299.32 -164.877 -21912.3 3348.49 -18563.8 53791.4 1.06054
916000 0.9 299.522 30.07 -21938.7 3350.74 -18587.9 53674.1 1.06287
917000 0.9 299.248 -31.025 -21866.7 3347.68 -18519 53544.1 1.06545
918000 0.9 300.045 -188.095 -21849.6 3356.6 -18493 53524.2 1.06584
919000 0.9 299.85 -141.763 -21946.5 3354.42 -18592.1 53573.7 1.06485
920000 0.9 297.313 -14.031 -21943.6 3326.03 -18617.5 53354.4 1.06922
921000 0.9 298.814 -15.5985 -21976.8 3342.83 -18633.9 53675.7 1.06284
922000 0.9 300.266 1.53236 -21977.2 3359.07 -18618.2 53538.7 1.06554
923000 0.9 301.129 -213.823 -21923.3 3368.72 -18554.6 53544.7 1.06545
924000 0.9 298.228 185.637 -21910.9 3336.27 -18574.7 53644.2 1.06346
925000 0.9 299.984 36.8305 -21904.9 3355.91 -18549 53509.9 1.06613
926000 0.9 301.25 25.9293 -21891.2 3370.08 -18521.1 53546.5 1.06539
927000 0.9 300.147 97.1872 -21878.7 3357.74 -18520.9 53584.1 1.06469
928000 0.9 299.41 110.452 -21906.3 3349.5 -18556.8 53574.3 1.06485
929000 0.9 301.212 -133.613 -21918.3 3369.65 -18548.7 53590.5 1.06453
930000 0.9 300.19 165.382 -21945.8 3358.22 -18587.5 53395.1 1.06841
931000 0.9 297.554 -36.3666 -21899.5 3328.73 -18570.8 53822.2 1.05995
932000 0.9 299.241 -48.0138 -21898.2 3347.61 -18550.5 53449 1.06736
933000 0.9 300.836 -63.2853 -21878.4 3365.44 -18513 53347.1 1.06937
934000 0.9 300.702 -10.8413 -21791.3 3363.94 -18427.3 53536.4 1.0656
935000 0.9 300.829 -108.313 -21909.3 3365.37 -18543.9 53425.8 1.06781
936000 0.9 300.356 218.86 -21827 3360.08 -18466.9 53670.8 1.06294
937000 0.9 300.853 -191.128 -21887 3365.63 -18521.4 53670 1.06294
938000 0.9 299.594 72.8938 -21851.4 3351.55 -18499.8 53617.3 1.06399
939000 0.9 299.95 75.4552 -21861.2 3355.54 -18505.7 53451.4 1.06729
940000 0.9 299.683 -134.101 -21877.4 3352.55 -18524.9 53624.3 1.06384
941000 0.9 300.422 59.8925 -21877.5 3360.82 -18516.7 53467.1 1.06699
942000 0.9 300.138 -140.706 -21889.4 3357.64 -18531.7 53741.1 1.06154
943000 0.9 300.171 -36.5276 -21915.6 3358 -18557.6 54140 1.05373
944000 0.9 299.739 51.864 -21913.5 3353.17 -18560.3 54049.4 1.05549
945000 0.9 302.015 -26.8237 -21850.3 3378.64 -18471.6 53947.9 1.05746
946000 0.9 299.088 0.145867 -21824.8 3345.89 -18478.9 53480.4 1.06671
947000 0.9 299.211 -6.90034 -21917.6 3347.26 -18570.3 53531.8 1.06569
948000 0.9 301.66 -179.897 -21901.2 3374.66 -18526.5 53636.6 1.06362
949000 0.9 300.305 71.8799 -21889.2 3359.51 -18529.7 54045.8 1.05556
950000 0.9 300.433 95.8227 -21892.3 3360.93 -18531.4 53772.8 1.06093
951000 0.9 301.014 -111.679 -21920.2 3367.44 -18552.7 53837.5 1.05964
952000 0.9 300.895 128.844 -21938 3366.11 -18571.9 53464.2 1.06705
953000 0.9 300.022 128.345 -21825 3356.35 -18468.6 53343.7 1.06945
954000 0.9 299.889 -139.432 -21814.9 3354.85 -18460.1 53794.2 1.06049
955000 0.9 299.328 -59.6899 -21910.7 3348.57 -18562.1 53363.2 1.06905
956000 0.9 299.078 45.3048 -21967.1 3345.78 -18621.3 53480 1.06673
957000 0.9 298.646 -86.5287 -21911 3340.95 -18570.1 53697.4 1.06241
958000 0.9 300.999 25.2727 -21899.9 3367.27 -18532.6 53745.4 1.06146
959000 0.9 299.105 -55.1212 -21913.3 3346.08 -18567.2 53839.2 1.05961
960000 0.9 299.892 26.0604 -21907.8 3354.88 -18552.9 53840.4 1.05958
961000 0.9 300.611 68.8131 -21923 3362.92 -18560.1 53731.8 1.06171
962000 0.9 300.634 152.5 -21926.3 3363.18 -18563.1 53462.9 1.06706
963000 0.9 300.165 -0.943331 -21934.7 3357.94 -18576.8 53729.4 1.06177
964000 0.9 300.728 183.255 -21884.6 3364.24 -18520.4 54146.4 1.05362
965000 0.9 296.963 105.804 -21813.9 3322.12 -18491.8 53867.3 1.05908
966000 0.9 301.276 409.195 -21858.1 3370.36 -18487.7 53512.3 1.06607
967000 0.9 300.283 104.335 -21898.7 3359.26 -18539.4 53499.7 1.06639
968000 0.9 300.813 83.5159 -21928.7 3365.19 -18563.5 53335.6 1.06962
969000 0.9 299.028 -175.689 -21894.1 3345.22 -18548.9 53650.9 1.06332
970000 0.9 301.972 -100.957 -21893 3378.16 -18514.9 53517.2 1.06597
971000 0.9 302.579 -249.138 -21903.3 3384.95 -18518.3 53499.6 1.06635
972000 0.9 299.212 -35.6328 -21963.8 3347.28 -18616.5 53305.4 1.07022
973000 0.9 300.083 20.4099 -21865.2 3357.02 -18508.2 53578.1 1.06477
974000 0.9 300.335 -168.785 -21893.6 3359.84 -18533.7 53561.5 1.0651
975000 0.9 300.177 69.4083 -21923 3358.07 -18565 53641.6 1.06352
976000 0.9 300.157 -80.2576 -21933.7 3357.85 -18575.8 53753 1.06131
977000 0.9 300.178 16.0438 -21916.2 3358.08 -18558.1 53581.2 1.06471
978000 0.9 301.641 -332.862 -21904.7 3374.45 -18530.3 53754.2 1.06128
979000 0.9 299.35 -167.944 -21942.6 3348.82 -18593.8 53626.5 1.0638
980000 0.9 300.316 -310.494 -21897 3359.63 -18537.4 53524.4 1.06583
981000 0.9 302.091 55.4029 -21925.7 3379.49 -18546.2 53403.1 1.06825
982000 0.9 300.341 -8.03594 -21931.7 3359.91 -18571.8 53237.6 1.07158
983000 0.9 297.219 -6.42636 -21945.2 3324.99 -18620.2 53556.9 1.06519
984000 0.9 299.662 62.7645 -21920.6 3352.31 -18568.3 53236 1.07165
985000 0.9 300.182 71.1769 -21944.4 3358.13 -18586.3 53306 1.07021
986000 0.9 299.826 -6.58893 -21848.9 3354.15 -18494.8 53348 1.06937
987000 0.9 301.296 91.6264 -21813.3 3370.59 -18442.7 53695.1 1.06244
988000 0.9 298.6 -105.59 -21826.7 3340.43 -18486.3 53751.9 1.06132
989000 0.9 299.464 -141.486 -21862.3 3350.1 -18512.2 54017.2 1.05612
990000 0.9 300.147 -38.5115 -21862.9 3357.74 -18505.2 53646.2 1.06341
991000 0.9 299.791 -45.2881 -21810.6 3353.76 -18456.9 53516.6 1.066
992000 0.9 300.231 44.5037 -21919.7 3358.68 -18561 53511.4 1.0661
993000 0.9 299.365 214.187 -21871.9 3348.99 -18522.9 53533.5 1.06566
994000 0.9 299.734 125.907 -21864.9 3353.12 -18511.8 53688 1.06259
995000 0.9 298.857 14.2829 -21920.8 3343.3 -18577.5 53853.8 1.05932
996000 0.9 299.088 130.537 -21924.5 3345.9 -18578.6 53692.3 1.0625
997000 0.9 301.808 237.068 -21982.5 3376.31 -18606.2 53740.7 1.06156
998000 0.9 300.853 51.1989 -21977.3 3365.63 -18611.7 53761.9 1.06113
999000 0.9 297.694 -250.947 -21933 3330.3 -18602.7 53656.4 1.06323
1000000 0.9 299.4 154.826 -21879.6 3349.38 -18530.3 53289.1 1.07055
1001000 0.9 298.987 244.661 -21851.1 3344.77 -18506.3 53533 1.06567
1002000 0.9 300.359 -40.111 -21926.3 3360.11 -18566.2 53258 1.07117
1003000 0.9 297.664 -70.4896 -21912.1 3329.96 -18582.1 53252.3 1.07128
1004000 0.9 301.08 -115.289 -21901.3 3368.18 -18533.2 53036.7 1.07564
1005000 0.9 300.522 -75.5928 -21867.9 3361.94 -18506 53312 1.07012
1006000 0.9 299.171 19.3716 -21913.5 3346.82 -18566.7 53489.8 1.06652
1007000 0.9 299.899 264.543 -21886.3 3354.96 -18531.3 53295.1 1.07042
1008000 0.9 301.469 38.5547 -21903.7 3372.52 -18531.1 53712.1 1.06211
1009000 0.9 299.127 -32.8401 -21908.3 3346.33 -18562 53474.2 1.06683
1010000 0.9 298.323 -28.7352 -21883.6 3337.34 -18546.3 53666 1.06301
1011000 0.9 298.823 -18.6123 -21893.2 3342.93 -18550.3 53766.4 1.06106
1012000 0.9 301.186 189.436 -21863.9 3369.37 -18494.5 53540.3 1.06551
1013000 0.9 300.969 -96.6801 -21934.5 3366.94 -18567.5 53644.9 1.06344
1014000 0.9 298.297 163.978 -21881.4 3337.05 -18544.4 53474.3 1.06683
1015000 0.9 298.706 -202.047 -21943.7 3341.61 -18602 53568.7 1.06495
1016000 0.9 299.859 215.774 -21925.9 3354.52 -18571.4 53679.2 1.06276
1017000 0.9 300.796 -54.6617 -21922.5 3365 -18557.5 53920.2 1.05802
1018000 0.9 299.872 33.2062 -21980.1 3354.67 -18625.4 53643.7 1.06347
1019000 0.9 301.457 -72.2759 -21992.3 3372.4 -18619.9 53858.3 1.05924
1020000 0.9 300.417 23.733 -21988 3360.76 -18627.3 53715.7 1.06203
1021000 0.9 298.885 67.4055 -21945.6 3343.62 -18602 53774.2 1.06088
1022000 0.9 298.701 211.514 -21956.5 3341.56 -18614.9 53335.9 1.0696
1023000 0.9 298.629 -86.1179 -22013.2 3340.76 -18672.5 53458.2 1.06716
1024000 0.9 300.631 -194.265 -21944.8 3363.16 -18581.7 54179.2 1.05297
1025000 0.9 301.007 147.826 -21973.7 3367.36 -18606.3 53936.5 1.05769
1026000 0.9 299.774 185.12 -21995.7 3353.56 -18642.1 53524.4 1.06584
1027000 0.9 300.409 86.7487 -21939.1 3360.67 -18578.5 53894.2 1.05854
1028000 0.9 301.371 189.825 -21889.7 3371.43 -18518.3 53730.2 1.06176
1029000 0.9 300.623 -186.466 -21920.2 3363.06 -18557.1 53663.3 1.06307
1030000 0.9 298.725 -42.6185 -21961.3 3341.83 -18619.5 53810.1 1.06018
1031000 0.9 299.426 37.9373 -21930.2 3349.67 -18580.6 53525.4 1.06581
1032000 0.9 300.193 78.8351 -21898.4 3358.26 -18540.2 53846.5 1.05947
1033000 0.9 299.676 113.892 -21895.3 3352.47 -18542.8 53571.4 1.0649
1034000 0.9 302.708 18.6033 -21929.6 3386.38 -18543.2 53565.9 1.065
1035000 0.9 298.41 132.7 -21937.7 3338.3 -18599.4 53248.1 1.07137
1036000 0.9 299.302 -146.448 -21909.2 3348.29 -18561 53292.5 1.07048
1037000 0.9 300.904 208.997 -21925 3366.21 -18558.7 53582 1.0647
1038000 0.9 300.404 -21.522 -21911.1 3360.61 -18550.5 53737.9 1.06165
1039000 0.9 300.931 128.972 -21911.4 3366.51 -18544.9 53837.1 1.05965
1040000 0.9 297.934 286.128 -21914.7 3332.99 -18581.7 53721.4 1.06195
1041000 0.9 300.36 -64.6186 -21940.3 3360.12 -18580.1 53702.9 1.06229
1042000 0.9 298.471 157.15 -21927.8 3338.98 -18588.8 53529.2 1.06574
1043000 0.9 300.228 4.62608 -21932.6 3358.65 -18573.9 52967.6 1.07704
1044000 0.9 300.372 -242.671 -21933.4 3360.26 -18573.1 53314 1.07005
1045000 0.9 300.171 169.728 -21952.3 3358 -18594.3 53260.9 1.07111
1046000 0.9 301.18 125.887 -21867.1 3369.3 -18497.8 53491.1 1.06651
1047000 0.9 298.818 205.409 -21873.4 3342.87 -18530.6 53531.7 1.06572
1048000 0.9 298.797 -29.9479 -21923.2 3342.64 -18580.5 53512.5 1.06607
1049000 0.9 300.941 117.072 -21884.8 3366.63 -18518.2 53912.2 1.05816
1050000 0.9 300.915 -49.6608 -21893.5 3366.33 -18527.2 54093.2 1.05462
1051000 0.9 299.976 19.0539 -21897.3 3355.83 -18541.5 53991.8 1.05661
1052000 0.9 297.573 71.5613 -21891 3328.94 -18562.1 53474.3 1.06683
1053000 0.9 298.082 -73.391 -21923.3 3334.64 -18588.7 53486.2 1.0666
1054000 0.9 298.615 -48.5366 -21888.3 3340.6 -18547.7 53265.2 1.07103
1055000 0.9 300.522 -113.442 -21936.3 3361.93 -18574.3 53375.5 1.06881
1056000 0.9 300.655 9.99936 -21897.4 3363.43 -18533.9 53349.6 1.06932
1057000 0.9 301.849 171.945 -21914 3376.78 -18537.3 53589.8 1.06457
1058000 0.9 300.412 205.005 -21902 3360.71 -18541.3 53465.1 1.06701
1059000 0.9 300.214 147.892 -21909 3358.49 -18550.5 53747 1.06142
1060000 0.9 300.55 202.768 -21873 3362.24 -18510.7 53624.8 1.06385
1061000 0.9 301.202 -100.01 -21979.2 3369.54 -18609.7 53538 1.06556
1062000 0.9 301.178 -138.134 -21907 3369.27 -18537.7 53753.6 1.06129
1063000 0.9 299.668 -70.5435 -21875.5 3352.38 -18523.1 53796.8 1.06044
1064000 0.9 297.196 11.6105 -21880.7 3324.73 -18556 53611.9 1.06411
1065000 0.9 298.547 102.12 -21909 3339.84 -18569.2 53729.2 1.06177
1066000 0.9 298.266 80.7233 -21959.5 3336.69 -18622.8 53612.4 1.06408
1067000 0.9 301.177 228.878 -21890.9 3369.27 -18521.6 53905.8 1.0583
1068000 0.9 300.446 227.921 -21963.6 3361.09 -18602.5 53396.7 1.06839
1069000 0.9 298.043 78.2087 -21962.1 3334.2 -18627.9 53693.1 1.06249
1070000 0.9 300.995 296.115 -21975.8 3367.22 -18608.5 53757.3 1.06122
1071000 0.9 299.414 -60.4667 -21946.1 3349.54 -18596.6 53576.3 1.06481
1072000 0.9 301.898 124.487 -21904.2 3377.32 -18526.8 53764.4 1.06109
1073000 0.9 300.228 30.8207 -21909.7 3358.64 -18551.1 53706.6 1.06222
1074000 0.9 300.341 17.1531 -21962.3 3359.9 -18602.4 53363.5 1.06905
1075000 0.9 301.34 104.15 -21910.1 3371.09 -18539.1 53699.2 1.06236
1076000 0.9 299.654 -123.736 -21891.2 3352.22 -18539 53662.8 1.06308
1077000 0.9 299.946 -18.1598 -21965 3355.49 -18609.5 53473.1 1.06686
1078000 0.9 299.3 -137.546 -21913.8 3348.27 -18565.5 53477.9 1.06677
1079000 0.9 301.969 -45.2097 -21890.8 3378.12 -18512.7 53777.4 1.06082
1080000 0.9 301.144 166.585 -21904 3368.89 -18535.2 53660.1 1.06314
1081000 0.9 300.772 -40.8228 -21940 3364.73 -18575.3 53922.9 1.05796
1082000 0.9 301.701 90.1399 -21829.8 3375.12 -18454.7 53666.7 1.06302
1083000 0.9 298.883 25.1489 -21897.2 3343.6 -18553.6 53743.5 1.06149
1084000 0.9 300.957 -123.175 -21928.7 3366.8 -18561.9 53893.9 1.05853
1085000 0.9 299.581 -18.362 -21908.9 3351.41 -18557.5 53300.5 1.07031
1086000 0.9 301.386 -15.0252 -21960.3 3371.6 -18588.7 53442.8 1.06749
1087000 0.9 300.759 97.9321 -21971 3364.58 -18606.5 53460.3 1.06712
1088000 0.9 300.166 26.1759 -21911.7 3357.95 -18553.7 53439.3 1.06752
1089000 0.9 299.394 -67.3599 -21979.3 3349.31 -18629.9 53788.6 1.0606
1090000 0.9 300.873 -31.439 -21922 3365.86 -18556.2 53981.5 1.0568
1091000 0.9 301.67 64.9381 -21922.5 3374.78 -18547.7 54015.2 1.05615
1092000 0.9 300.174 -118.62 -21953.1 3358.04 -18595.1 53977.4 1.0569
1093000 0.9 298.673 161.342 -21977.3 3341.25 -18636 53343.3 1.06945
1094000 0.9 298.981 163.016 -21877.7 3344.69 -18533 53394.7 1.06842
1095000 0.9 300.148 84.301 -21883.3 3357.75 -18525.5 53396 1.0684
1096000 0.9 300.045 53.0072 -21923.6 3356.6 -18567 53311.7 1.07008
1097000 0.9 299.855 164.132 -21871.2 3354.48 -18516.7 53458.1 1.06716
1098000 0.9 301.044 -163.833 -21898.5 3367.78 -18530.7 53537 1.06558
1099000 0.9 298.22 22.7745 -21905.8 3336.18 -18569.7 53200.4 1.07233
1100000 0.9 300.416 58.3464 -21880.9 3360.75 -18520.1 53646.3 1.06341
1101000 0.9 301.475 15.9275 -21856.1 3372.6 -18483.5 53467.3 1.06697
1102000 0.9 301.296 22.5083 -21871.4 3370.59 -18500.8 53293.9 1.07045
1103000 0.9 299.489 29.3394 -21907 3350.38 -18556.6 53322.9 1.06987
1104000 0.9 296.92 214.866 -21851 3321.64 -18529.3 53004.8 1.07629
1105000 0.9 302.054 -58.2815 -21881.9 3379.08 -18502.8 53806.8 1.06024
1106000 0.9 300.278 -85.3604 -21848.9 3359.2 -18489.7 53688.2 1.06259
1107000 0.9 300.778 -116.728 -21909.2 3364.8 -18544.4 53314.9 1.07002
1108000 0.9 301.095 0.306848 -21916.8 3368.35 -18548.5 53420.5 1.06792
1109000 0.9 299.473 81.3473 -21954.4 3350.19 -18604.2 53445.5 1.0674
1110000 0.9 300.186 167.093 -21917.8 3358.17 -18559.7 53508.1 1.06615
1111000 0.9 299.757 247.243 -21943.7 3353.37 -18590.3 53597.9 1.06438
1112000 0.9 300.177 108.768 -21890.1 3358.08 -18532 53487 1.06659
1113000 0.9 299.966 -36.7785 -21845.2 3355.71 -18489.5 53030.2 1.07577
1114000 0.9 300.732 -124.695 -21935.6 3364.28 -18571.4 53370.3 1.06891
1115000 0.9 300.415 -209.14 -21966.6 3360.73 -18605.9 53418.2 1.06797
1116000 0.9 297.998 110.842 -21954.7 3333.7 -18621 53601.3 1.06432
1117000 0.9 298.205 39.6105 -21926.2 3336.01 -18590.2 53754.5 1.06127
1118000 0.9 301.257 -29.2505 -21994.4 3370.15 -18624.2 53732.5 1.0617
1119000 0.9 300.047 -191.796 -21969 3356.62 -18612.3 53828.8 1.05981
1120000 0.9 300.562 -91.0352 -21946.5 3362.38 -18584.2 53744.3 1.06147
1121000 0.9 302.785 -151.272 -21969.7 3387.25 -18582.4 53934.7 1.05775
1122000 0.9 299.487 37.6378 -21948.1 3350.36 -18597.8 53907.9 1.05826
1123000 0.9 298.362 -151.715 -21878.6 3337.77 -18540.8 53767.2 1.06101
1124000 0.9 301.441 148.903 -21862.1 3372.21 -18489.9 53490.5 1.06654
1125000 0.9 299.06 -226.522 -21987.7 3345.58 -18642.2 53622.8 1.06388
1126000 0.9 300.504 3.24839 -21947.3 3361.73 -18585.6 53525.5 1.06584
1127000 0.9 301.65 187.307 -21954.9 3374.56 -18580.4 53513 1.06605
1128000 0.9 299.645 -56.0541 -21957.9 3352.12 -18605.8 53561.9 1.06509
1129000 0.9 299.198 -140.297 -21921.6 3347.13 -18574.5 53330.2 1.06972
1130000 0.9 298.821 -15.9624 -21935.4 3342.9 -18592.5 53350.2 1.06932
1131000 0.9 300.162 134.371 -21822.8 3357.91 -18464.9 53504.2 1.06624
1132000 0.9 297.04 -32.152 -21906.5 3322.98 -18583.5 53445.2 1.06742
1133000 0.9 300.348 -15.9385 -21894.5 3359.98 -18534.5 53781.3 1.06077
1134000 0.9 299.751 75.1808 -21897.6 3353.31 -18544.3 53608.1 1.06418
1135000 0.9 300.788 -107.144 -21943.8 3364.91 -18578.9 53570.8 1.06491
1136000 0.9 299.888 -95.3292 -22006.6 3354.84 -18651.7 53589.7 1.06455
1137000 0.9 299.791 153.109 -21960.8 3353.75 -18607 53596.5 1.06441
1138000 0.9 298.599 41.7915 -21870.6 3340.42 -18530.2 53539.7 1.06552
1139000 0.9 298.732 -20.4314 -21913.4 3341.91 -18571.5 53537.4 1.06557
1140000 0.9 299.903 88.6123 -21904 3355 -18549 53961.4 1.05724
1141000 0.9 299.04 105.452 -21886.9 3345.36 -18541.5 53748.7 1.06139
1142000 0.9 299.746 -29.0928 -21834.3 3353.25 -18481 53443.1 1.06747
1143000 0.9 300.471 226.292 -21867.4 3361.37 -18506 53313.8 1.07004
1144000 0.9 298.961 -100.494 -21936.4 3344.47 -18592 53568.7 1.06496
1145000 0.9 299.905 -25.1576 -21896.2 3355.03 -18541.2 53595.6 1.06446
1146000 0.9 299.326 159.599 -21887.1 3348.55 -18538.6 53592.7 1.06447
1147000 0.9 301.437 -224.089 -21895.3 3372.17 -18523.1 53633.3 1.06367
1148000 0.9 301.179 -171.42 -21988 3369.29 -18618.7 53612.2 1.06408
1149000 0.9 300.134 -80.7068 -21913.5 3357.59 -18555.9 53548.1 1.06536
1150000 0.9 299.162 -211.813 -21946.5 3346.71 -18599.8 53393.2 1.06845
1151000 0.9 298.973 191.774 -21945.2 3344.61 -18600.6 53614.3 1.06407
1152000 0.9 300.725 287.329 -21977.6 3364.21 -18613.4 53621.3 1.06391
1153000 0.9 300.723 -88.1651 -21914.3 3364.19 -18550.1 53244.9 1.07143
1154000 0.9 301.87 203.439 -21926.2 3377.01 -18549.2 53679.7 1.06275
1155000 0.9 302.193 117.204 -21899.1 3380.62 -18518.5 53833.8 1.05971
1156000 0.9 300.051 141.261 -21869.7 3356.66 -18513 53570.9 1.06491
1157000 0.9 300.117 -204.734 -21909.1 3357.4 -18551.7 53577.4 1.06478
1158000 0.9 299.402 -149.505 -21898.9 3349.4 -18549.5 53858.5 1.05922
1159000 0.9 300.568 3.9561 -21942.1 3362.45 -18579.7 53812.8 1.06013
1160000 0.9 299.008 -33.1442 -21903.3 3345 -18558.3 53982.9 1.05678
1161000 0.9 299.883 -146.965 -21957.8 3354.78 -18603 53787.9 1.0606
1162000 0.9 300.673 67.7046 -21939.2 3363.62 -18575.5 53513.8 1.06605
1163000 0.9 300.672 -59.9587 -21935.2 3363.61 -18571.5 53323.6 1.06986
1164000 0.9 300.199 -67.578 -21937.9 3358.32 -18579.5 53478.7 1.06674
1165000 0.9 299.297 -197.99 -21923.6 3348.23 -18575.3 53594.4 1.06444
1166000 0.9 299.078 -30.7248 -21949.4 3345.78 -18603.6 53645.3 1.06343
1167000 0.9 299.875 113.489 -21929.6 3354.7 -18574.9 53615 1.06404
1168000 0.9 301.318 -78.9746 -21939 3370.83 -18568.2 53733.8 1.06171
1169000 0.9 299.657 192.48 -21873.5 3352.26 -18521.3 53690.6 1.06257
1170000 0.9 300.713 158.217 -21909 3364.07 -18544.9 53728 1.0618
1171000 0.9 298.308 -162.909 -21910.8 3337.16 -18573.7 53687.9 1.06259
1172000 0.9 300.536 229.746 -21847.9 3362.09 -18485.8 53689.8 1.06255
1173000 0.9 299.535 -257.204 -21885.5 3350.9 -18534.6 53586 1.06462
1174000 0.9 301.703 -29.3624 -21936.8 3375.15 -18561.6 53464.3 1.06703
1175000 0.9 299.653 -130.823 -21941.8 3352.22 -18589.6 53269.2 1.07095
1176000 0.9 298.857 336.208 -21991 3343.3 -18647.7 53642.2 1.0635
1177000 0.9 301.258 -18.0118 -22010.5 3370.17 -18640.4 53669.8 1.06294
1178000 0.9 300.808 -33.2524 -21906 3365.13 -18540.9 53789.5 1.06062
1179000 0.9 299.071 0.421041 -21908.3 3345.7 -18562.6 53666.3 1.06304
1180000 0.9 299.138 -20.0388 -21960.2 3346.45 -18613.7 53749.5 1.06138
1181000 0.9 301.18 262.365 -21953.7 3369.29 -18584.4 53575.6 1.06481
1182000 0.9 301.629 -193.943 -21936.3 3374.32 -18562 53636.2 1.06361
1183000 0.9 298.828 -11.1312 -21940.6 3342.99 -18597.7 53900 1.05841
1184000 0.9 299.679 -203.981 -21953.8 3352.51 -18601.3 53693.6 1.06249
1185000 0.9 300.368 162.277 -21983 3360.21 -18622.8 53615.1 1.06404
1186000 0.9 300.111 -194.879 -21920 3357.34 -18562.7 53272.2 1.07089
1187000 0.9 299.637 76.6161 -21876.6 3352.04 -18524.5 53597.7 1.06438
1188000 0.9 301.859 19.441 -21898.7 3376.89 -18521.8 53694.4 1.06253
1189000 0.9 298.893 -71.9205 -21925.4 3343.72 -18581.7 54167.5 1.05319
1190000 0.9 299.539 67.5458 -21989.8 3350.94 -18638.8 53929.3 1.05782
1191000 0.9 300.454 -32.8011 -21943 3361.17 -18581.8 53847.4 1.05944
1192000 0.9 298.146 92.7937 -21901.4 3335.35 -18566.1 53860.7 1.05918
1193000 0.9 299.122 242.085 -21868.8 3346.28 -18522.5 54055.3 1.05537
1194000 0.9 299.763 125.084 -21956.4 3353.44 -18602.9 53650.4 1.06333
1195000 0.9 300.537 -8.63068 -21895.4 3362.1 -18533.3 53585.7 1.06462
1196000 0.9 300.795 -59.1487 -21898.4 3364.99 -18533.4 53726.8 1.06183
1197000 0.9 300.066 81.2917 -21886.2 3356.83 -18529.4 53747.7 1.0614
1198000 0.9 298.913 62.2345 -21991.9 3343.93 -18648 53451.3 1.0673
1199000 0.9 298.026 -184.781 -21957.3 3334.01 -18623.3 53427.9 1.06776
1200000 0.9 300.409 79.2389 -21913.5 3360.67 -18552.8 53549.1 1.06536
1201000 0.9 298.497 176.731 -21983.4 3339.29 -18644.1 53409.3 1.06813
1202000 0.9 300.85 54.0953 -21915.8 3365.61 -18550.2 53418.9 1.06798
1203000 0.9 300.041 -10.2793 -21903.2 3356.55 -18546.6 53354.4 1.06927
1204000 0.9 298.651 9.17099 -21889.1 3341 -18548.1 53753.8 1.0613
1205000 0.9 301.867 -108.856 -21936 3376.98 -18559.1 53807.9 1.06023
1206000 0.9 299.124 -124.652 -21955.6 3346.29 -18609.3 53694.2 1.06247
1207000 0.9 300.85 -6.56614 -21943.4 3365.61 -18577.8 53636.2 1.06363
1208000 0.9 301.139 -57.3905 -21965.2 3368.84 -18596.4 53726 1.06183
1209000 0.9 301.538 10.4124 -21912.7 3373.3 -18539.4 53546 1.06541
1210000 0.9 301.971 -76.975 -21904.3 3378.14 -18526.1 53639.7 1.06354
1211000 0.9 300.84 -14.6953 -21871.6 3365.5 -18506.1 53528.4 1.06575
1212000 0.9 298.877 -71.005 -21956.8 3343.53 -18613.2 53661 1.06311
1213000 0.9 300.223 -93.4901 -21838 3358.58 -18479.4 53803 1.06032
1214000 0.9 299.793 -195.579 -21908.1 3353.78 -18554.3 53608.7 1.06415
1215000 0.9 298.482 -50.8911 -21964 3339.11 -18624.9 53760.5 1.06115
1216000 0.9 300.924 33.0286 -21935.7 3366.43 -18569.3 53195 1.07244
1217000 0.9 301.055 86.8798 -21904.2 3367.9 -18536.3 53287.2 1.07061
1218000 0.9 298.901 -201.639 -21932.8 3343.8 -18589 53956.5 1.05732
1219000 0.9 300.327 -23.9309 -21938 3359.75 -18578.2 53997.1 1.05652
1220000 0.9 298.817 102.061 -21955.8 3342.86 -18612.9 53706.9 1.06222
1221000 0.9 299.65 4.47534 -21846.9 3352.18 -18494.8 53804.9 1.06027
1222000 0.9 299.857 201.986 -21871.1 3354.5 -18516.6 53380.3 1.06872
1223000 0.9 298.136 43.3224 -21926 3335.24 -18590.8 53375.3 1.06881
1224000 0.9 300.632 1.01659 -21944.5 3363.17 -18581.3 53855 1.0593
1225000 0.9 298.652 -197.302 -21911.1 3341.02 -18570.1 53408.3 1.06816
1226000 0.9 302.146 94.1768 -21872.4 3380.1 -18492.3 53640.4 1.06354
1227000 0.9 300.591 66.4866 -21900.5 3362.71 -18537.8 54041.4 1.05566
1228000 0.9 299.751 -182.788 -21931.8 3353.31 -18578.5 53865.8 1.05907
1229000 0.9 300.523 -27.0265 -21910.2 3361.95 -18548.3 53776.2 1.06085
1230000 0.9 300.003 -103.249 -21890.1 3356.12 -18534 53694.5 1.06248
1231000 0.9 300.124 -130.846 -21900.6 3357.48 -18543.1 53568.6 1.06496
1232000 0.9 299.761 113.626 -21966.8 3353.41 -18613.4 53529.4 1.06574
1233000 0.9 300.579 -113.64 -21944.2 3362.57 -18581.6 53219.2 1.07195
1234000 0.9 298.854 -48.9282 -21927.9 3343.27 -18584.6 53519.9 1.06592
1235000 0.9 301.539 -59.7353 -21854.5 3373.32 -18481.2 53378.9 1.06876
1236000 0.9 300.19 168.47 -21841.9 3358.22 -18483.7 53256.2 1.0712
1237000 0.9 300.968 51.0215 -21876.7 3366.92 -18509.8 53591.6 1.06449
1238000 0.9 300.408 -154.975 -21917.7 3360.66 -18557.1 53695 1.06245
1239000 0.9 300.314 262.555 -21924.8 3359.61 -18565.2 53678 1.06278
1240000 0.9 299.378 -121.107 -21947.6 3349.13 -18598.5 53356.9 1.06917
1241000 0.9 300.565 103.445 -21960.1 3362.41 -18597.7 53672.6 1.06291
1242000 0.9 301.329 -57.2272 -21961.1 3370.96 -18590.1 53426.8 1.06778
1243000 0.9 298.497 7.90304 -21934.5 3339.28 -18595.2 53517.2 1.06598
1244000 0.9 300.235 -82.0626 -21949.1 3358.72 -18590.4 54034.3 1.05577
1245000 0.9 299.445 78.9867 -21854.3 3349.89 -18504.4 53651.4 1.06331
1246000 0.9 297.157 157.045 -21883.8 3324.28 -18559.5 53532 1.06569
1247000 0.9 300.595 35.6468 -21918.2 3362.75 -18555.4 53959.3 1.05724
1248000 0.9 298.127 27.0606 -21890.3 3335.14 -18555.2 53679.7 1.06278
1249000 0.9 298.708 78.6118 -21896.8 3341.65 -18555.2 53346 1.06942
1250000 0.9 300.29 -0.778039 -21879.3 3359.34 -18520 53323 1.06986
1251000 0.9 299.425 -18.0495 -21895.7 3349.66 -18546 53478.8 1.06674
1252000 0.9 298.412 -72.2412 -21930.4 3338.32 -18592.1 53718.7 1.06199
1253000 0.9 298.366 -30.1357 -21929.1 3337.82 -18591.3 53538.5 1.06556
1254000 0.9 300.23 -200.475 -21947.1 3358.67 -18588.4 53926.7 1.05789
1255000 0.9 301.007 61.7647 -21926.6 3367.36 -18559.3 53594.6 1.06443
1256000 0.9 298.693 55.499 -21861.4 3341.48 -18519.9 53606.6 1.06419
1257000 0.9 300.263 55.3176 -21900.3 3359.04 -18541.3 53579 1.06475
1258000 0.9 299.461 83.8993 -21929.4 3350.06 -18579.4 53433.3 1.06765
1259000 0.9 300.951 -19.0732 -21863.6 3366.73 -18496.9 53502.1 1.06628
1260000 0.9 301.106 90.0512 -21855.9 3368.47 -18487.5 53584.5 1.06464
1261000 0.9 298.663 20.6321 -21940.8 3341.14 -18599.7 53634.7 1.06367
1262000 0.9 299.882 112.391 -21997.5 3354.77 -18642.7 53439.3 1.06754
1263000 0.9 301.447 77.4096 -21948.6 3372.28 -18576.3 53514 1.06603
1264000 0.9 298.488 58.719 -21981.2 3339.18 -18642 53615.7 1.06402
1265000 0.9 298.978 -102.117 -21934.8 3344.66 -18590.2 53490.4 1.0665
1266000 0.9 298.755 -72.5475 -21940.5 3342.17 -18598.3 53758.3 1.0612
1267000 0.9 301.686 23.5817 -21853.7 3374.95 -18478.8 53640.9 1.06352
1268000 0.9 299.861 -85.0201 -21949.3 3354.54 -18594.8 53688.1 1.0626
1269000 0.9 299.804 21.5836 -21951.7 3353.9 -18597.8 53813.2 1.06012
1270000 0.9 299.39 14.8123 -21963.6 3349.27 -18614.3 53531 1.06571
1271000 0.9 303.246 -53.8532 -21862.6 3392.41 -18470.2 53440.1 1.06756
1272000 0.9 300.36 -72.0358 -21959 3360.12 -18598.9 53858.5 1.05925
1273000 0.9 298.971 -44.4553 -21919.6 3344.58 -18575 53570.2 1.06493
1274000 0.9 301.144 121.921 -21946.4 3368.89 -18577.5 53534 1.06566
1275000 0.9 299.863 -50.7122 -21919.4 3354.56 -18564.9 53830.9 1.05978
1276000 0.9 298.699 55.4426 -21932.7 3341.54 -18591.2 53826.3 1.05986
1277000 0.9 301.925 -41.5682 -21927.1 3377.62 -18549.4 53275.3 1.07083
1278000 0.9 299.991 -47.6001 -21885.6 3355.99 -18529.6 53166.2 1.07302
1279000 0.9 299.856 -93.3728 -21859.6 3354.49 -18505.1 53441.2 1.06752
1280000 0.9 298.872 -69.0659 -21939.1 3343.47 -18595.6 53826.3 1.05987
1281000 0.9 300.234 -61.182 -21911.2 3358.72 -18552.5 53696.4 1.06242
1282000 0.9 300.981 -42.1039 -21894.5 3367.07 -18527.4 53606.3 1.06422
1283000 0.9 300.209 -183.131 -21857.3 3358.44 -18498.9 53399.2 1.06834
1284000 0.9 302.751 -211.552 -21901.3 3386.87 -18514.5 53440.5 1.0675
1285000 0.9 298.951 8.7189 -21953.7 3344.36 -18609.3 53469.4 1.06694
1286000 0.9 300.638 50.2751 -21890.5 3363.24 -18527.3 53523.8 1.06584
1287000 0.9 301.872 -25.7281 -21871.9 3377.04 -18494.8 53577 1.06479
1288000 0.9 298.119 34.9508 -21894.1 3335.05 -18559.1 53408 1.06819
1289000 0.9 299.006 -117.041 -21980.8 3344.97 -18635.9 54111.3 1.05431
1290000 0.9 299.438 51.1535 -21975.8 3349.81 -18626 53877.2 1.05886
1291000 0.9 301.353 122.372 -21966.3 3371.24 -18595.1 53952 1.05738
1292000 0.9 299.886 200.069 -22013.3 3354.82 -18658.5 53635.3 1.06363
1293000 0.9 300.206 -68.9783 -21958.1 3358.4 -18599.7 53759.9 1.06117
1294000 0.9 299.859 183.574 -21912.4 3354.52 -18557.9 53821.2 1.05996
1295000 0.9 298.639 97.2032 -21907.1 3340.87 -18566.2 53749 1.06138
1296000 0.9 301.591 -133.321 -21892.3 3373.89 -18518.4 53475.5 1.0668
1297000 0.9 300.727 255.68 -21914.2 3364.22 -18550 53603.3 1.06427
1298000 0.9 300.428 85.9804 -21897.6 3360.88 -18536.8 53466.9 1.06699
1299000 0.9 301.859 -216.689 -21916.3 3376.89 -18539.4 53815.3 1.06007
1300000 0.9 299.572 94.2142 -21996.9 3351.3 -18645.6 53458.5 1.06715
1301000 0.9 298.925 138.905 -21931.7 3344.07 -18587.7 53484.9 1.06664
1302000 0.9 301.732 -36.8966 -21937.4 3375.47 -18561.9 53531 1.06572
1303000 0.9 300.879 177.887 -21910.9 3365.93 -18545 53672.9 1.06289
1304000 0.9 299.659 67.0553 -21964.6 3352.28 -18612.4 53573.7 1.06486
1305000 0.9 298.66 -18.5743 -21959.9 3341.1 -18618.8 53649.1 1.06336
1306000 0.9 299.806 89.5117 -21986.7 3353.92 -18632.8 53497 1.06637
1307000 0.9 298.885 -128.468 -21915.3 3343.62 -18571.6 53501.1 1.06633
1308000 0.9 297.739 -57.448 -21872.1 3330.8 -18541.3 53459.9 1.06713
1309000 0.9 300.193 -96.7922 -21902.3 3358.25 -18544.1 53448.4 1.06735
1310000 0.9 299.168 34.2024 -21895.2 3346.79 -18548.4 53876.6 1.05886
1311000 0.9 300.102 112.748 -21940.4 3357.23 -18583.2 53577.8 1.06478
1312000 0.9 298.58 260.917 -21959.8 3340.21 -18619.6 53837.2 1.05963
1313000 0.9 302.043 -276.857 -21932.4 3378.95 -18553.5 53771.1 1.06095
1314000 0.9 298.672 84.8361 -21947.7 3341.23 -18606.4 53750.8 1.06137
1315000 0.9 301.738 88.9065 -21917.5 3375.53 -18541.9 53593.5 1.06446
1316000 0.9 299.43 23.1888 -21918 3349.72 -18568.3 53588.7 1.06458
1317000 0.9 299.66 229.886 -21915 3352.29 -18562.7 53188.9 1.07255
1318000 0.9 299.335 45.0626 -21897.8 3348.65 -18549.1 53509 1.06614
1319000 0.9 300.623 -264.001 -21878 3363.07 -18515 53784.1 1.0607
1320000 0.9 299.589 107.139 -21918.1 3351.5 -18566.6 54184.7 1.05288
1321000 0.9 299.506 58.8946 -21905.9 3350.57 -18555.4 53656.6 1.06321
1322000 0.9 301.146 -202.443 -21892.1 3368.92 -18523.1 53383.7 1.06865
1323000 0.9 299.925 100.644 -21925.4 3355.26 -18570.1 53100.3 1.07435
1324000 0.9 301.488 -95.9566 -21897.4 3372.74 -18524.7 53656.8 1.06321
1325000 0.9 298.095 -38.6768 -21886.8 3334.78 -18552.1 53598.2 1.06437
1326000 0.9 299.365 -201.55 -21899.7 3348.99 -18550.8 54108.9 1.05432
1327000 0.9 299.496 82.5123 -21928.2 3350.45 -18577.7 53554.3 1.06525
1328000 0.9 299.294 -309.595 -21971.4 3348.19 -18623.2 53582.4 1.06469
1329000 0.9 299.911 108.344 -21906.5 3355.09 -18551.4 53660.1 1.06315
1330000 0.9 300.37 -90.1431 -21873.5 3360.24 -18513.3 53564.6 1.06504
1331000 0.9 299.935 -114.27 -21920.3 3355.36 -18564.9 53841.6 1.05956
1332000 0.9 301.322 -161.577 -21947.8 3370.88 -18577 53850.2 1.05939
1333000 0.9 301.6 130.187 -21921.3 3373.99 -18547.3 53449.3 1.06733
1334000 0.9 299.322 -197.307 -21937.2 3348.51 -18588.7 53542 1.06548
1335000 0.9 301.815 150.816 -21918.8 3376.4 -18542.4 53774.6 1.06087
1336000 0.9 299.463 33.3514 -21933.6 3350.09 -18583.5 53890.8 1.05861
1337000 0.9 300.182 107.705 -21960 3358.13 -18601.9 53749.2 1.06139
1338000 0.9 299.428 0.856271 -22026.3 3349.7 -18676.6 53620 1.06392
1339000 0.9 301.512 -172.312 -21893.4 3373.01 -18520.4 53351.1 1.06931
1340000 0.9 300.461 -117.734 -21887.6 3361.25 -18526.3 53513.7 1.0661
1341000 0.9 298.914 110.148 -21954.5 3343.94 -18610.5 53700.7 1.06234
1342000 0.9 300.497 -116.843 -21939.4 3361.65 -18577.7 53402.1 1.06828
1343000 0.9 299.408 -79.7844 -21899.8 3349.48 -18550.4 53476 1.06684
1344000 0.9 298.005 47.4522 -21904.7 3333.78 -18570.9 53521.4 1.0659
1345000 0.9 300.991 -67.5437 -21843.5 3367.18 -18476.3 53625.9 1.06382
1346000 0.9 300.277 -221.136 -21928.6 3359.19 -18569.5 53532 1.06569
1347000 0.9 299.925 101.918 -21929.9 3355.26 -18574.7 53453.5 1.06729
1348000 0.9 298.134 -28.6092 -21917.2 3335.21 -18582 53507 1.06619
1349000 0.9 298.427 110.519 -21887.3 3338.5 -18548.8 53601.7 1.06429
1350000 0.9 298.912 -112.683 -21849.2 3343.92 -18505.3 53616.8 1.06402
1351000 0.9 299.573 53.9451 -21855.8 3351.32 -18504.5 53682.8 1.06269
1352000 0.9 299.614 -58.6709 -21905.2 3351.77 -18553.4 53671.1 1.06293
1353000 0.9 298.405 259.108 -21950.2 3338.25 -18612 53534.8 1.06563
1354000 0.9 300.874 210.805 -21891.7 3365.87 -18525.8 53332.6 1.06966
1355000 0.9 298.242 127.135 -21917 3336.43 -18580.5 53464.5 1.06703
1356000 0.9 300.955 39.3038 -21838.6 3366.77 -18471.9 53747.1 1.06142
1357000 0.9 300.44 111.354 -21930.7 3361.02 -18569.6 53635.8 1.06362
1358000 0.9 298.485 96.1559 -21909.4 3339.14 -18570.3 53490.3 1.06652
1359000 0.9 299.936 -293.753 -21913.5 3355.38 -18558.1 53454.4 1.06726
1360000 0.9 300.679 -145.895 -21917.4 3363.69 -18553.7 53324.9 1.06983
1361000 0.9 300.006 56.189 -21957.5 3356.16 -18601.3 53728 1.0618
1362000 0.9 299.313 10.7222 -21922.7 3348.41 -18574.3 53336.9 1.06958
1363000 0.9 301.207 74.9472 -21963.2 3369.6 -18593.6 53384.5 1.06864
1364000 0.9 299.848 110.881 -21911.9 3354.4 -18557.5 53245.6 1.07143
1365000 0.9 302.127 113.193 -21871.5 3379.89 -18491.6 53320.3 1.06992
1366000 0.9 302.54 5.96855 -21885.8 3384.51 -18501.3 53226.3 1.07181
1367000 0.9 298.595 78.7626 -21968.2 3340.37 -18627.8 53561.7 1.0651
1368000 0.9 301.031 149.178 -21916.6 3367.63 -18549 53895 1.05851
1369000 0.9 299.748 -105.456 -21934.6 3353.27 -18581.4 53747.5 1.0614
1370000 0.9 300.037 -28.4813 -21947.7 3356.51 -18591.2 53785.9 1.06065
1371000 0.9 299.856 44.3584 -21930.6 3354.49 -18576.1 53731.6 1.06173
1372000 0.9 299.53 2.10405 -21930.5 3350.83 -18579.7 53389.7 1.06853
1373000 0.9 300.268 -45.9824 -21912.8 3359.1 -18553.7 53555 1.06522
1374000 0.9 300.647 -35.6232 -21897.1 3363.33 -18533.8 53235.4 1.07161
1375000 0.9 299.592 123.03 -21883.9 3351.53 -18532.4 53520.7 1.06591
1376000 0.9 299.877 96.0341 -21874.4 3354.72 -18519.6 53467 1.06697
1377000 0.9 299.251 20.9884 -21837.5 3347.71 -18489.8 53715.9 1.06203
1378000 0.9 299.221 -151.035 -21859.6 3347.38 -18512.2 54232.2 1.05192
1379000 0.9 298.096 254.369 -21854.1 3334.79 -18519.3 53783 1.06072
1380000 0.9 300.245 340.894 -21892.6 3358.84 -18533.7 53514 1.06603
1381000 0.9 301.099 146.277 -21867.7 3368.39 -18499.3 53404.9 1.06821
1382000 0.9 299.371 -184.873 -21863.9 3349.05 -18514.9 53557.3 1.06518
1383000 0.9 299.902 -97.4977 -21853.3 3354.99 -18498.4 53591.6 1.0645
1384000 0.9 298.721 -125.052 -21894.9 3341.79 -18553.1 53270.8 1.07095
1385000 0.9 300.562 -143.709 -21868.2 3362.38 -18505.8 53265.8 1.07101
1386000 0.9 299.766 16.5787 -21868.5 3353.47 -18515.1 53392.4 1.06847
1387000 0.9 300.081 34.5879 -21892.8 3357 -18535.8 53452.4 1.06727
1388000 0.9 298.217 131.683 -21856.2 3336.15 -18520 53479.3 1.06675
1389000 0.9 298.618 182.604 -21878 3340.63 -18537.4 53633.7 1.06367
1390000 0.9 300.235 127.278 -21802.5 3358.72 -18443.8 53338.9 1.06954
1391000 0.9 299.628 -158.613 -21896.7 3351.93 -18544.8 53559.4 1.06514
1392000 0.9 300.696 -93.19 -21847.7 3363.88 -18483.8 54296.3 1.0507
1393000 0.9 299.782 33.1284 -21905.5 3353.65 -18551.8 53553.3 1.06527
1394000 0.9 298.758 125.481 -21950.5 3342.2 -18608.3 53349.5 1.06933
1395000 0.9 300.204 110.979 -21902.4 3358.38 -18544 53336.1 1.0696
1396000 0.9 299.265 -1.88361 -21929.5 3347.87 -18581.6 53236.4 1.07162
1397000 0.9 300.529 7.53499 -21936.1 3362.02 -18574.1 53359.5 1.06913
1398000 0.9 300.336 -111.271 -21937.5 3359.85 -18577.7 53481.4 1.06669
1399000 0.9 301.012 210.827 -21907.7 3367.41 -18540.3 53742.2 1.06151
1400000 0.9 300.332 -54.9725 -21929.1 3359.8 -18569.3 53709.2 1.06219
1401000 0.9 301.403 92.6019 -21952 3371.79 -18580.3 53403.5 1.06824
1402000 0.9 297.923 -319.133 -21871.2 3332.85 -18538.3 53403.2 1.06825
1403000 0.9 299.238 -76.6965 -21922.2 3347.56 -18574.6 53295.3 1.07041
1404000 0.9 299.903 125.378 -21903.3 3355.01 -18548.3 53347.1 1.06938
1405000 0.9 303.078 0.280373 -21851.8 3390.53 -18461.3 53614.7 1.06406
1406000 0.9 300.292 -158.676 -21914.3 3359.36 -18554.9 53491.7 1.06649
1407000 0.9 299.739 50.2997 -21984.1 3353.18 -18631 53776.3 1.06085
1408000 0.9 300.673 -108.227 -21950.4 3363.62 -18586.8 53755.1 1.06126
1409000 0.9 298.956 -154.459 -21935.2 3344.42 -18590.8 53421.9 1.06789
1410000 0.9 300.253 137.783 -21872.5 3358.92 -18513.6 53655 1.06324
1411000 0.9 298.422 27.2103 -21888.2 3338.44 -18549.8 53743.6 1.06148
1412000 0.9 301.127 47.6759 -21919.2 3368.7 -18550.5 53875.7 1.05888
1413000 0.9 300.102 -216.879 -22006 3357.24 -18648.7 53859 1.05923
1414000 0.9 298.513 -106.604 -21939 3339.46 -18599.5 53564.9 1.06504
1415000 0.9 300.518 35.8426 -21854.9 3361.89 -18493 53387.1 1.06859
1416000 0.9 298.472 95.031 -21884.6 3339 -18545.6 53495.9 1.06645
1417000 0.9 299.851 36.7906 -21933.8 3354.43 -18579.4 53650.4 1.06333
1418000 0.9 300.007 -82.1164 -21957 3356.17 -18600.8 53896.7 1.05846
1419000 0.9 300.263 14.0011 -21921.2 3359.03 -18562.2 53743.1 1.0615
1420000 0.9 300.371 22.0135 -21893.6 3360.24 -18533.4 53807.2 1.06023
1421000 0.9 300.686 -13.8608 -21904.6 3363.77 -18540.9 53514.9 1.06604
1422000 0.9 300.224 -66.8205 -21885.6 3358.6 -18527 53379.3 1.06874
1423000 0.9 300.004 -128.024 -21890.6 3356.14 -18534.5 53545.8 1.06541
1424000 0.9 298.835 96.5316 -21945.2 3343.06 -18602.2 53432.9 1.06765
1425000 0.9 300.718 220.049 -21871.7 3364.13 -18507.6 53462.6 1.06706
1426000 0.9 299.909 -93.5341 -21862.5 3355.08 -18507.4 53464 1.06706
1427000 0.9 299.452 -90.7554 -21890.5 3349.97 -18540.5 53707.3 1.0622
1428000 0.9 300.314 102.633 -21933.1 3359.6 -18573.5 53396.7 1.06841
1429000 0.9 299.766 219.374 -21948.6 3353.48 -18595.1 53828.9 1.0598
1430000 0.9 298.358 -127.458 -21971.8 3337.73 -18634.1 53783.2 1.06071
1431000 0.9 300.474 37.0254 -21971.9 3361.4 -18610.5 53171.1 1.07292
1432000 0.9 301.282 40.1982 -21969.6 3370.44 -18599.1 53737.8 1.06163
1433000 0.9 300.411 28.7156 -21923.6 3360.7 -18562.9 53640.3 1.06354
1434000 0.9 299.625 8.16682 -21926.7 3351.9 -18574.8 53567.5 1.06497
1435000 0.9 301.881 -100.372 -21959.4 3377.14 -18582.2 53705.2 1.06225
1436000 0.9 299.123 -84.6344 -21887.8 3346.28 -18541.5 54084.5 1.05479
1437000 0.9 301.644 112.629 -21903 3374.48 -18528.6 53720.8 1.06196
1438000 0.9 299.747 -139.156 -21927.7 3353.26 -18574.5 53651.2 1.06332
1439000 0.9 299.815 61.0574 -21951.4 3354.03 -18597.3 53812.5 1.06014
1440000 0.9 300.326 -125.335 -21932 3359.74 -18572.3 53665.3 1.06304
1441000 0.9 300.411 -102.894 -22001.6 3360.7 -18640.9 53767.1 1.06104
1442000 0.9 300.548 255.087 -22025.1 3362.22 -18662.9 53839.4 1.05962
1443000 0.9 298.737 26.1733 -21947.4 3341.97 -18605.4 54189.2 1.05275
1444000 0.9 301.016 132.707 -21954.1 3367.46 -18586.6 53873.2 1.05895
1445000 0.9 296.547 166.723 -21912.8 3317.46 -18595.4 53415.1 1.06803
1446000 0.9 301.127 36.0856 -21939.8 3368.7 -18571.1 53691.4 1.06254
1447000 0.9 301.366 -159.945 -21921.3 3371.38 -18549.9 53627.1 1.0638
1448000 0.9 301.293 84.7612 -21894.5 3370.55 -18523.9 53345.6 1.06941
1449000 0.9 298.986 -40.1993 -21870.6 3344.75 -18525.9 53510.4 1.06611
1450000 0.9 301.381 56.9594 -21991.8 3371.55 -18620.2 53758 1.06121
1451000 0.9 298.391 188.129 -21958.2 3338.09 -18620.1 53696.1 1.06243
1452000 0.9 299.424 87.9078 -21917.4 3349.65 -18567.8 53564.9 1.06503
1453000 0.9 299.372 -55.7249 -21896.4 3349.07 -18547.3 53815.6 1.06006
1454000 0.9 300.024 111.25 -21880.5 3356.36 -18524.1 54047.6 1.05551
1455000 0.9 299.139 8.83516 -21920.7 3346.46 -18574.2 53474.1 1.06685
1456000 0.9 300.223 200.544 -21876.2 3358.59 -18517.6 53391.9 1.06848
1457000 0.9 297.774 105.412 -21861.2 3331.2 -18530 53184.3 1.07265
1458000 0.9 297.956 23.0114 -21884.3 3333.23 -18551.1 53208.5 1.07216
1459000 0.9 300.836 311.235 -21939.3 3365.45 -18573.8 53193.2 1.07246
1460000 0.9 298.765 -198.371 -21948.5 3342.27 -18606.3 53153.6 1.07327
1461000 0.9 298.86 85.6842 -21884.5 3343.35 -18541.2 53490.2 1.06654
1462000 0.9 299.633 -189.56 -21874.9 3351.99 -18522.9 53630 1.06374
1463000 0.9 300.534 26.9698 -21882.4 3362.07 -18520.3 53654.1 1.06326
1464000 0.9 299.407 130.028 -21815.6 3349.46 -18466.1 53708 1.0622
1465000 0.9 298.428 44.9603 -21837.5 3338.51 -18499 53685.9 1.06263
1466000 0.9 299.967 221.417 -21942.2 3355.72 -18586.4 54091.8 1.05466
1467000 0.9 301.081 -164.584 -21942.3 3368.19 -18574.2 53611.7 1.06409
1468000 0.9 300.15 -209.717 -21943.4 3357.77 -18585.6 53787.1 1.06066
1469000 0.9 299.92 75.5386 -21920.1 3355.2 -18564.9 53992.7 1.05659
1470000 0.9 301.03 18.409 -21849.9 3367.61 -18482.2 53735.3 1.06165
1471000 0.9 300.389 55.4866 -21859.3 3360.45 -18498.9 53458.1 1.06717
1472000 0.9 301.858 -17.5976 -21869.6 3376.88 -18492.7 53169.4 1.07296
1473000 0.9 300.148 -197.875 -21823.9 3357.74 -18466.2 53216.4 1.072
1474000 0.9 300.827 -126.662 -21911.3 3365.35 -18546 53268.7 1.07101
1475000 0.9 301.044 -65.4313 -21881.8 3367.77 -18514.1 53406.9 1.06818
1476000 0.9 298.817 76.0106 -21916.9 3342.86 -18574.1 53674.1 1.06285
1477000 0.9 300.587 -123.56 -21821.8 3362.67 -18459.1 53343.8 1.06945
1478000 0.9 300.864 13.9716 -21896.8 3365.75 -18531.1 53326.2 1.0698
1479000 0.9 299.252 97.8628 -21866.9 3347.73 -18519.2 53640.5 1.06353
1480000 0.9 300.963 55.4277 -21899.7 3366.87 -18532.9 53352.2 1.06927
1481000 0.9 300.333 -2.522 -21931.1 3359.82 -18571.3 53093.7 1.07449
1482000 0.9 298.707 78.3252 -21902.2 3341.63 -18560.6 53246.4 1.07143
1483000 0.9 301.378 91.2877 -21912.1 3371.51 -18540.6 53664.3 1.06305
1484000 0.9 300.445 -56.7449 -21908.3 3361.07 -18547.2 53825.1 1.05989
1485000 0.9 301.401 -59.0235 -21893.9 3371.77 -18522.1 53858 1.05923
1486000 0.9 301.999 -4.04297 -21867.1 3378.45 -18488.7 53749.5 1.06138
1487000 0.9 299.18 -45.6879 -21859 3346.92 -18512.1 53629.4 1.06375
1488000 0.9 299.892 86.0228 -21931.7 3354.89 -18576.8 53740.6 1.06154
1489000 0.9 301.13 54.7924 -21915.6 3368.74 -18546.8 53503.8 1.06625
1490000 0.9 299.64 -81.0487 -21943 3352.07 -18590.9 53541.2 1.06549
1491000 0.9 299.8 143.053 -21905.2 3353.86 -18551.4 53490.9 1.06651
1492000 0.9 298.333 207.795 -21879 3337.44 -18541.5 53831.8 1.05976
1493000 0.9 299.606 166.324 -21974.6 3351.69 -18622.9 53571.9 1.06489
1494000 0.9 300.998 -158.193 -21952.1 3367.26 -18584.9 53702.9 1.06231
1495000 0.9 300.081 -171.918 -21884 3357 -18527 53523.4 1.06585
1496000 0.9 301.462 -47.3683 -21826.7 3372.45 -18454.2 53449.9 1.06734
1497000 0.9 299.164 -15.7014 -21884.4 3346.74 -18537.7 53335.4 1.06963
1498000 0.9 299.785 -123.264 -21876.7 3353.69 -18523 53549.6 1.06535
1499000 0.9 299.371 50.4822 -21869.7 3349.06 -18520.6 53921.6 1.05798
1500000 0.9 298.358 82.7203 -21860.4 3337.73 -18522.6 53654.1 1.06326
1501000 0.9 299.385 -364.284 -21872.2 3349.22 -18523 53410.4 1.06811
1502000 0.9 300.618 48.3609 -21906.8 3363.01 -18543.8 53674.4 1.06286
1503000 0.9 300.553 -238.68 -21909.9 3362.28 -18547.7 53531.7 1.06571
1504000 0.9 299.85 -185.915 -21891.5 3354.41 -18537.1 53685 1.06266
1505000 0.9 300.656 35.823 -21896.2 3363.43 -18532.8 53587.3 1.06463
1506000 0.9 299.682 67.4714 -21911.8 3352.54 -18559.3 53397.3 1.06838
1507000 0.9 298.09 59.9652 -21900.3 3334.73 -18565.6 53235.3 1.07164
1508000 0.9 299.975 -6.006 -21920 3355.81 -18564.2 53622.6 1.06391
1509000 0.9 298.928 -49.3404 -21892.5 3344.1 -18548.4 53542.1 1.06548
1510000 0.9 300.549 7.10298 -21890.3 3362.23 -18528.1 53560.7 1.06513
1511000 0.9 299.202 -49.6387 -21909.7 3347.17 -18562.5 53387.4 1.06857
1512000 0.9 298.1 -50.0026 -21898.2 3334.84 -18563.3 53622.2 1.06389
1513000 0.9 300.929 -112.592 -21938.5 3366.48 -18572 53472.3 1.06688
1514000 0.9 299.839 199.247 -21878.7 3354.29 -18524.4 53339.5 1.06954
1515000 0.9 300.511 0.135278 -21857 3361.82 -18495.2 53533.5 1.06568
1516000 0.9 301.688 53.4031 -21940.1 3374.98 -18565.1 53888.9 1.05863
1517000 0.9 300.655 140.029 -21920.2 3363.43 -18556.7 53750.3 1.06135
1518000 0.9 300.49 108.155 -21961.3 3361.57 -18599.7 53791.8 1.06053
1519000 0.9 299.807 236.145 -21890.7 3353.94 -18536.7 53698.1 1.06238
1520000 0.9 300.218 165.664 -21891.2 3358.53 -18532.7 53558.6 1.06517
1521000 0.9 299.623 190.634 -21869.1 3351.88 -18517.2 53766 1.0611
1522000 0.9 299.407 89.3505 -21923.4 3349.46 -18574 53337.1 1.0696
1523000 0.9 299.365 292.426 -21949.8 3348.99 -18600.8 53349.2 1.06934
1524000 0.9 300.636 -101.697 -21966.2 3363.21 -18603 53430.9 1.06771
1525000 0.9 299.057 -197.905 -21925.1 3345.55 -18579.6 53606.1 1.06421
1526000 0.9 298.603 -155.277 -21965.2 3340.46 -18624.7 53733.1 1.06172
1527000 0.9 298.873 -46.4894 -21962.7 3343.48 -18619.2 53811.3 1.06014
1528000 0.9 300.804 -0.0980243 -21943.5 3365.09 -18578.4 53862.8 1.05919
1529000 0.9 301.082 189.646 -21884.3 3368.19 -18516.1 53653.1 1.06328
1530000 0.9 301.326 297.689 -21862.3 3370.92 -18491.3 53777.6 1.06085
1531000 0.9 300.196 45.6902 -21890 3358.28 -18531.7 53519.2 1.06596
1532000 0.9 299.421 -328.63 -21870.7 3349.62 -18521.1 53685.1 1.06264
1533000 0.9 301.135 -58.2183 -21932.3 3368.8 -18563.5 53644.4 1.06345
1534000 0.9 300.043 46.3167 -21887.3 3356.58 -18530.7 53406.1 1.06821
1535000 0.9 299.222 139.968 -21945.1 3347.39 -18597.7 53650.5 1.06334
1536000 0.9 300.153 281.331 -21892.2 3357.81 -18534.4 53804.9 1.06028
1537000 0.9 298.818 239.581 -21937 3342.88 -18594.1 53623.3 1.06387
1538000 0.9 300.412 -130.052 -21878.5 3360.7 -18517.8 53564.9 1.06502
1539000 0.9 301.077 -15.1995 -21906 3368.15 -18537.9 53592.6 1.06448
1540000 0.9 299.768 -26.9151 -21863.3 3353.49 -18509.8 53539.6 1.06553
1541000 0.9 299.946 0.662264 -21890.1 3355.48 -18534.6 53397.7 1.06837
1542000 0.9 298.97 -46.5255 -21890.5 3344.58 -18545.9 53487.9 1.06656
1543000 0.9 299.907 58.0568 -21914 3355.06 -18559 53433 1.06768
1544000 0.9 298.848 16.8811 -21951.5 3343.21 -18608.3 53580.9 1.06472
1545000 0.9 299.94 -157.941 -21937.6 3355.43 -18582.2 53824 1.0599
1546000 0.9 297.943 -20.9051 -21826 3333.08 -18492.9 53703.6 1.06228
1547000 0.9 302.296 -209.867 -21905 3381.78 -18523.2 53427.8 1.06775
1548000 0.9 301.402 -56.8465 -21912.5 3371.78 -18540.7 53835.2 1.05972
1549000 0.9 298.008 92.711 -21893.4 3333.81 -18559.6 53688.2 1.06258
1550000 0.9 299.291 14.8588 -21865.9 3348.16 -18517.8 53737.9 1.06159
1551000 0.9 298.191 156.686 -21943.4 3335.86 -18607.6 53774.3 1.06088
1552000 0.9 300.605 69.3977 -21945.4 3362.86 -18582.6 53408.6 1.06819
1553000 0.9 300.46 136.933 -21896 3361.24 -18534.7 53617.2 1.06402
1554000 0.9 302.514 -30.363 -21867.3 3384.22 -18483.1 53851.3 1.05937
1555000 0.9 299.899 219.439 -21922.8 3354.96 -18567.8 54236.3 1.05186
1556000 0.9 300.062 -37.9363 -21890.8 3356.78 -18534 53715.9 1.06204
1557000 0.9 300.943 128.731 -21901.7 3366.64 -18535.1 53482.8 1.06669
1558000 0.9 300.87 94.3469 -21924.8 3365.82 -18559 53639.2 1.06355
1559000 0.9 299.945 -200.348 -21865.4 3355.48 -18510 53584.6 1.06465
1560000 0.9 301.537 -161.83 -21924.4 3373.28 -18551.1 53655.6 1.06323
1561000 0.9 300.201 -140.652 -21991.5 3358.34 -18633.2 53674.4 1.06285
1562000 0.9 299.235 -0.569045 -21938.4 3347.53 -18590.8 53722.9 1.0619
1563000 0.9 299.933 211.19 -21935.2 3355.34 -18579.8 53558.9 1.0652
1564000 0.9 300.805 43.6893 -21940.5 3365.1 -18575.4 53852.5 1.05934
1565000 0.9 298.954 19.8692 -21955.5 3344.39 -18611.1 53746.3 1.06144
1566000 0.9 299.674 64.8477 -21916.1 3352.45 -18563.7 54022.2 1.05601
1567000 0.9 299.873 -180.063 -21909.9 3354.68 -18555.2 53679.8 1.06275
1568000 0.9 300.865 -17.5272 -21896.4 3365.77 -18530.6 53448.3 1.06736
1569000 0.9 300.932 -85.4553 -21916.5 3366.52 -18550 53741.6 1.06155
1570000 0.9 299.955 -25.6088 -21948.6 3355.59 -18593 53962 1.05721
1571000 0.9 298.979 -55.1233 -21892.2 3344.67 -18547.5 54348.5 1.04971
1572000 0.9 301.463 19.5479 -21897.9 3372.46 -18525.4 53937.6 1.05767
1573000 0.9 298.721 -30.8017 -21864.3 3341.79 -18522.5 53315.9 1.07
1574000 0.9 300.068 -245.909 -21966.2 3356.85 -18609.3 53716.8 1.06202
1575000 0.9 299.406 -4.17245 -21896.8 3349.45 -18547.4 53804.8 1.06029
1576000 0.9 301.15 -82.9705 -21899 3368.96 -18530.1 53508.3 1.06616
1577000 0.9 299.687 78.6879 -21896.2 3352.6 -18543.6 53624.6 1.06383
1578000 0.9 301.573 198.526 -21938 3373.69 -18564.3 53210.7 1.07212
1579000 0.9 299.509 24.9026 -21886.3 3350.6 -18535.7 53670.7 1.06294
1580000 0.9 300.244 61.786 -21861.3 3358.83 -18502.5 53490.7 1.06652
1581000 0.9 301.977 -246.258 -21900.4 3378.21 -18522.2 53569.8 1.06493
1582000 0.9 298.036 58.0199 -21904.3 3334.13 -18570.2 53654.5 1.06325
1583000 0.9 301.107 47.6137 -21846.9 3368.48 -18478.4 53822.6 1.05995
1584000 0.9 300.168 118.212 -21888.5 3357.98 -18530.5 53420.5 1.06791
1585000 0.9 300.134 255.333 -21867.6 3357.59 -18510 53809 1.06019
1586000 0.9 300.153 42.8527 -21913.1 3357.8 -18555.3 53600.9 1.06431
1587000 0.9 298.071 33.756 -21906 3334.51 -18571.5 53435.5 1.0676
1588000 0.9 298.42 -116.193 -21872.8 3338.42 -18534.4 53438.9 1.06758
1589000 0.9 301.608 -254.155 -21894 3374.09 -18520 53845.8 1.05946
1590000 0.9 301.372 130.763 -21846.2 3371.44 -18474.7 53829.8 1.05979
1591000 0.9 299.226 -78.7145 -21942.6 3347.44 -18595.1 53892.3 1.05857
1592000 0.9 300.374 12.62 -21894.3 3360.28 -18534.1 53834.2 1.05971
1593000 0.9 298.413 -139.32 -21913.7 3338.34 -18575.4 53534.3 1.06564
1594000 0.9 299.091 92.105 -21998.6 3345.92 -18652.7 53490.6 1.06652
1595000 0.9 300.232 33.8959 -21949.7 3358.68 -18591 53941 1.05761
1596000 0.9 300.202 23.4566 -21920.3 3358.35 -18562 53659.4 1.06316
1597000 0.9 299.653 62.942 -21920.9 3352.21 -18568.7 53635.5 1.06363
1598000 0.9 300.241 -186.642 -21957.9 3358.79 -18599.1 53389.2 1.06855
1599000 0.9 300.108 42.7189 -21911.6 3357.3 -18554.3 53609.5 1.06417
1600000 0.9 300.052 93.5965 -21883.7 3356.68 -18527 53543.8 1.06545
