# Time-averaged data for fix msd_avg
# TimeStep c_msd_water[1] c_msd_water[2] c_msd_water[3] c_msd_water[4]
601000 0.64123 0.774742 0.692731 2.1087
602000 1.46765 1.75396 1.62645 4.84806
603000 2.16742 2.6389 2.49198 7.29829
604000 3.00012 3.58793 3.38916 9.97722
605000 3.84975 4.28566 4.24704 12.3824
606000 4.60544 4.94697 4.98312 14.5355
607000 5.44172 5.95402 5.73202 17.1278
608000 6.49738 6.92421 6.33901 19.7606
609000 7.34532 7.53858 7.0741 21.958
610000 7.97569 7.99553 7.90081 23.872
611000 8.9178 8.54181 8.80021 26.2598
612000 9.5579 9.46999 9.86727 28.8952
613000 10.3741 10.17 11.0331 31.5772
614000 11.2386 10.9238 11.9277 34.0901
615000 12.1094 11.8741 12.8031 36.7865
616000 12.9095 12.5783 13.7977 39.2856
617000 13.9534 13.5594 14.7065 42.2193
618000 15.2559 14.6308 15.7219 45.6086
619000 16.577 15.3738 16.5445 48.4952
620000 17.0033 16.1486 17.5289 50.6809
621000 17.8931 17.0079 18.4013 53.3023
622000 19.0558 17.7289 19.0899 55.8747
623000 19.759 18.7566 20.2747 58.7903
624000 20.1698 19.3827 20.78 60.3325
625000 21.1428 20.2063 21.6047 62.9538
626000 21.944 20.8724 22.2403 65.0566
627000 22.4872 21.6613 23.0589 67.2074
628000 23.3637 22.4461 24.3421 70.152
629000 24.4186 23.5342 25.4137 73.3666
630000 24.8958 24.7554 26.1553 75.8066
631000 25.5368 25.8546 27.0182 78.4096
632000 26.7667 26.8905 28.4206 82.0779
633000 28.0889 27.8831 28.6767 84.6487
634000 29.1845 29.0424 29.1812 87.4081
635000 30.0795 30.0702 30.4213 90.571
636000 30.6437 30.8261 31.1739 92.6437
637000 31.4036 31.4974 31.9957 94.8966
638000 32.2774 32.7344 32.6501 97.6619
639000 33.5288 33.7261 33.4077 100.663
640000 33.6121 34.4348 34.3499 102.397
641000 34.4519 35.4781 34.7912 104.721
642000 35.2688 36.3755 35.6845 107.329
643000 36.1419 37.0327 36.381 109.556
644000 36.2675 37.2651 36.8746 110.407
645000 37.1102 37.9297 37.9257 112.966
646000 37.6963 39.0552 38.3516 115.103
647000 38.1882 39.8422 39.2817 117.312
648000 39.3925 40.5417 40.3154 120.25
649000 40.805 41.6355 41.3983 123.839
650000 41.5522 42.8794 42.3814 126.813
651000 42.2025 44.0932 42.9943 129.29
652000 43.0098 44.915 43.6975 131.622
653000 44.2583 45.7715 45.0345 135.064
654000 45.1944 46.7718 45.6573 137.623
655000 46.3604 46.9269 46.1924 139.48
656000 47.2988 47.4975 47.38 142.176
657000 47.9028 47.9275 48.5681 144.398
658000 49.0265 48.4564 49.2035 146.686
659000 49.9089 49.4627 49.1577 148.529
660000 50.9887 50.4396 49.7402 151.169
661000 51.1836 51.5858 50.3817 153.151
662000 51.8065 52.8801 51.3544 156.041
663000 52.0991 53.1492 51.6729 156.921
664000 52.8284 54.1221 52.2004 159.151
665000 53.499 55.055 52.9088 161.463
666000 54.8775 55.6463 53.982 164.506
667000 56.3206 56.2509 55.2392 167.811
668000 57.7938 57.3586 56.4505 171.603
669000 59.4809 58.4774 57.8666 175.825
670000 60.3597 59.3051 58.1585 177.823
671000 61.3945 60.0451 58.9815 180.421
672000 62.5891 60.6959 60.816 184.101
673000 63.3232 61.501 62.0721 186.896
674000 64.4854 62.8422 63.5523 190.88
675000 65.0423 63.4712 64.4414 192.955
676000 65.134 63.3595 65.455 193.948
677000 66.1212 64.8021 66.4844 197.408
678000 66.9156 66.1846 66.6765 199.777
679000 68.6855 67.1738 67.565 203.424
680000 69.9403 68.4291 68.5212 206.891
681000 69.6895 68.8457 69.2862 207.821
682000 70.3322 69.8721 70.2507 210.455
683000 71.433 71.4109 70.4369 213.281
684000 72.7522 72.898 71.8739 217.524
685000 74.1481 74.315 73.5414 222.004
686000 75.0957 74.7418 73.9884 223.826
687000 76.1886 75.5486 75.1186 226.856
688000 76.7934 76.7071 76.2011 229.702
689000 76.8086 77.7529 76.899 231.461
690000 78.6031 78.9223 77.9793 235.505
691000 78.6621 78.6476 78.3664 235.676
692000 79.5557 78.7497 79.1087 237.414
693000 81.1106 79.9176 79.2978 240.326
694000 81.89 81.4174 80.4625 243.77
695000 83.0958 82.5198 82.0789 247.695
696000 84.4823 82.9928 82.4984 249.973
697000 85.0054 83.99 83.3699 252.365
698000 86.626 85.624 84.5065 256.757
699000 87.4259 86.083 84.6898 258.199
700000 88.8023 87.2158 85.6762 261.694
701000 89.7561 88.2575 86.4674 264.481
702000 90.637 89.2583 87.0978 266.993
703000 91.551 90.3155 88.3129 270.179
704000 92.0226 90.9201 89.8376 272.78
705000 92.9122 92.2323 91.6502 276.795
706000 93.9024 93.3333 92.5559 279.792
707000 94.798 93.8801 93.2092 281.887
708000 95.0009 94.8706 93.6937 283.565
709000 95.3687 95.0921 94.616 285.077
710000 96.2056 96.0413 95.2371 287.484
711000 97.3328 96.7735 95.6922 289.798
712000 99.2826 98.3923 96.8875 294.562
713000 99.3979 98.7025 97.1847 295.285
714000 100.174 98.3289 97.7435 296.246
715000 100.651 99.3813 98.0452 298.078
716000 101.381 100.621 99.2127 301.215
717000 102.179 101.394 100.352 303.924
718000 102.261 101.308 101.295 304.864
719000 102.504 101.729 101.43 305.663
720000 103.556 103.637 102.881 310.073
721000 105.521 104.759 103.841 314.122
722000 106.272 105.905 103.277 315.455
723000 106.87 106.143 103.6 316.612
724000 108.461 106.006 104.218 318.685
725000 109.38 107.151 104.775 321.305
726000 109.812 107.934 104.918 322.665
727000 110.85 108.438 105.693 324.982
728000 111.159 109.696 106.806 327.66
729000 112.538 110.303 107.863 330.705
730000 113.782 111.013 108.966 333.762
731000 113.811 111.323 109.325 334.459
732000 115.133 112.064 109.303 336.5
733000 116 112.924 110.303 339.227
734000 116.075 113.379 110.04 339.494
735000 117.164 114.07 111.321 342.555
736000 118.839 115.143 113.034 347.016
737000 119.193 115.67 114.227 349.09
738000 118.749 116.14 116.346 351.234
739000 120.244 118.545 118.046 356.836
740000 120.933 119.885 118.997 359.815
741000 121.764 120.664 118.604 361.032
742000 122.292 121.615 119.988 363.894
743000 122.032 122.997 120.612 365.641
744000 122.961 124.641 121.709 369.311
745000 125.204 126.272 123.332 374.808
746000 126.079 127.486 124.133 377.698
747000 125.746 127.798 125.505 379.05
748000 125.576 126.976 125.815 378.367
749000 126.448 127.889 126.39 380.727
750000 128.879 129.273 127.871 386.023
751000 128.645 129.166 129.207 387.018
752000 129.161 129.846 129.958 388.965
753000 130.078 130.749 130.425 391.252
754000 130.226 131.456 131.801 393.483
755000 131.918 133.18 133.052 398.15
756000 132.805 134.682 134.101 401.588
757000 134.287 136.545 135.497 406.329
758000 136.054 137.834 137.285 411.173
759000 137.736 138.729 139.898 416.363
760000 137.462 138.472 139.888 415.822
761000 137.725 138.832 141.965 418.522
762000 139.677 139.907 143.788 423.372
763000 141.445 141.327 145.118 427.89
764000 140.726 140.651 145.648 427.025
765000 141.153 140.593 146.631 428.376
766000 141.522 140.318 146.352 428.192
767000 141.163 141.703 148.113 430.978
768000 142.211 141.88 148.89 432.98
769000 142.504 142.188 150.298 434.99
770000 144.674 143.303 152.629 440.606
771000 145.151 144.133 153.634 442.918
772000 146.332 144.475 155.157 445.964
773000 146.94 145.074 156.9 448.913
774000 147.262 146.112 157.595 450.969
775000 148.247 147.738 158.439 454.424
776000 148.326 148.95 159.561 456.837
777000 149.11 150.246 161.993 461.349
778000 151.361 150.867 162.289 464.516
779000 153.265 152.002 162.42 467.687
780000 153.567 152.626 164.076 470.269
781000 154.409 154.37 165.757 474.535
782000 154.384 153.951 165.605 473.941
783000 156.429 156.29 166.037 478.756
784000 156.74 156.606 165.055 478.401
785000 156.893 157.55 164.513 478.955
786000 156.971 157.791 164.601 479.363
787000 158.305 159.544 166.147 483.996
788000 160.176 161.678 167.967 489.821
789000 160.319 162.611 167.99 490.921
790000 161.394 163.446 168.102 492.942
791000 163.216 164.236 168.503 495.955
792000 163.415 164.351 169.414 497.18
793000 164.577 164.629 170.383 499.589
794000 165.735 165.927 170.458 502.119
795000 166.302 166.998 171.63 504.929
796000 167.422 167.417 172.496 507.334
797000 168.508 168.446 173.793 510.747
798000 169.331 169.285 174.568 513.184
799000 169.733 168.832 173.908 512.473
800000 170.841 170.42 175.002 516.262
801000 171.124 171.422 175.649 518.196
802000 172.157 172.953 176.108 521.219
803000 172.049 173.073 176.705 521.828
804000 172.954 173.761 176.886 523.601
805000 175.362 174.019 177.854 527.235
806000 178.156 175.853 179.499 533.508
807000 180.555 176.781 179.855 537.192
808000 181.129 175.723 180.282 537.134
809000 182.256 176.826 181.733 540.815
810000 184.09 178.064 183.138 545.293
811000 183.737 177.188 183.771 544.697
812000 184.744 177.616 184.294 546.654
813000 184.653 176.949 184.353 545.955
814000 184.994 176.524 184.501 546.02
815000 185.708 176.812 185.636 548.155
816000 186.829 178.515 188.628 553.973
817000 186.316 178.532 188.191 553.039
818000 185.507 178.896 189.192 553.595
819000 186.368 179.284 190.031 555.683
820000 187.429 180.887 191.883 560.199
821000 188.989 183.808 194.378 567.175
822000 190.743 185.35 195.234 571.327
823000 189.972 185.555 195.248 570.775
824000 190.657 185.262 196.006 571.926
825000 192.682 186.911 196.254 575.848
826000 192.992 187.409 196.548 576.949
827000 192.427 187.193 197.825 577.445
828000 192.564 186.979 198.244 577.787
829000 193.324 187.239 199.259 579.822
830000 193.059 187.446 200.419 580.923
831000 193.584 188.069 201.248 582.901
832000 193.97 188.911 201.386 584.267
833000 195.63 190.447 203.419 589.496
834000 195.337 191.186 203.793 590.316
835000 195.433 192.584 204.012 592.029
836000 197.072 195.132 205.718 597.921
837000 197.97 196.38 206.877 601.228
838000 199.624 198.24 208.435 606.298
839000 198.758 198.029 208.047 604.835
840000 200.084 198.61 209.136 607.829
841000 199.804 198.682 209.775 608.261
842000 200.256 199.325 210.383 609.963
843000 202.381 201.42 213.914 617.715
844000 202.672 202.257 214.902 619.831
845000 203.1 203.801 215.653 622.553
846000 203.49 204.631 215.689 623.81
847000 202.695 206.39 215.015 624.099
848000 203.191 207.377 214.577 625.146
849000 203.361 207.258 214.952 625.571
850000 203.905 208.131 215.231 627.267
851000 204.562 209.819 215.826 630.207
852000 205.028 210.331 215.994 631.353
853000 205.915 211.627 216.989 634.532
854000 206.804 212.49 217.582 636.877
855000 208.054 213.802 218.557 640.414
856000 209.327 213.45 219.953 642.73
857000 210.859 215.961 221.962 648.783
858000 212.647 217.824 224.327 654.798
859000 212.667 218.818 225.314 656.799
860000 213.123 218.088 225.444 656.655
861000 214.622 219.41 227.618 661.65
862000 214.859 218.379 229.071 662.309
863000 215.908 219.239 229.969 665.116
864000 216.718 221.147 231.372 669.237
865000 216.797 221.088 232.527 670.413
866000 216.315 221.635 231.913 669.863
867000 215.945 221.792 232.639 670.376
868000 215.914 222.518 233.255 671.686
869000 215.678 222.881 233.383 671.942
870000 215.881 221.882 233.637 671.4
871000 215.414 224.213 234.476 674.103
872000 215.778 224.045 234.648 674.471
873000 217.934 225.84 236.437 680.212
874000 219.053 227.689 237.934 684.676
875000 218.997 226.927 238.137 684.061
876000 220.401 228.023 239.673 688.097
877000 221.966 228.664 241.402 692.032
878000 221.416 227.196 241.282 689.894
879000 221.244 227.521 241.736 690.501
880000 223.496 229.093 243.644 696.234
881000 225 230.705 242.828 698.534
882000 227.598 233.546 245.068 706.212
883000 227.048 233.873 244.393 705.314
884000 227.738 235.657 245.693 709.088
885000 229.766 236.644 246.618 713.028
886000 229.115 237.037 246.698 712.85
887000 229.179 237.483 247.906 714.568
888000 229.944 239.129 248.623 717.695
889000 230.999 240.549 247.749 719.298
890000 233.254 242.439 249.292 724.986
891000 235.097 242.563 250.337 727.997
892000 234.451 243.141 250.134 727.727
893000 234.872 245.071 251.499 731.442
894000 236.22 246.508 251.331 734.058
895000 237.599 248.781 253.068 739.448
896000 238.096 248.821 254.66 741.576
897000 237.957 247.901 255.002 740.86
898000 238.906 248.363 255.724 742.993
899000 241.248 250.124 256.264 747.637
900000 244.152 251.908 259.438 755.497
901000 245.659 252.563 261.841 760.063
902000 245.396 252.826 261.448 759.67
903000 244.656 252.719 261.284 758.658
904000 246.091 255.172 262.535 763.798
905000 247.815 258.481 263.991 770.287
906000 248.146 258.196 264.626 770.968
907000 248.483 259.847 265.547 773.877
908000 246.929 259.419 266.191 772.539
909000 248.019 259.557 267.195 774.771
910000 249.339 262.081 269.697 781.117
911000 250.788 263.343 270.38 784.511
912000 250.986 263.981 270.88 785.847
913000 251.782 264.202 271.156 787.14
914000 253.261 264.878 271.364 789.502
915000 255.759 267.878 273.425 797.061
916000 255.433 267.968 273.499 796.901
917000 255.351 269.47 272.185 797.007
918000 256.485 271.818 274.041 802.343
919000 257.619 272.962 275.253 805.835
920000 258.197 273.64 276.314 808.151
921000 257.897 273.385 274.907 806.189
922000 259.109 274.408 276.433 809.95
923000 258.892 275.406 276.918 811.216
924000 259.99 276.887 278.292 815.168
925000 261.372 277.561 280.757 819.691
926000 262.479 278.359 281.356 822.194
927000 264.456 279.511 280.961 824.927
928000 264.187 280.97 281.979 827.136
929000 263.802 281.146 282.675 827.623
930000 265.912 281.919 285.019 832.85
931000 266.429 280.536 286.043 833.008
932000 266.806 278.907 285.244 830.956
933000 268.546 281.277 287.905 837.728
934000 268.702 281.787 288.536 839.024
935000 271.395 283.643 289.799 844.836
936000 274.237 287.427 291.359 853.024
937000 275.341 290.44 292.487 858.268
938000 275.82 290.622 292.758 859.2
939000 277.904 293.588 295.693 867.185
940000 278.89 295.099 296.076 870.065
941000 279.118 295.142 295.788 870.048
942000 277.948 294.155 296.376 868.48
943000 279.214 295.054 297.193 871.46
944000 281.441 296.209 298.789 876.439
945000 282.744 297.378 299.009 879.131
946000 285.345 299.641 301.007 885.993
947000 286.964 300.293 301.89 889.146
948000 286.406 300.379 301.141 887.927
949000 287.068 300.564 301.381 889.012
950000 288.571 301.396 303.4 893.367
951000 288.83 302.182 304.017 895.029
952000 289.318 303.422 304.675 897.414
953000 289.614 305.903 306.463 901.981
954000 289.055 303.202 305.787 898.045
955000 291.94 303.387 307.916 903.243
956000 292.544 303.67 308.563 904.777
957000 294.544 305.97 310.522 911.036
958000 295.15 306.838 312.223 914.211
959000 295.37 307.913 311.941 915.224
960000 297.116 309.654 313.149 919.919
961000 296.739 309.09 312.817 918.646
962000 297.285 310.7 314.366 922.351
963000 299.307 310.611 313.45 923.368
964000 299.88 310.611 312.929 923.42
965000 301.864 310.746 315.22 927.831
966000 302.684 310.168 316.434 929.286
967000 301.759 309.371 316.6 927.73
968000 300.324 308.916 316.895 926.134
969000 301.077 312.679 319.193 932.949
970000 300.894 311.926 319.666 932.485
971000 300.813 311.884 320.522 933.219
972000 301.615 313.747 322.121 937.483
973000 302.211 315.847 322.829 940.887
974000 303.439 318.741 324.123 946.303
975000 301.817 318.014 322.57 942.4
976000 303.667 318.986 322.648 945.301
977000 305.206 319.615 323.939 948.76
978000 305.896 320.852 324.754 951.502
979000 309.282 324.898 327.637 961.817
980000 309.857 325.476 328.064 963.398
981000 311.073 326.344 330.184 967.602
982000 311.207 327.02 331.286 969.512
983000 311.93 328.815 331.394 972.139
984000 312.675 330.798 332.463 975.936
985000 312.288 330.241 332.646 975.175
986000 313.302 330.134 332.732 976.167
987000 316.839 333.046 334.973 984.857
988000 314.835 331.699 334.888 981.422
989000 314.656 331.309 335.862 981.827
990000 316.534 332.001 337.868 986.403
991000 317.167 331.304 337.27 985.74
992000 317.395 331.484 338.884 987.763
993000 315.672 331.019 338.972 985.664
994000 315.863 331.016 340.366 987.245
995000 317.185 330.368 341.855 989.409
996000 317.783 330.649 342.305 990.737
997000 317.074 331.188 342.106 990.368
998000 317.785 331.566 341.988 991.34
999000 319.588 333.622 343.185 996.395
1000000 320.86 335.12 343.266 999.246
1001000 322.608 336.487 344.112 1003.21
1002000 322.731 337.121 345.666 1005.52
1003000 322.127 338.208 345.513 1005.85
1004000 323.413 339.892 346.446 1009.75
1005000 324.979 340.851 347.438 1013.27
1006000 326.915 343.33 349.222 1019.47
1007000 327.961 342.004 348.741 1018.71
1008000 329.328 342.145 350.859 1022.33
1009000 329.047 341.493 351.088 1021.63
1010000 329.533 342.404 351.381 1023.32
1011000 330.34 343.48 353.518 1027.34
1012000 331.111 344.934 355.338 1031.38
1013000 332.566 347.247 357.906 1037.72
1014000 334.188 348.565 359.944 1042.7
1015000 332.225 346.802 358.715 1037.74
1016000 333.901 347.721 359.043 1040.66
1017000 334.173 348.767 359.885 1042.82
1018000 333.171 348.966 360.038 1042.17
1019000 333.481 349.453 359.79 1042.72
1020000 333.895 350.02 360.59 1044.51
1021000 334.89 350.754 363.1 1048.74
1022000 336.265 350.419 362.723 1049.41
1023000 337.502 352.341 363.679 1053.52
1024000 336.722 350.904 362.611 1050.24
1025000 338.317 350.777 363.667 1052.76
1026000 339.457 350.98 364.87 1055.31
1027000 339.802 352.352 364.653 1056.81
1028000 339.759 350.846 363.333 1053.94
1029000 341.689 350.549 366.237 1058.48
1030000 343.287 351.625 367.165 1062.08
1031000 345.429 350.563 366.956 1062.95
1032000 345.361 349.303 366.505 1061.17
1033000 346.89 350.925 368.411 1066.22
1034000 348.105 351.57 369.026 1068.7
1035000 348.922 350.376 368.837 1068.14
1036000 350.941 351.192 367.858 1069.99
1037000 351.104 352.141 368.129 1071.37
1038000 350.694 352.263 370.785 1073.74
1039000 351.968 351.901 370.267 1074.14
1040000 353.801 354.254 372.069 1080.12
1041000 356.326 356.022 374.078 1086.43
1042000 357.405 357.446 373.931 1088.78
1043000 358.669 357.233 375.42 1091.32
1044000 359.406 357.321 375.668 1092.39
1045000 359.902 357.681 376.412 1094
1046000 360.733 358.812 379.172 1098.72
1047000 362.501 360.123 380.397 1103.02
1048000 365.566 361.492 383.119 1110.18
1049000 366.489 362.009 384.294 1112.79
1050000 365.195 361.032 385.356 1111.58
1051000 365.802 362.344 386.661 1114.81
1052000 365.695 362.828 386.607 1115.13
1053000 365.062 361.952 386.809 1113.82
1054000 365.777 363.529 387.929 1117.23
1055000 365.985 364.228 389.43 1119.64
1056000 366.741 366.384 391.208 1124.33
1057000 369.439 369.366 392.991 1131.8
1058000 369.823 368.526 393.547 1131.9
1059000 369.96 368.928 392.734 1131.62
1060000 372.633 370.355 393.297 1136.29
1061000 375.472 371.48 395.816 1142.77
1062000 376.217 370.324 394.922 1141.46
1063000 376.526 371.182 395.478 1143.19
1064000 376.873 368.863 395.886 1141.62
1065000 379.949 371.293 400.111 1151.35
1066000 381.278 371.85 401.262 1154.39
1067000 382.764 373.306 402.822 1158.89
1068000 382.682 373.532 403.567 1159.78
1069000 383.32 374.116 402.409 1159.84
1070000 384.447 375.659 403.381 1163.49
1071000 383.848 373.963 402.258 1160.07
1072000 385.186 375.937 403.166 1164.29
1073000 387.08 377.153 405.133 1169.37
1074000 388.555 380.318 406.409 1175.28
1075000 386.178 379.501 404.903 1170.58
1076000 386.896 379.812 406.238 1172.95
1077000 387.048 380.282 406.858 1174.19
1078000 388.135 381.44 406.719 1176.29
1079000 390.002 383.786 408.783 1182.57
1080000 390.746 386.012 409.63 1186.39
1081000 391.493 387.252 411.325 1190.07
1082000 390.284 386.608 409.614 1186.51
1083000 390.508 386.984 409.579 1187.07
1084000 390.137 387.155 409.669 1186.96
1085000 389.019 387.633 410.57 1187.22
1086000 391.297 389.709 412.311 1193.32
1087000 391.245 390.313 412.991 1194.55
1088000 392.874 392.135 415.756 1200.77
1089000 392.613 391.624 415.936 1200.17
1090000 392.731 393.717 416.34 1202.79
1091000 394.1 394.312 415.944 1204.36
1092000 394.526 395.493 416.833 1206.85
1093000 397.55 397.18 419.005 1213.73
1094000 398.239 398.403 419.243 1215.89
1095000 398.966 400.944 421.71 1221.62
1096000 398.399 400.802 421.475 1220.68
1097000 399.044 401.919 420.984 1221.95
1098000 398.806 399.237 421.427 1219.47
1099000 401.308 399.762 423.7 1224.77
1100000 401.626 399.622 423.58 1224.83
1101000 405.256 403.023 427.236 1235.52
1102000 407.244 403.27 428.858 1239.37
1103000 409.698 404.603 431.037 1245.34
1104000 409.208 404.985 431.412 1245.61
1105000 411.563 407.685 432.92 1252.17
1106000 411.18 408.057 433.489 1252.73
1107000 408.227 407.405 431.547 1247.18
1108000 412.768 411.546 434.842 1259.16
1109000 412.569 412.877 436.213 1261.66
1110000 414.419 414.628 437.487 1266.53
1111000 414.163 415.259 438.292 1267.71
1112000 417.842 419.73 442.185 1279.76
1113000 417.553 420.115 441.589 1279.26
1114000 418.127 420.582 443.674 1282.38
1115000 417.628 420.084 444.014 1281.73
1116000 418.531 421.035 444.566 1284.13
1117000 419.637 421.56 447.473 1288.67
1118000 419.54 421.337 447.049 1287.93
1119000 418.295 420.603 445.28 1284.18
1120000 420.793 421.781 447.64 1290.21
1121000 422.938 422.258 450.197 1295.39
1122000 420.699 422.264 450.651 1293.61
1123000 422.853 426.448 454.106 1303.41
1124000 422.031 426.09 453.288 1301.41
1125000 424.033 426.567 454.818 1305.42
1126000 427.397 429.542 457.158 1314.1
1127000 426.935 428.338 455.099 1310.37
1128000 429.217 430.733 458.093 1318.04
1129000 430.678 431.808 460.08 1322.57
1130000 430.626 432.407 461.069 1324.1
1131000 430.817 433.603 462.135 1326.56
1132000 429.962 432.604 462.922 1325.49
1133000 431.672 434.618 463.875 1330.16
1134000 430.908 434.28 464.001 1329.19
1135000 431.933 435.339 466.924 1334.2
1136000 434.352 437.864 469.115 1341.33
1137000 434.399 438.786 471.771 1344.96
1138000 434.203 439.451 473.896 1347.55
1139000 434.476 441.391 476.257 1352.12
1140000 435.078 442.617 476.589 1354.28
1141000 436.309 443.871 479.302 1359.48
1142000 437.386 444.513 479.421 1361.32
1143000 439.888 448.181 484.188 1372.26
1144000 440.037 449.586 485.072 1374.7
1145000 442.697 452.022 489.725 1384.44
1146000 442.209 453.02 490.007 1385.24
1147000 441.629 452.403 488.623 1382.65
1148000 441.786 454.547 489.818 1386.15
1149000 441.434 453.886 490.643 1385.96
1150000 441.77 455.374 491.761 1388.91
1151000 442.421 456.932 493.187 1392.54
1152000 443.504 459.423 494.698 1397.62
1153000 443.392 460.604 496.363 1400.36
1154000 445.75 463.719 499.881 1409.35
1155000 444.743 464.425 498.502 1407.67
1156000 443.732 467.253 498.338 1409.32
1157000 444.51 467.009 497.993 1409.51
1158000 444.014 466.488 497.109 1407.61
1159000 442.705 465.389 496.103 1404.2
1160000 446.686 468.819 499.034 1414.54
1161000 450.771 474.751 503.206 1428.73
1162000 448.992 472.129 502.472 1423.59
1163000 448.492 469.47 501.045 1419.01
1164000 450.179 469.752 503.26 1423.19
1165000 453.269 470.672 506.203 1430.15
1166000 453.917 471.119 505.716 1430.75
1167000 455.319 476.004 507.19 1438.51
1168000 453.124 475.662 504.422 1433.21
1169000 454.484 477.456 505.744 1437.68
1170000 456.844 478.779 510.085 1445.71
1171000 458.727 480.445 514.875 1454.05
1172000 460.348 481.534 517.214 1459.1
1173000 460.708 481.068 515.189 1456.97
1174000 460.158 480.232 514.823 1455.21
1175000 461.194 481.71 516.871 1459.77
1176000 462.907 482.049 518.175 1463.13
1177000 462.129 482.659 518.808 1463.6
1178000 463.649 485.429 521.378 1470.46
1179000 467.233 488.812 523.856 1479.9
1180000 466.484 487.72 522.87 1477.07
1181000 468.532 488.871 522.988 1480.39
1182000 471.859 491.702 525.449 1489.01
1183000 475.036 494.043 525.868 1494.95
1184000 477.312 496.31 527.153 1500.77
1185000 475.476 494.119 523.201 1492.8
1186000 477.112 497.02 524.125 1498.26
1187000 478.697 499.813 525.664 1504.17
1188000 477.636 498.541 525.108 1501.28
1189000 482.094 503.359 529.198 1514.65
1190000 481.688 501.022 528.857 1511.57
1191000 482.897 503.114 529.835 1515.85
1192000 485.514 505.055 530.858 1521.43
1193000 486.56 504.701 531.917 1523.18
1194000 487.514 506.344 535.799 1529.66
1195000 489.867 510.553 538.652 1539.07
1196000 489.043 510.078 539.809 1538.93
1197000 491.39 511.089 542.8 1545.28
1198000 491.103 510.826 542.488 1544.42
1199000 489.32 510.088 541.869 1541.28
1200000 493.19 511.784 546.477 1551.45
1201000 495.007 513.103 546.155 1554.27
1202000 493.968 512.872 544.199 1551.04
1203000 496.712 516.542 547.449 1560.7
1204000 495.965 517.087 548.216 1561.27
1205000 495.905 517.391 550.739 1564.04
1206000 495.499 516.429 549.754 1561.68
1207000 495.2 517.2 548.884 1561.28
1208000 498.97 520.046 549.727 1568.74
1209000 499.983 518.331 550.342 1568.66
1210000 501.633 519.257 551.509 1572.4
1211000 499.395 518.843 549.292 1567.53
1212000 499.555 519.704 549.641 1568.9
1213000 501.412 519.853 550.175 1571.44
1214000 505.424 523.567 552.553 1581.54
1215000 502.864 521.06 550.065 1573.99
1216000 504.432 520.909 549.695 1575.04
1217000 506.313 522.492 552.104 1580.91
1218000 508.502 524.252 556.085 1588.84
1219000 512.319 526.459 556.796 1595.57
1220000 511.529 527.526 558.205 1597.26
1221000 512.259 527.642 559.782 1599.68
1222000 512.627 525.1 558.866 1596.59
1223000 513.049 527.824 559.959 1600.83
1224000 514.193 526.254 558.328 1598.78
1225000 514.086 525.309 558.31 1597.7
1226000 515.086 527.647 560.246 1602.98
1227000 515.392 528.112 560.719 1604.22
1228000 515.547 529.865 560.879 1606.29
1229000 513.515 528.616 559.567 1601.7
1230000 515.696 529.332 560.518 1605.55
1231000 517.087 529.527 561.047 1607.66
1232000 519.863 531.877 565.015 1616.76
1233000 519.934 531.314 564.97 1616.22
1234000 521.096 532.202 565.688 1618.99
1235000 517.965 531.136 562.781 1611.88
1236000 521.749 534.118 564.331 1620.2
1237000 520.647 531.347 561.737 1613.73
1238000 520.578 531.546 563.456 1615.58
1239000 523.12 532.01 566.732 1621.86
1240000 522.612 531.586 564.672 1618.87
1241000 526.33 536.606 566.769 1629.7
1242000 526.216 534.581 564.131 1624.93
1243000 529.717 538.472 566.495 1634.68
1244000 529.798 540.055 566.762 1636.62
1245000 528.036 539.237 566.988 1634.26
1246000 528.643 537.79 567.979 1634.41
1247000 530.505 538.145 568.643 1637.29
1248000 533.193 540.506 569.935 1643.63
1249000 533.447 541.898 570.316 1645.66
1250000 533.059 542.23 568.771 1644.06
1251000 537.582 546.184 573.214 1656.98
1252000 538.903 546.54 573.76 1659.2
1253000 536.162 547.155 572.52 1655.84
1254000 537.068 547.237 573.472 1657.78
1255000 538.137 547.977 573.452 1659.57
1256000 540.776 550.939 574.352 1666.07
1257000 542.913 552.23 574.095 1669.24
1258000 544.103 552.888 572.582 1669.57
1259000 542.492 550.126 572 1664.62
1260000 540.368 549.911 571.412 1661.69
1261000 543.105 553.768 575.202 1672.07
1262000 544.206 551.496 574.77 1670.47
1263000 545.736 552.946 576.134 1674.82
1264000 544.59 553.363 574.686 1672.64
1265000 545.705 555.541 574.74 1675.99
1266000 546.228 555.385 576.301 1677.91
1267000 547.548 554.724 575.984 1678.26
1268000 549.145 555.447 577.689 1682.28
1269000 549.076 553.623 577.01 1679.71
1270000 552.313 556.924 581.67 1690.91
1271000 552.32 556.86 582.27 1691.45
1272000 553.028 557.742 584.157 1694.93
1273000 554.494 559.514 587.169 1701.18
1274000 554.747 559.928 588.937 1703.61
1275000 556.135 562.449 590.101 1708.68
1276000 558.047 564.566 592.878 1715.49
1277000 559.075 565.948 593.727 1718.75
1278000 557.98 567.078 595.214 1720.27
1279000 558.336 567.802 597.972 1724.11
1280000 556.998 567.042 594.881 1718.92
1281000 556.199 566.554 592.683 1715.44
1282000 558.056 569.355 594.197 1721.61
1283000 556.794 568.531 592.325 1717.65
1284000 561.027 569.506 595.118 1725.65
1285000 560.783 569.851 596.741 1727.37
1286000 561.061 571.749 598.228 1731.04
1287000 559.899 570.042 595.221 1725.16
1288000 561.869 572.269 598.555 1732.69
1289000 559.986 570.508 598.384 1728.88
1290000 560.855 573.61 599.657 1734.12
1291000 563.27 576.698 602.323 1742.29
1292000 566.211 578.385 606.098 1750.69
1293000 568.164 579.13 609.075 1756.37
1294000 567.366 577.221 605.932 1750.52
1295000 570.409 579.741 606.81 1756.96
1296000 568.304 581.286 606.888 1756.48
1297000 567.159 582.179 608.14 1757.48
1298000 568.462 582.101 610.304 1760.87
1299000 569.599 585.933 612.12 1767.65
1300000 572.193 590.249 613.396 1775.84
1301000 574.38 593.365 614.818 1782.56
1302000 572.612 590.493 610.741 1773.85
1303000 572.291 592.951 612.838 1778.08
1304000 574.8 595.893 616.013 1786.71
1305000 574.966 595.913 619.003 1789.88
1306000 574.995 598.637 621.119 1794.75
1307000 577.392 602.603 624.855 1804.85
1308000 576.953 601.569 623.553 1802.07
1309000 576.22 601.603 622.768 1800.59
1310000 577.609 604.849 625.627 1808.08
1311000 579.555 604.939 625.339 1809.83
1312000 580.685 605.281 627.669 1813.63
1313000 580.012 607.581 627.171 1814.76
1314000 583.413 613.01 629.227 1825.65
1315000 586.76 616.641 632.322 1835.72
1316000 583.957 615.813 632.351 1832.12
1317000 583.097 613.347 633.327 1829.77
1318000 585.706 615.459 636.001 1837.17
1319000 584.463 614.755 637.668 1836.89
1320000 584.061 613.331 637.721 1835.11
1321000 584.305 615.597 637.855 1837.76
1322000 583.748 615.653 638.397 1837.8
1323000 587.445 619.754 643.072 1850.27
1324000 586.575 618.256 642.295 1847.13
1325000 589.885 621.981 646.134 1858
1326000 586.686 619.602 643.702 1849.99
1327000 591.172 622.999 647.767 1861.94
1328000 591.322 622.632 647.871 1861.82
1329000 592.994 623.146 649.596 1865.74
1330000 594.319 624.022 650.062 1868.4
1331000 596.343 626.924 653.627 1876.89
1332000 597.394 628.107 654.633 1880.13
1333000 598.639 627.288 654.773 1880.7
1334000 596.907 624.992 654.38 1876.28
1335000 597.086 626.021 655.316 1878.42
1336000 593.998 629.462 653.137 1876.6
1337000 593.547 629.164 653.628 1876.34
1338000 598.233 634.235 657.211 1889.68
1339000 600.018 636.182 659.541 1895.74
1340000 598.227 635.155 659.1 1892.48
1341000 595.648 633.435 659.609 1888.69
1342000 600.582 636.13 664.492 1901.2
1343000 600.025 634.83 664.934 1899.79
1344000 600.305 635.415 664.497 1900.22
1345000 599.393 636.439 662.907 1898.74
1346000 600.302 637.272 664.606 1902.18
1347000 600.715 637.503 665.372 1903.59
1348000 600.274 637.791 666.869 1904.93
1349000 602.612 639.541 668.387 1910.54
1350000 605.322 642.386 670.538 1918.25
1351000 607.498 643.537 670.037 1921.07
1352000 608.391 643 669.5 1920.89
1353000 605.914 641.597 665.84 1913.35
1354000 608.804 645.386 667.922 1922.11
1355000 608.994 645.516 666.896 1921.41
1356000 612.603 649.681 672.463 1934.75
1357000 615.058 649.454 674.137 1938.65
1358000 617.471 650.943 675.641 1944.05
1359000 615.48 649.054 673.94 1938.47
1360000 618.787 651.521 676.035 1946.34
1361000 618.992 652.697 678.708 1950.4
1362000 617.14 653.077 677.685 1947.9
1363000 616.493 655.919 679.252 1951.66
1364000 618.781 656.395 681.037 1956.21
1365000 622.022 658.368 683.376 1963.77
1366000 622.89 656.308 681.989 1961.19
1367000 620.188 652.236 679.212 1951.64
1368000 624.628 656.261 686.139 1967.03
1369000 625.725 657.228 687.09 1970.04
1370000 627.265 656.209 687.384 1970.86
1371000 629.437 656.64 688.152 1974.23
1372000 630.499 657.129 690.649 1978.28
1373000 628.273 654.563 689.662 1972.5
1374000 631.421 656.627 693.294 1981.34
1375000 631.907 654.587 693.266 1979.76
1376000 635.842 659.076 698.932 1993.85
1377000 636.57 658.427 697.925 1992.92
1378000 635.974 656.04 696.063 1988.08
1379000 638.732 657.083 696.982 1992.8
1380000 639.818 658.388 697.815 1996.02
1381000 639.274 653.406 695.973 1988.65
1382000 640.916 653.752 699.934 1994.6
1383000 641.608 652.004 698.21 1991.82
1384000 641.917 652.004 698.824 1992.75
1385000 643.573 654.288 699.814 1997.68
1386000 644.216 653.207 697.133 1994.56
1387000 644.616 651.593 696.144 1992.35
1388000 647.843 653.329 701.081 2002.25
1389000 649.518 655.059 700.906 2005.48
1390000 650.573 655.593 701.625 2007.79
1391000 650.156 654.662 700.132 2004.95
1392000 649.434 654.307 700.978 2004.72
1393000 650.414 654.565 701.011 2005.99
1394000 649.953 657.817 700.811 2008.58
1395000 647.469 656.568 698.191 2002.23
1396000 649.822 659.472 702.784 2012.08
1397000 653.446 661.869 706.604 2021.92
1398000 653.713 661.958 707.651 2023.32
1399000 656.176 662.64 709.181 2028
1400000 656.505 661.136 708.701 2026.34
1401000 656.8 661.198 707.738 2025.74
1402000 656.644 661.208 709.763 2027.62
1403000 656.486 661.382 709.514 2027.38
1404000 656.883 662.557 712.498 2031.94
1405000 656.804 661.608 712.565 2030.98
1406000 659.091 662.338 714.653 2036.08
1407000 661.769 663.905 716.654 2042.33
1408000 662.206 666.191 716.989 2045.39
1409000 661.741 669.926 719.737 2051.4
1410000 661.646 669.443 721.731 2052.82
1411000 662.625 670.248 725.204 2058.08
1412000 664.156 671.341 726.42 2061.92
1413000 665.001 671.878 725.312 2062.19
1414000 666.08 670.689 724.599 2061.37
1415000 664.828 670.994 725.54 2061.36
1416000 666.798 673.844 726.615 2067.26
1417000 668.121 675.204 727.614 2070.94
1418000 669.463 674.906 729.5 2073.87
1419000 670.79 675.722 731.222 2077.73
1420000 672.235 676.025 735.896 2084.16
1421000 674.081 679.693 739.569 2093.34
1422000 671.601 676.665 736.587 2084.85
1423000 673.247 680.673 738.984 2092.9
1424000 673.907 681.573 738.521 2094
1425000 675.673 683.197 739.48 2098.35
1426000 675.739 683.729 740.014 2099.48
1427000 677.933 685.145 741.645 2104.72
1428000 675.057 682.75 739.098 2096.9
1429000 673.54 681.585 736.794 2091.92
1430000 679.074 686.508 738.376 2103.96
1431000 681.237 685.974 738.985 2106.2
1432000 686.426 688.236 742.933 2117.59
1433000 688.973 689.056 744.915 2122.94
1434000 689.759 690.211 745.951 2125.92
1435000 692.353 692.042 749.324 2133.72
1436000 694.227 691.465 750.469 2136.16
1437000 693.819 690.173 745.799 2129.79
1438000 697.372 693.386 746.213 2136.97
1439000 699.896 694.99 747.199 2142.08
1440000 703.057 696.987 747.542 2147.59
1441000 706.005 701.549 750.052 2157.61
1442000 704.743 700.258 748.616 2153.62
1443000 702.85 698.978 748.868 2150.7
1444000 703.857 698.002 747.781 2149.64
1445000 707.125 698.304 747.778 2153.21
1446000 710.349 701.496 750.658 2162.5
1447000 708.855 702.216 751.081 2162.15
1448000 710.456 703.58 752.905 2166.94
1449000 713.073 706.193 753.753 2173.02
1450000 711.358 704.172 749.339 2164.87
1451000 712.713 706.681 751.002 2170.4
1452000 708.392 704.292 748.171 2160.86
1453000 713.285 710.512 753.006 2176.8
1454000 711.911 710.644 753.133 2175.69
1455000 711.881 714.358 755.181 2181.42
1456000 711.105 715.923 755.376 2182.4
1457000 714.304 720.562 760.232 2195.1
1458000 715.698 720.581 759.362 2195.64
1459000 719.422 721.536 761.987 2202.95
1460000 719.217 720.474 760.571 2200.26
1461000 720.497 721.679 761.266 2203.44
1462000 718.488 720.167 760.606 2199.26
1463000 720.609 721.389 762.083 2204.08
1464000 723.065 724.491 762.275 2209.83
1465000 721.481 722.201 762.086 2205.77
1466000 725.369 722.251 765.534 2213.15
1467000 726.033 721.414 765.088 2212.54
1468000 725.884 722 765.543 2213.43
1469000 727.086 726.68 770.259 2224.03
1470000 722.23 722.814 766.205 2211.25
1471000 722.58 723.966 766.266 2212.81
1472000 725.115 727.648 770.626 2223.39
1473000 726.311 729.977 770.29 2226.58
1474000 725.65 731.408 766.131 2223.19
1475000 729.243 734.856 770.315 2234.41
1476000 731.78 736.193 773.346 2241.32
1477000 728.964 734.015 771.919 2234.9
1478000 733.584 739.755 777.111 2250.45
1479000 731.039 739.668 774.716 2245.42
1480000 730.984 738.305 771.982 2241.27
1481000 735.292 744.731 775.255 2255.28
1482000 739.749 749.054 777.409 2266.21
1483000 740.929 747.076 775.939 2263.94
1484000 742.916 747.99 777.134 2268.04
1485000 739.598 745.417 773.8 2258.82
1486000 742.78 748.296 775.269 2266.35
1487000 742.426 750.152 775.16 2267.74
1488000 742.827 749.187 776.922 2268.94
1489000 742.503 746.55 776.723 2265.78
1490000 741.096 746.775 776.215 2264.09
1491000 741.808 745.534 775.965 2263.31
1492000 743.913 745.075 775.658 2264.65
1493000 748.598 749.646 777.677 2275.92
1494000 747.633 748.175 775.502 2271.31
1495000 751.925 750.851 779.871 2282.65
1496000 754.313 749.812 780.526 2284.65
1497000 754.799 749.544 780.137 2284.48
1498000 755.328 753.886 783.922 2293.14
1499000 752.271 752.059 781.905 2286.23
1500000 752.786 752.995 783.235 2289.02
1501000 755.883 757.068 788.663 2301.61
1502000 755.388 757.166 786.882 2299.44
1503000 756.401 760.99 786.798 2304.19
1504000 761.088 766.107 790.031 2317.23
1505000 761.359 767.093 789.629 2318.08
1506000 760.691 767.996 789.623 2318.31
1507000 759.722 766.202 788.668 2314.59
1508000 765.519 771.371 793.567 2330.46
1509000 759.726 769.365 788.404 2317.49
1510000 762.668 770.792 789.62 2323.08
1511000 765.04 771.755 791.018 2327.81
1512000 764.86 771.315 792.25 2328.43
1513000 764.24 772.076 792.422 2328.74
1514000 763.897 773.598 792.938 2330.43
1515000 764.188 772.595 791.704 2328.49
1516000 762.806 774.782 790.085 2327.67
1517000 763.739 777.769 793.505 2335.01
1518000 761.192 775.404 793.216 2329.81
1519000 763.551 777.41 798.486 2339.45
1520000 764.38 778.412 800.952 2343.74
1521000 766.594 779.819 803.149 2349.56
1522000 767.26 780.327 804.492 2352.08
1523000 769.469 781.683 804.627 2355.78
1524000 771.054 783.885 805.099 2360.04
1525000 773.029 788.393 807.232 2368.65
1526000 775.307 791.352 810.291 2376.95
1527000 777.617 794.376 812.263 2384.26
1528000 778.362 795.275 812.974 2386.61
1529000 779.784 795.46 814.282 2389.53
1530000 777.763 794.189 812.797 2384.75
1531000 778.597 796.646 812.776 2388.02
1532000 776.903 794.49 810.834 2382.23
1533000 776.13 794.219 812.053 2382.4
1534000 775.061 793.073 812.042 2380.18
1535000 778.823 797.653 816.079 2392.56
1536000 783.371 803.249 819.866 2406.49
1537000 778.19 798.149 815.352 2391.69
1538000 780.019 800.665 816.309 2396.99
1539000 782.247 802.116 819.102 2403.47
1540000 784.515 803.319 821.575 2409.41
1541000 784.895 805.195 820.703 2410.79
1542000 784.897 803.607 818.831 2407.33
1543000 787.359 804.311 820.887 2412.56
1544000 786.887 807.138 822.357 2416.38
1545000 790.766 808.434 823.526 2422.73
1546000 787.824 804.977 820.024 2412.83
1547000 790.326 808.922 824.778 2424.03
1548000 793.847 813.418 828.267 2435.53
1549000 795.877 816.16 829.748 2441.79
1550000 797.169 817.775 830.839 2445.78
1551000 795.707 817.701 831.343 2444.75
1552000 795.833 818.833 830.203 2444.87
1553000 800.133 824.601 835.703 2460.44
1554000 801.853 825.469 835.453 2462.78
1555000 805.566 825.877 835.808 2467.25
1556000 802.335 821.804 831.885 2456.02
1557000 802.665 819.501 832.485 2454.65
1558000 805.571 821.284 835.952 2462.81
1559000 812.806 828.222 844.766 2485.79
1560000 813.39 831.334 845.84 2490.56
1561000 814.348 833.398 846.529 2494.28
1562000 810.45 829.194 844.219 2483.86
1563000 809.873 828.04 842.499 2480.41
1564000 812.108 833.994 846.306 2492.41
1565000 811.479 834.831 847.312 2493.62
1566000 815.425 836.319 850.058 2501.8
1567000 816.933 835.329 851.199 2503.46
1568000 817.245 835.989 852.35 2505.58
1569000 815.96 835.226 851.864 2503.05
1570000 816.243 834.748 851.517 2502.51
1571000 817.203 836.885 851.85 2505.94
1572000 820.488 842.56 857.268 2520.32
1573000 822.211 845.159 859.942 2527.31
1574000 822.286 847.001 859.69 2528.98
1575000 821.031 847.225 860.589 2528.84
1576000 815.567 843.259 854.127 2512.95
1577000 819.098 847.045 858.627 2524.77
1578000 824.068 850.513 865.789 2540.37
1579000 822.951 849.114 864.996 2537.06
1580000 826.032 851.572 868.76 2546.36
1581000 827.081 853.231 870.402 2550.71
1582000 822.647 850.713 869.261 2542.62
1583000 820.207 846.905 864.25 2531.36
1584000 827.907 854.338 872.417 2554.66
1585000 827.176 854.02 872.072 2553.27
1586000 828.79 855.147 872.463 2556.4
1587000 830.35 853.644 872.599 2556.59
1588000 828.207 852.354 869.87 2550.43
1589000 826.594 850.627 867.729 2544.95
1590000 829.418 856.124 871.916 2557.46
1591000 832.421 857.003 872.433 2561.86
1592000 833.614 858.464 875.15 2567.23
1593000 835.312 859.445 875.096 2569.85
1594000 833.375 858.456 875.173 2567
1595000 832.4 858.162 873.131 2563.69
1596000 835.626 859.948 874.242 2569.82
1597000 837.489 861.971 876.842 2576.3
1598000 842.152 866.47 881.922 2590.54
1599000 842.186 867.545 881.834 2591.56
1600000 836.588 862.45 876.752 2575.79
1601000 839.235 865.413 880.581 2585.23
1602000 835.905 864.987 878.117 2579.01
1603000 835.722 865.672 878.432 2579.83
1604000 839.087 866.764 878.716 2584.57
1605000 836.998 867.233 879.356 2583.59
1606000 836.072 869.375 878.684 2584.13
1607000 837.501 872.945 882.067 2592.51
1608000 839.971 878.214 884.082 2602.27
1609000 840.838 878.41 884.355 2603.6
1610000 846.876 881.665 889.583 2618.12
1611000 847.428 882 889.305 2618.73
1612000 846.378 881.088 886.889 2614.36
1613000 845.881 881.549 887.055 2614.49
1614000 845.248 880.403 887.693 2613.34
1615000 851.828 885.901 894.074 2631.8
1616000 856.017 891.815 898.583 2646.41
1617000 855.507 889.698 897.06 2642.26
1618000 850.483 885.454 891.504 2627.44
1619000 852.361 886.216 894.616 2633.19
1620000 854.379 889.761 895.721 2639.86
1621000 855.256 892.167 896.48 2643.9
1622000 857.298 893.588 898.296 2649.18
1623000 856.62 892.935 898.588 2648.14
1624000 856.883 892.862 901.654 2651.4
1625000 857.508 895.726 902.075 2655.31
1626000 856.536 896.005 901.146 2653.69
1627000 859.503 898.527 905.27 2663.3
1628000 859.349 897.9 905.389 2662.64
1629000 860.298 898.832 904.707 2663.84
1630000 861.411 896.925 906.606 2664.94
1631000 865.854 902.166 912.802 2680.82
1632000 864.202 901.775 910.382 2676.36
1633000 867.345 905.635 912.392 2685.37
1634000 868.136 903.639 912.129 2683.9
1635000 873.328 906.157 914.698 2694.18
1636000 868.519 900.97 909.078 2678.57
1637000 870.571 902.52 909.248 2682.34
1638000 873.732 906.569 912.009 2692.31
1639000 875.287 909.409 916.724 2701.42
1640000 874.032 904.858 915.389 2694.28
1641000 879.837 910.508 920.353 2710.7
1642000 882.076 911.758 923.234 2717.07
1643000 886.268 913.861 924.391 2724.52
1644000 885.844 908.84 921.501 2716.19
1645000 883.984 908.207 918.586 2710.78
1646000 884.582 908.981 919.994 2713.56
1647000 885.518 911.912 922.511 2719.94
1648000 884.552 913.308 922.183 2720.04
1649000 884.634 915.314 923.952 2723.9
1650000 884.802 918.149 926.644 2729.6
1651000 886.765 920.33 931.4 2738.49
1652000 887.244 920.856 933.917 2742.02
1653000 889.126 920.843 936.488 2746.46
1654000 890.347 924.077 938.205 2752.63
1655000 890.278 925.528 937.177 2752.98
1656000 889.459 923.844 933.044 2746.35
1657000 891.097 926.449 933.827 2751.37
1658000 890.761 926.846 935.067 2752.67
1659000 887.661 926.045 933.15 2746.86
1660000 888.395 926.799 933.7 2748.89
1661000 887.429 927.162 931.943 2746.53
1662000 888.417 929.534 933.983 2751.93
1663000 890.803 933.158 937.341 2761.3
1664000 893.111 936.543 939.706 2769.36
1665000 898.463 938.533 941.677 2778.67
1666000 899.262 938.016 942.599 2779.88
1667000 898.24 937.466 942.005 2777.71
1668000 899.433 940.259 942.415 2782.11
1669000 899.465 940.012 941.3 2780.78
1670000 904.334 943.622 945.185 2793.14
1671000 903.335 943.055 945.029 2791.42
1672000 904.124 946.088 945.852 2796.06
1673000 900.006 942.032 942.521 2784.56
1674000 904.321 946.436 947.77 2798.53
1675000 901.879 945.654 947.629 2795.16
1676000 905.294 950.184 949.871 2805.35
1677000 906.009 949.954 948.032 2803.99
1678000 904.786 949.185 947.012 2800.98
1679000 908.836 953.717 948.51 2811.06
1680000 911.682 956.399 949.122 2817.2
1681000 910.382 951.976 946.887 2809.24
1682000 915.02 956.97 951.27 2823.26
1683000 915.562 960.213 953.736 2829.51
1684000 913.612 957.03 952.307 2822.95
1685000 909.839 955.38 952.594 2817.81
1686000 910.193 958.167 953.094 2821.45
1687000 911.991 957.726 956.204 2825.92
1688000 911.978 955.704 958.031 2825.71
1689000 914.538 953.742 957.28 2825.56
1690000 914.362 952.29 954.462 2821.11
1691000 921.665 959.311 960.484 2841.46
1692000 920.457 957.781 957.531 2835.77
1693000 917.615 954.049 954.787 2826.45
1694000 921.574 958.342 958.869 2838.79
1695000 920.444 958.456 957.92 2836.82
1696000 927.69 961.966 962.352 2852.01
1697000 927.788 960.856 962.21 2850.85
1698000 926.598 960.045 961.943 2848.59
1699000 926.023 959.565 960.762 2846.35
1700000 930.477 963.529 964.866 2858.87
1701000 932.699 963.298 964.984 2860.98
1702000 929.141 959.789 963.121 2852.05
1703000 925.652 957.123 961.928 2844.7
1704000 923.552 956.128 962.261 2841.94
1705000 924.292 958.503 962.988 2845.78
1706000 928.196 961.995 967.385 2857.58
1707000 927.751 962.228 968.54 2858.52
1708000 931.422 965.453 971.789 2868.66
1709000 929.765 964.218 969.781 2863.76
1710000 928.078 961.463 965.169 2854.71
1711000 928.233 964.358 965.847 2858.44
1712000 932.215 965.239 969.255 2866.71
1713000 931.779 963.081 967.027 2861.89
1714000 934.113 965.572 970.225 2869.91
1715000 937.855 967.64 972.735 2878.23
1716000 937.361 965.788 972.731 2875.88
1717000 938.86 970.168 974.103 2883.13
1718000 936.939 969.284 970.16 2876.38
1719000 939.829 969.885 974.119 2883.83
1720000 935.019 967.27 969.264 2871.55
1721000 932.953 964.745 967.567 2865.26
1722000 938.255 971.364 974.596 2884.22
1723000 940.675 974.115 978.082 2892.87
1724000 943.904 976.822 980.957 2901.68
1725000 945.302 980.644 980.826 2906.77
1726000 944.971 982.055 981.085 2908.11
1727000 943.824 981.342 979.892 2905.06
1728000 946.791 986.011 982.246 2915.05
1729000 948.948 987.765 981.753 2918.47
1730000 947.65 985.677 979.038 2912.36
1731000 953.368 991.264 983.637 2928.27
1732000 951.871 992.043 980.801 2924.72
1733000 950.644 990.481 981.485 2922.61
1734000 950.133 987.246 978.109 2915.49
1735000 954.692 988.041 981.766 2924.5
1736000 953.289 987.351 980.002 2920.64
1737000 961.051 997.98 987.115 2946.15
1738000 961.996 999.228 988.554 2949.78
1739000 959.071 997.179 984.99 2941.24
1740000 958.561 994.95 985.182 2938.69
1741000 961.07 996.078 985.521 2942.67
1742000 959.013 994.371 984.37 2937.75
1743000 956.291 991.035 983.523 2930.85
1744000 954.728 990.16 983.901 2928.79
1745000 956.567 993.316 986.972 2936.86
1746000 962.962 997.015 990.409 2950.39
1747000 966.825 997.948 991.462 2956.23
1748000 968.393 994.412 994.905 2957.71
1749000 968.501 994.331 996.018 2958.85
1750000 968.376 996.099 995.584 2960.06
1751000 970.938 998.435 997.484 2966.86
1752000 973.197 998.473 997.609 2969.28
1753000 971.002 994.827 993.159 2958.99
1754000 971.813 993.524 991.716 2957.05
1755000 973.962 994.988 991.24 2960.19
1756000 980.524 1000.03 996.265 2976.81
1757000 979.056 1001.24 997.348 2977.65
1758000 976.231 1002.06 996.896 2975.19
1759000 980.187 1006.21 999.899 2986.29
1760000 984.209 1011.23 1005.14 3000.58
1761000 980.748 1009.17 1004.4 2994.32
1762000 979.088 1008.31 1004.8 2992.2
1763000 979.978 1010.24 1004.51 2994.72
1764000 979.216 1009.18 1004.46 2992.86
1765000 978.996 1008.82 1004.56 2992.37
1766000 980.396 1012.2 1007.96 3000.56
1767000 979.983 1009.49 1006.26 2995.73
1768000 981.777 1013.75 1008.04 3003.57
1769000 984.347 1014.88 1011.32 3010.54
1770000 982.553 1014.7 1008.96 3006.22
1771000 984.409 1014.43 1007.47 3006.3
1772000 988.165 1020.95 1007.1 3016.22
1773000 987.241 1019.6 1005.47 3012.31
1774000 990.503 1018.71 1007.55 3016.77
1775000 991.34 1017.14 1009.32 3017.8
1776000 995.276 1019.35 1011.84 3026.46
1777000 997.867 1023.32 1015.88 3037.06
1778000 1003.39 1027.92 1022.77 3054.07
1779000 1002.6 1024.71 1020.95 3048.26
1780000 1003 1025.1 1022 3050.11
1781000 1004.27 1027.14 1023.66 3055.08
1782000 1008.79 1030.11 1026.01 3064.91
1783000 1006.94 1030.12 1023.37 3060.43
1784000 1005.21 1027.02 1020.67 3052.9
1785000 1008.17 1031.69 1024.04 3063.9
1786000 1009.05 1035.47 1025.16 3069.68
1787000 1006.66 1033.48 1027.48 3067.62
1788000 1008.14 1033.14 1028.91 3070.19
1789000 1010.47 1034.02 1033.22 3077.71
1790000 1011.73 1038.49 1034.69 3084.91
1791000 1011.64 1038.34 1033.27 3083.25
1792000 1014.49 1042.14 1034.84 3091.47
1793000 1015.67 1041.24 1036.4 3093.31
1794000 1016.44 1043.04 1036.82 3096.29
1795000 1018.02 1045.3 1038.17 3101.49
1796000 1020.5 1047.78 1039.04 3107.32
1797000 1021.83 1047.6 1042.36 3111.79
1798000 1016.29 1042.41 1038.75 3097.44
1799000 1018.53 1043.71 1040.14 3102.38
1800000 1015.64 1041.06 1040.05 3096.75
1801000 1017.69 1043.4 1043.58 3104.67
1802000 1015.74 1041.1 1039.94 3096.78
1803000 1020.39 1046.52 1044.38 3111.3
1804000 1018.17 1048.84 1041.81 3108.83
1805000 1022.47 1051.08 1043.08 3116.63
1806000 1023.11 1054.95 1045.9 3123.97
1807000 1023.31 1055.21 1045.78 3124.31
1808000 1021.48 1053.86 1044.13 3119.47
1809000 1022.53 1052.88 1046.31 3121.72
1810000 1028.52 1057.99 1051.12 3137.63
1811000 1028.96 1055.88 1049.54 3134.38
1812000 1033.49 1059.6 1054.38 3147.48
1813000 1033.17 1059.33 1056.54 3149.04
1814000 1031.81 1057.78 1056.4 3146
1815000 1028.58 1055.5 1055.42 3139.49
1816000 1030.98 1056.39 1056.98 3144.35
1817000 1034.41 1060.7 1060.22 3155.33
1818000 1032.68 1061.31 1058.99 3152.99
1819000 1029.1 1060.65 1056.27 3146.01
1820000 1033.6 1065.62 1062.07 3161.29
1821000 1033.04 1065.58 1060.17 3158.79
1822000 1030.07 1062.83 1057.43 3150.32
1823000 1035.6 1067.14 1060.55 3163.29
1824000 1034.36 1068.57 1060.21 3163.14
1825000 1033.97 1068.58 1060.07 3162.63
1826000 1037.97 1072.73 1067.34 3178.03
1827000 1035.03 1072.85 1066.47 3174.35
1828000 1033.43 1070.77 1064.41 3168.61
1829000 1035.43 1072.02 1066.15 3173.59
1830000 1038.97 1075.59 1069.53 3184.09
1831000 1036.77 1075.11 1068.3 3180.18
1832000 1036.47 1074.11 1066.98 3177.57
1833000 1036.46 1070.93 1062.61 3170.01
1834000 1043.63 1075.66 1069.22 3188.5
1835000 1043.53 1072.26 1066.22 3182.02
1836000 1044.4 1072.21 1065.7 3182.31
1837000 1046.4 1073.93 1067.08 3187.4
1838000 1050.04 1079.57 1070.28 3199.89
1839000 1051.77 1084.19 1070.92 3206.88
1840000 1053.09 1083.68 1070.17 3206.95
1841000 1061.08 1087.75 1075.24 3224.07
1842000 1059.45 1083.82 1073.08 3216.35
1843000 1059.14 1087.52 1076.59 3223.25
1844000 1054.02 1085.22 1073.74 3212.98
1845000 1061.34 1092.6 1080.12 3234.05
1846000 1059.41 1086.77 1074.92 3221.1
1847000 1059.12 1083.97 1071.52 3214.62
1848000 1056.65 1084.05 1072 3212.7
1849000 1059.4 1086.84 1072.44 3218.68
1850000 1059.66 1085.5 1071.43 3216.58
1851000 1065.84 1089.03 1076.21 3231.08
1852000 1066.12 1090.45 1075.1 3231.68
1853000 1067.73 1089.85 1075.56 3233.14
1854000 1061.91 1083.7 1069.77 3215.37
1855000 1066.84 1088.94 1072.58 3228.35
1856000 1069.33 1092.39 1073.2 3234.92
1857000 1073.49 1095.55 1078.08 3247.12
1858000 1077.59 1096.77 1078.77 3253.13
1859000 1078.16 1097.7 1079.5 3255.36
1860000 1075.42 1094.01 1073.73 3243.16
1861000 1080.62 1095.27 1074.67 3250.57
1862000 1083.49 1098.28 1076.55 3258.33
1863000 1085.4 1098.56 1075.01 3258.97
1864000 1088.39 1103.26 1079.33 3270.98
1865000 1087.36 1101.08 1079.07 3267.51
1866000 1090.21 1100.83 1080.5 3271.54
1867000 1091.74 1102.82 1083.61 3278.16
1868000 1096.26 1106.65 1089.32 3292.23
1869000 1099.01 1110.2 1092.53 3301.75
1870000 1096.24 1106.26 1088.55 3291.04
1871000 1100.61 1111.05 1094.73 3306.39
1872000 1099.92 1111.85 1095.92 3307.68
1873000 1097.43 1109.73 1090.98 3298.15
1874000 1104.31 1112.3 1092.19 3308.79
1875000 1105.09 1114.76 1093.7 3313.55
1876000 1110.63 1120.86 1099.83 3331.33
1877000 1111.24 1122.08 1100.16 3333.48
1878000 1110.79 1123.36 1100.09 3334.23
1879000 1106.7 1122.86 1099.16 3328.72
1880000 1107.39 1125.12 1098.71 3331.21
1881000 1106.47 1127.34 1100.09 3333.91
1882000 1108.12 1126.06 1099.57 3333.76
1883000 1107.2 1124.17 1098.54 3329.91
1884000 1110.82 1126.64 1099.91 3337.38
1885000 1111.04 1127.04 1100.57 3338.65
1886000 1117.92 1133.68 1107.37 3358.97
1887000 1121.33 1136.24 1110.37 3367.94
1888000 1117.97 1133.67 1106.36 3357.99
1889000 1115.81 1130.31 1102.77 3348.89
1890000 1116.38 1129.74 1102.82 3348.94
1891000 1116.08 1129.17 1106 3351.25
1892000 1115.66 1126.49 1106.03 3348.18
1893000 1121 1132.53 1112.53 3366.06
1894000 1120.24 1131.99 1111.7 3363.92
1895000 1119.12 1128.93 1108.13 3356.18
1896000 1128.79 1138.39 1115.86 3383.04
1897000 1123.75 1134.11 1114.48 3372.33
1898000 1124.45 1134.88 1112.73 3372.06
1899000 1124.45 1133.41 1110.36 3368.22
1900000 1121.3 1130.19 1107.88 3359.38
1901000 1125.88 1136.05 1115.2 3377.13
1902000 1131.64 1141.82 1123.2 3396.66
1903000 1131.25 1140.12 1122.66 3394.03
1904000 1132.17 1139.05 1121.68 3392.9
1905000 1133.12 1137.21 1120.56 3390.88
1906000 1135.14 1140.38 1125.94 3401.47
1907000 1133.94 1138.81 1124.91 3397.66
1908000 1130.32 1138.39 1121.92 3390.64
1909000 1131.3 1140.38 1123.28 3394.95
1910000 1132.25 1141.85 1127.16 3401.27
1911000 1136.72 1144.36 1130.96 3412.04
1912000 1135 1142.02 1127.16 3404.19
1913000 1134.88 1141.79 1127.67 3404.34
1914000 1134.07 1139.73 1126.72 3400.52
1915000 1140.19 1147.32 1131.76 3419.26
1916000 1141.91 1148.26 1131.86 3422.03
1917000 1144.71 1150.27 1134.96 3429.94
1918000 1146.85 1154.43 1136.25 3437.53
1919000 1147.09 1149.66 1134.94 3431.69
1920000 1150.44 1149.92 1136.76 3437.12
1921000 1152.95 1149.94 1138.45 3441.34
1922000 1155.22 1153.62 1137.99 3446.83
1923000 1159.53 1155.06 1140.07 3454.66
1924000 1159.72 1150.17 1135.86 3445.75
1925000 1157.97 1147.88 1129.92 3435.77
1926000 1162.13 1149.14 1130.62 3441.89
1927000 1169.59 1153.02 1134.94 3457.54
1928000 1166.31 1150.64 1132.69 3449.64
1929000 1168.27 1153.31 1136.67 3458.25
1930000 1171.73 1158.08 1139.21 3469.03
1931000 1171.44 1159.89 1137.08 3468.41
1932000 1175.52 1164.05 1140.34 3479.91
1933000 1173.62 1165.03 1139.48 3478.13
1934000 1175.43 1167.2 1143.64 3486.27
1935000 1175.75 1165.07 1142.19 3483.01
1936000 1174.46 1164.13 1142.96 3481.55
1937000 1172.91 1162.56 1142.47 3477.94
1938000 1177.06 1164.85 1148.2 3490.11
1939000 1178.78 1167.08 1150.88 3496.74
1940000 1178.08 1166.21 1150.26 3494.54
1941000 1176.48 1166.67 1149.62 3492.77
1942000 1172.73 1166.43 1147.7 3486.86
1943000 1170.04 1166.06 1144.27 3480.37
1944000 1177.15 1172.41 1149.21 3498.78
1945000 1172.08 1169.92 1145.31 3487.31
1946000 1175.25 1172.48 1147.98 3495.71
1947000 1182.35 1178.78 1154.94 3516.07
1948000 1181.58 1175.24 1154.03 3510.84
1949000 1183.35 1173.4 1154.19 3510.94
1950000 1185.4 1177.05 1155 3517.45
1951000 1187.62 1181.16 1155.68 3524.47
1952000 1184.94 1183.1 1157.17 3525.2
1953000 1189.09 1185.96 1158.46 3533.51
1954000 1191.74 1185.34 1162.71 3539.8
1955000 1191.29 1184.17 1159.87 3535.32
1956000 1192.23 1182.9 1158.96 3534.09
1957000 1193.08 1184.37 1163.65 3541.1
1958000 1198.64 1188.99 1167.64 3555.27
1959000 1197.59 1187.71 1164.89 3550.19
1960000 1197.62 1189.53 1162.83 3549.98
1961000 1205.54 1196.9 1168.02 3570.46
1962000 1210.74 1201.68 1171.94 3584.36
1963000 1213.9 1201.14 1174.99 3590.02
1964000 1208.59 1197.05 1170.33 3575.97
1965000 1208.42 1195.31 1168.15 3571.87
1966000 1211.87 1195.21 1171.18 3578.26
1967000 1219.53 1203.27 1178.2 3600.99
1968000 1217.26 1197.88 1173.18 3588.32
1969000 1219.2 1197.88 1171.61 3588.68
1970000 1222.96 1199.19 1172.91 3595.07
1971000 1226.9 1205.45 1177.66 3610
1972000 1230.77 1213.69 1182.17 3626.63
1973000 1227.18 1210.57 1180.86 3618.61
1974000 1226.82 1210.02 1185.59 3622.43
1975000 1225.05 1207.64 1181.86 3614.55
1976000 1222.56 1207.34 1178.84 3608.75
1977000 1226.62 1214.26 1181.41 3622.28
1978000 1231.67 1218.83 1186.85 3637.35
1979000 1228.6 1215.36 1186.06 3630.02
1980000 1226.32 1212.72 1185.62 3624.66
1981000 1224.04 1210.61 1183.81 3618.46
1982000 1221.46 1210.47 1183.41 3615.33
1983000 1230.54 1219.63 1187.81 3637.98
1984000 1231.69 1217.01 1188.17 3636.87
1985000 1231.76 1219.87 1189.09 3640.73
1986000 1229.91 1214.76 1187.88 3632.55
1987000 1236.66 1219.25 1194.18 3650.09
1988000 1242.23 1228.63 1200.84 3671.7
1989000 1240.99 1225.96 1201.57 3668.52
1990000 1236.2 1222.92 1199.38 3658.5
1991000 1233.69 1219.55 1197.26 3650.5
1992000 1242.53 1226.17 1202.85 3671.55
1993000 1244.58 1224.37 1201.5 3670.45
1994000 1248.07 1227.55 1203.42 3679.05
1995000 1247.45 1226.01 1199.47 3672.94
1996000 1248.06 1227.59 1201.13 3676.79
1997000 1250.2 1230.02 1206.72 3686.94
1998000 1252.12 1234.16 1207.5 3693.77
1999000 1253.94 1236.35 1209.1 3699.39
2000000 1253.51 1238.41 1206.83 3698.75
2001000 1248.26 1237.14 1205.59 3691
2002000 1249.62 1240.85 1206.66 3697.13
2003000 1249.23 1242.15 1208.8 3700.18
2004000 1248.66 1241.69 1208.03 3698.38
2005000 1250.04 1245.22 1210.94 3706.2
2006000 1251.39 1245.22 1213 3709.62
2007000 1254.58 1247.78 1217.98 3720.33
2008000 1252.74 1249.44 1218.73 3720.91
2009000 1255.21 1253.31 1219.78 3728.31
2010000 1252.49 1249.3 1216.94 3718.73
2011000 1256.24 1249.75 1219.72 3725.71
2012000 1257.36 1251.89 1219.89 3729.14
2013000 1258.44 1254.2 1221.76 3734.4
2014000 1256.95 1255.74 1223.11 3735.8
2015000 1258.26 1258.88 1223.89 3741.03
2016000 1255.56 1257.03 1220.43 3733.02
2017000 1254.21 1253.5 1219.66 3727.37
2018000 1261.66 1260.8 1226.27 3748.72
2019000 1267.87 1267.23 1230.93 3766.03
2020000 1270.5 1269.67 1233.41 3773.57
2021000 1264.67 1268.59 1230.2 3763.46
2022000 1267.22 1268.8 1233.34 3769.36
2023000 1270.98 1269.24 1234.75 3774.97
2024000 1271.59 1272.18 1235.26 3779.03
2025000 1264 1264.56 1227.45 3756.02
2026000 1270.3 1269.78 1236.57 3776.65
2027000 1268.81 1268.29 1236.59 3773.69
2028000 1268.28 1267.56 1234.87 3770.71
2029000 1272.74 1270.33 1236.03 3779.1
2030000 1273.01 1268.01 1234.38 3775.4
2031000 1270.86 1268.96 1234.51 3774.33
2032000 1274.65 1269.99 1236.45 3781.09
2033000 1273.5 1268.56 1236.59 3778.65
2034000 1278.37 1275.32 1243.66 3797.35
2035000 1273.49 1271.11 1240.87 3785.47
2036000 1273.27 1273.26 1241.03 3787.56
2037000 1280.39 1280.84 1244.07 3805.3
2038000 1280.06 1284.52 1242.73 3807.31
2039000 1286.76 1288.02 1248.11 3822.9
2040000 1286.69 1285.45 1246.15 3818.29
2041000 1283.8 1283.55 1246.42 3813.77
2042000 1282.64 1281.1 1246.68 3810.42
2043000 1282.98 1281.68 1246.27 3810.94
2044000 1292.51 1289.98 1252 3834.49
2045000 1286.29 1286.54 1248.84 3821.66
2046000 1290.06 1292.23 1253.34 3835.63
2047000 1288.64 1289.31 1250.39 3828.35
2048000 1290.64 1289.44 1250.98 3831.05
2049000 1291.44 1291.55 1252.37 3835.36
2050000 1291.89 1293.95 1253.25 3839.1
2051000 1292.86 1293.97 1252.37 3839.19
2052000 1295.75 1296.32 1255.12 3847.2
2053000 1297.34 1295.39 1255.93 3848.66
2054000 1305.85 1300.36 1262.29 3868.5
2055000 1303.22 1294.75 1257.59 3855.57
2056000 1309.83 1301.67 1262.54 3874.05
2057000 1313.05 1304.17 1264.73 3881.96
2058000 1311.71 1300.69 1260.52 3872.92
2059000 1313.43 1299.79 1261.55 3874.76
2060000 1312.28 1301.81 1260.68 3874.78
2061000 1314.47 1301.39 1261.19 3877.05
2062000 1317.04 1302.13 1263.13 3882.3
2063000 1312.09 1300.9 1263.13 3876.11
2064000 1312.38 1301.45 1263.99 3877.82
2065000 1308.91 1297.3 1261.21 3867.42
2066000 1315.15 1301.02 1268.65 3884.81
2067000 1315.62 1301.4 1271.93 3888.95
2068000 1315.17 1301.43 1271.24 3887.84
2069000 1308.76 1296.36 1266.65 3871.76
2070000 1312.63 1302.52 1271.33 3886.48
2071000 1311.34 1305.17 1270.88 3887.39
2072000 1316.46 1313.31 1278.75 3908.51
2073000 1309.82 1308.67 1272.97 3891.46
2074000 1315.04 1314.36 1279.37 3908.77
2075000 1314.87 1317.32 1281.78 3913.97
2076000 1312.87 1316.86 1282.66 3912.39
2077000 1311.91 1316.47 1281.86 3910.25
2078000 1312.02 1318.66 1279.91 3910.59
2079000 1311.94 1321.02 1282.11 3915.06
2080000 1316.26 1326.25 1288.98 3931.49
2081000 1320.87 1330.79 1292.73 3944.39
2082000 1319.34 1329.58 1289.81 3938.73
2083000 1315.87 1327.61 1285.29 3928.78
2084000 1318.1 1329.7 1287.02 3934.82
2085000 1320.44 1331.16 1290.54 3942.14
2086000 1319.72 1329.72 1291.32 3940.77
2087000 1318.35 1327.98 1290.12 3936.45
2088000 1322.21 1333.35 1296.69 3952.25
2089000 1319.35 1330.54 1296.52 3946.4
2090000 1316.16 1330.17 1292.42 3938.75
2091000 1316.35 1334.18 1295.09 3945.62
2092000 1319.2 1336.86 1297.83 3953.89
2093000 1311.87 1332.76 1287 3931.64
2094000 1314.52 1335.57 1289.81 3939.9
2095000 1322.62 1340.12 1295.27 3958.01
2096000 1321.07 1338.37 1292.77 3952.21
2097000 1321.04 1336.03 1291.36 3948.42
2098000 1317.89 1335.96 1291.48 3945.33
2099000 1317.62 1335.99 1293.32 3946.92
2100000 1321.07 1337.72 1297.24 3956.03
2101000 1321.46 1338.36 1298.42 3958.24
2102000 1332.29 1351.36 1312.66 3996.3
2103000 1331.01 1351.64 1310.59 3993.24
2104000 1330.76 1351.98 1309.28 3992.02
2105000 1319.66 1340.33 1299.77 3959.76
2106000 1322.47 1346.77 1303.42 3972.67
2107000 1320.47 1344.95 1301.8 3967.22
2108000 1322.86 1350.01 1307.22 3980.09
2109000 1320.1 1347.04 1304.64 3971.79
2110000 1323.21 1349.02 1307 3979.23
2111000 1326.15 1353.51 1310.88 3990.54
2112000 1327.03 1356.21 1311.08 3994.32
2113000 1328.91 1357.33 1311.66 3997.9
2114000 1334.26 1360.25 1314.19 4008.7
2115000 1333.46 1358.18 1313.15 4004.78
2116000 1329.59 1350.97 1309.95 3990.51
2117000 1328.16 1350.26 1310.85 3989.27
2118000 1327.19 1352.55 1310.91 3990.65
2119000 1330.72 1354.16 1313.27 3998.15
2120000 1334.91 1360.29 1320.71 4015.91
2121000 1340.01 1369.03 1328.11 4037.15
2122000 1345.25 1373.59 1331.99 4050.83
2123000 1346.51 1373.53 1333.01 4053.05
2124000 1340.25 1365.56 1325.7 4031.52
2125000 1341.34 1365.26 1326.2 4032.79
2126000 1338.39 1361.99 1323.92 4024.31
2127000 1340.58 1361.25 1323.73 4025.56
2128000 1347.77 1367.8 1332.97 4048.54
2129000 1345.77 1366.12 1331.18 4043.07
2130000 1346.18 1368.56 1332.55 4047.3
2131000 1344.64 1366.79 1331.92 4043.35
2132000 1340.91 1365.43 1333.07 4039.41
2133000 1349.45 1374.08 1344.49 4068.01
2134000 1345.17 1372.43 1340.95 4058.55
2135000 1341.98 1369.7 1339.24 4050.93
2136000 1343.82 1369.42 1338.33 4051.57
2137000 1341.5 1362.58 1333.59 4037.67
2138000 1346.62 1367.35 1334.63 4048.6
2139000 1344.92 1367.7 1333.96 4046.57
2140000 1350.46 1373.56 1337.99 4062.01
2141000 1347.92 1372.67 1336.37 4056.96
2142000 1344.79 1368.26 1332.09 4045.14
2143000 1344.41 1365.31 1331.32 4041.04
2144000 1342.66 1363.83 1329.05 4035.54
2145000 1349.9 1370.48 1335.72 4056.1
2146000 1349.96 1370.31 1337.41 4057.68
2147000 1346.75 1368.43 1333.52 4048.69
2148000 1344.27 1367.71 1332.82 4044.8
2149000 1337.79 1366.38 1332.17 4036.35
2150000 1343.14 1369.09 1336.96 4049.18
2151000 1344.29 1366.82 1337.68 4048.79
2152000 1347.56 1369.27 1342.32 4059.16
2153000 1348.14 1367.28 1341.84 4057.26
2154000 1349.49 1371.01 1344.73 4065.23
2155000 1354.77 1376.93 1349.82 4081.52
2156000 1353.19 1376.8 1350.71 4080.7
2157000 1348.95 1374.42 1347.71 4071.07
2158000 1350.25 1379.41 1350.8 4080.46
2159000 1353.98 1385.16 1353.41 4092.55
2160000 1356.25 1385.09 1354.62 4095.96
2161000 1353.43 1380.58 1351.93 4085.94
2162000 1345.69 1373.36 1347.44 4066.49
2163000 1353.66 1385.66 1357.92 4097.24
2164000 1356.92 1389.28 1361.05 4107.25
2165000 1350.26 1383.23 1356.33 4089.82
2166000 1349.35 1381.87 1352.73 4083.95
2167000 1351.34 1388.35 1355.54 4095.23
2168000 1351.06 1392.48 1358.4 4101.94
2169000 1357.14 1399.03 1367.92 4124.09
2170000 1357.09 1400.68 1367.7 4125.46
2171000 1355.07 1397.09 1365.8 4117.96
2172000 1352.58 1391.11 1361.52 4105.21
2173000 1357.37 1392.68 1365.11 4115.16
2174000 1365.12 1401.53 1373.5 4140.15
2175000 1360.59 1397.3 1367.92 4125.8
2176000 1364.12 1403.47 1367.9 4135.49
2177000 1362.53 1401.09 1366.57 4130.19
2178000 1369.73 1408.88 1375.62 4154.22
2179000 1363.8 1401.01 1365.78 4130.58
2180000 1359.85 1399.3 1360.07 4119.22
2181000 1367.32 1408.13 1369.13 4144.59
2182000 1370.87 1413.35 1372.51 4156.73
2183000 1367.87 1410.57 1372.83 4151.26
2184000 1369.97 1412.64 1377.47 4160.08
2185000 1367.13 1406.48 1372.99 4146.6
2186000 1372.6 1412.46 1378.47 4163.54
2187000 1370.87 1411.36 1376.85 4159.08
2188000 1377.59 1420.13 1383.35 4181.07
2189000 1378.52 1421.14 1382.31 4181.96
2190000 1371.82 1418.06 1377.56 4167.44
2191000 1373 1417.78 1376.73 4167.51
2192000 1380.76 1425.89 1383.18 4189.84
2193000 1381.86 1427.8 1384.86 4194.51
2194000 1382.64 1428.86 1389.04 4200.53
2195000 1380.26 1425.52 1386.84 4192.62
2196000 1384.5 1431.68 1390.48 4206.67
2197000 1383.31 1429.81 1389.66 4202.78
2198000 1386.01 1430.57 1392.86 4209.45
2199000 1384.58 1425.57 1391.89 4202.04
2200000 1387.04 1430.77 1395.66 4213.46
2201000 1383.54 1429 1391.39 4203.92
2202000 1389.79 1435.41 1395.87 4221.07
2203000 1387.72 1434.62 1392.78 4215.12
2204000 1388.94 1433.91 1390.11 4212.96
2205000 1390.77 1432.68 1389.45 4212.91
2206000 1391.94 1432.41 1389.56 4213.9
2207000 1395.66 1431.5 1391.05 4218.21
2208000 1399.49 1434.98 1394.03 4228.49
2209000 1407.68 1442.38 1401.38 4251.44
2210000 1397.09 1433.53 1392.9 4223.51
2211000 1397.74 1436.34 1396.34 4230.42
2212000 1397.37 1440.05 1399.12 4236.54
2213000 1396.21 1442.16 1396.68 4235.04
2214000 1399.03 1447.95 1400.12 4247.1
2215000 1402.51 1453.01 1404.85 4260.37
2216000 1404.69 1455.48 1404.78 4264.96
2217000 1401.35 1453.37 1403.02 4257.75
2218000 1401.68 1455.62 1403.62 4260.92
2219000 1407.99 1461.84 1412.51 4282.34
2220000 1404.46 1454.07 1411.6 4270.13
2221000 1397.94 1448.6 1406.26 4252.8
2222000 1401.2 1452.26 1410.44 4263.9
2223000 1402.91 1451.05 1412.37 4266.32
2224000 1406.72 1456.73 1417.21 4280.66
2225000 1409.4 1462.77 1418.91 4291.08
2226000 1409.26 1460.14 1417.07 4286.47
2227000 1403.55 1455.17 1411.17 4269.89
2228000 1406.58 1456.54 1413.28 4276.39
2229000 1418.04 1463.43 1422.7 4304.17
2230000 1417.9 1464.46 1423.07 4305.43
2231000 1408.96 1456.85 1416.3 4282.1
2232000 1409.58 1454.72 1416.47 4280.76
2233000 1419.9 1460.81 1424.43 4305.14
2234000 1418.17 1457.6 1424.18 4299.94
2235000 1418.72 1457.86 1427.04 4303.62
2236000 1418.59 1456.66 1427.17 4302.42
2237000 1422.63 1461.15 1432.04 4315.81
2238000 1423.11 1461.16 1432.27 4316.54
2239000 1421.94 1459.41 1430.05 4311.4
2240000 1420.56 1462.39 1430.66 4313.6
2241000 1423.77 1467.11 1431.08 4321.96
2242000 1420.72 1469.18 1430.71 4320.61
2243000 1421.5 1471.05 1433.22 4325.77
2244000 1422.55 1474.46 1436.38 4333.38
2245000 1421.05 1474.79 1435 4330.84
2246000 1419.72 1470.63 1433.26 4323.61
2247000 1425.19 1476.5 1439.98 4341.67
2248000 1422.7 1471.5 1436.03 4330.23
2249000 1423.46 1471.74 1435.32 4330.51
2250000 1437.7 1484.3 1449.83 4371.83
2251000 1435.17 1485.98 1450.61 4371.76
2252000 1437.31 1488.8 1450.53 4376.64
2253000 1432.5 1489.25 1449.4 4371.14
2254000 1433.48 1490.05 1449.02 4372.55
2255000 1430.34 1487.04 1449.28 4366.66
2256000 1430.3 1486.79 1451.7 4368.8
2257000 1428.16 1484.68 1450.1 4362.94
2258000 1424.4 1480.89 1445.07 4350.35
2259000 1424.27 1477.42 1441.85 4343.53
2260000 1428.3 1479.01 1446.33 4353.65
2261000 1435.18 1487.29 1451.06 4373.53
2262000 1439.84 1489.71 1452.58 4382.12
2263000 1442.71 1493.02 1457.97 4393.7
2264000 1439.5 1490.43 1454.98 4384.91
2265000 1438.18 1484.83 1455.39 4378.39
2266000 1435.77 1480.57 1456.12 4372.45
2267000 1436.03 1479.48 1454.89 4370.41
2268000 1448.63 1488.27 1465.04 4401.94
2269000 1444.51 1486.05 1462.38 4392.95
2270000 1441.01 1485.04 1462.44 4388.49
2271000 1444.3 1486.97 1464.28 4395.54
2272000 1440.86 1483.77 1463.17 4387.8
2273000 1445.86 1488.05 1467.3 4401.22
2274000 1449.98 1492.08 1472.84 4414.9
2275000 1449.36 1490.63 1467.32 4407.31
2276000 1448.17 1492.89 1466.39 4407.45
2277000 1454.72 1497.53 1467.68 4419.93
2278000 1450.06 1493.98 1466.14 4410.18
2279000 1453.69 1498.67 1472.92 4425.28
2280000 1446.93 1494.83 1464.46 4406.23
2281000 1446.7 1497.16 1464.11 4407.97
2282000 1445.73 1495.22 1462.9 4403.86
2283000 1453.62 1500.67 1469.61 4423.9
2284000 1452.57 1500.09 1468.31 4420.97
2285000 1453.11 1499.84 1471 4423.95
2286000 1451.51 1496.34 1468 4415.86
2287000 1453.66 1501.08 1470.19 4424.94
2288000 1451.38 1498.98 1470.36 4420.73
2289000 1453.61 1497.77 1471.07 4422.45
2290000 1451.77 1495.45 1468.98 4416.2
2291000 1454.95 1501.42 1472.87 4429.24
2292000 1455.96 1501.8 1474.17 4431.94
2293000 1456.56 1502.4 1473.61 4432.57
2294000 1463.64 1504.67 1477.06 4445.37
2295000 1468.62 1508.04 1480.9 4457.56
2296000 1470.48 1510.03 1482.47 4462.98
2297000 1464.08 1502.29 1480.08 4446.45
2298000 1470.54 1508.6 1485.04 4464.18
2299000 1462.47 1497.13 1476.34 4435.94
2300000 1469.03 1507.49 1481.71 4458.23
2301000 1470.26 1510.64 1481.35 4462.25
2302000 1474.87 1511.34 1482.11 4468.32
2303000 1475.86 1510.35 1481.78 4468
2304000 1482.03 1513.94 1484.93 4480.9
2305000 1477.78 1509.99 1481.8 4469.56
2306000 1472.08 1502.25 1473.42 4447.74
2307000 1478.36 1501.62 1473.85 4453.83
2308000 1482.83 1501.27 1478.06 4462.16
2309000 1484.33 1500.33 1480.38 4465.04
2310000 1485.43 1502.37 1481.84 4469.64
2311000 1481.59 1497.73 1478.32 4457.65
2312000 1487.23 1504.31 1483.17 4474.71
2313000 1491.23 1511.92 1488.52 4491.67
2314000 1493.03 1512.48 1489.83 4495.35
2315000 1495.16 1514.52 1492.08 4501.77
2316000 1501.66 1517.57 1496.31 4515.55
2317000 1496.98 1510.56 1491.13 4498.67
2318000 1495.42 1512.23 1494.57 4502.22
2319000 1500.29 1516.3 1501.02 4517.62
2320000 1500.96 1513.76 1502.45 4517.17
2321000 1500.32 1510.93 1501.35 4512.59
2322000 1502.28 1515.94 1506.45 4524.67
2323000 1497.97 1509.77 1503.44 4511.18
2324000 1497.1 1509.99 1505.42 4512.51
2325000 1492.66 1508.19 1501.56 4502.42
2326000 1490.67 1508.2 1499.9 4498.77
2327000 1497.1 1518.48 1507.32 4522.9
2328000 1494.53 1518.06 1504.96 4517.56
2329000 1500.37 1524.7 1515.17 4540.24
2330000 1495.95 1523.23 1509.44 4528.61
2331000 1494.06 1523.68 1508.58 4526.32
2332000 1488.65 1520.28 1505.28 4514.21
2333000 1483.65 1515.37 1500.38 4499.4
2334000 1483.69 1516.4 1500.19 4500.28
2335000 1487.56 1520.1 1506.27 4513.93
2336000 1491.91 1524.46 1510.27 4526.64
2337000 1490.7 1523.64 1510.95 4525.28
2338000 1497.12 1529.37 1515.91 4542.41
2339000 1493.01 1525.55 1512.3 4530.86
2340000 1497.56 1530.31 1516.49 4544.36
2341000 1497.12 1530.25 1513.68 4541.05
2342000 1501.91 1531.76 1513.5 4547.17
2343000 1507.94 1540.72 1519.6 4568.27
2344000 1501.02 1533.66 1514.35 4549.03
2345000 1508.25 1539.95 1519.17 4567.37
2346000 1504.46 1536.05 1515.39 4555.91
2347000 1504.3 1537.35 1515.08 4556.73
2348000 1504.94 1544.87 1520.63 4570.44
2349000 1501.7 1541.75 1517.69 4561.15
2350000 1507.32 1545.02 1520.56 4572.9
2351000 1509.75 1547.63 1525.28 4582.66
2352000 1504.78 1543.86 1521.05 4569.69
2353000 1503.64 1545.86 1522.62 4572.12
2354000 1499.7 1542.26 1519.37 4561.33
2355000 1502.74 1543.79 1521.38 4567.91
2356000 1508.11 1546.62 1522.82 4577.55
2357000 1519.02 1552.69 1529.05 4600.76
2358000 1518.53 1549.81 1526.68 4595.02
2359000 1521.56 1552.92 1529.91 4604.38
2360000 1519.69 1550.33 1528.13 4598.16
2361000 1521.06 1551.42 1525.55 4598.03
2362000 1521.95 1549.81 1524.82 4596.58
2363000 1517.95 1547.77 1522.1 4587.83
2364000 1521.85 1553.59 1525.6 4601.03
2365000 1522.17 1554.6 1524.56 4601.33
2366000 1527.36 1562.32 1528.07 4617.75
2367000 1531.38 1563.74 1530.1 4625.23
2368000 1531.36 1565.61 1531.3 4628.27
2369000 1529.06 1563.45 1529.53 4622.04
2370000 1524.25 1558.36 1524.95 4607.56
2371000 1529.64 1562.44 1529.17 4621.25
2372000 1536.2 1569.65 1535.39 4641.25
2373000 1534.51 1568.38 1531.33 4634.22
2374000 1532.55 1564.75 1530.11 4627.41
2375000 1535.91 1570.39 1535.68 4641.98
2376000 1535.18 1574.86 1537.79 4647.82
2377000 1533.97 1575.9 1539.55 4649.42
2378000 1535.05 1570.58 1534.65 4640.28
2379000 1535.27 1570.4 1534.34 4640
2380000 1543.49 1574.21 1539.34 4657.04
2381000 1538.68 1565.59 1532.25 4636.52
2382000 1542.23 1569.26 1536.25 4647.74
2383000 1542.95 1567.25 1536.07 4646.27
2384000 1544.97 1567.96 1542.09 4655.02
2385000 1552.25 1575.39 1546.42 4674.07
2386000 1548.32 1573.03 1542.04 4663.39
2387000 1544.58 1569.77 1538.63 4652.99
2388000 1554.29 1579.15 1548.34 4681.78
2389000 1553.02 1576.78 1546.56 4676.36
2390000 1547.46 1571.81 1539.66 4658.93
2391000 1554.05 1579.31 1543.56 4676.91
2392000 1551.9 1573.24 1539.13 4664.27
2393000 1558.47 1579.65 1545.62 4683.75
2394000 1555.01 1572.66 1542.11 4669.77
2395000 1561.3 1576.95 1547.44 4685.7
2396000 1553.63 1570.06 1543.26 4666.95
2397000 1563.7 1580.16 1554.99 4698.85
2398000 1568.54 1586.55 1560.37 4715.46
2399000 1570.63 1587.24 1560.48 4718.35
2400000 1562.74 1576.72 1552.32 4691.78
2401000 1562.13 1577.91 1551.46 4691.5
2402000 1569.14 1581.79 1553.19 4704.13
2403000 1572.23 1586.73 1555.61 4714.57
2404000 1568.61 1583.87 1554.07 4706.55
2405000 1569.99 1582.82 1553.17 4705.98
2406000 1564.75 1576.4 1547.87 4689.02
2407000 1565.65 1579.65 1550.98 4696.29
2408000 1570.62 1582.84 1557.43 4710.89
2409000 1574.1 1580.52 1555.55 4710.17
2410000 1576.17 1579.6 1556.31 4712.08
2411000 1581.61 1585.18 1561.41 4728.2
2412000 1581.74 1583.94 1564.41 4730.09
2413000 1578.03 1581.75 1560.49 4720.26
2414000 1576.4 1576.29 1559.16 4711.85
2415000 1577.54 1576.61 1555.57 4709.72
2416000 1580.48 1579.67 1554.14 4714.3
2417000 1584.26 1584.67 1556.95 4725.88
2418000 1581.53 1579.93 1558.14 4719.6
2419000 1582.72 1577.59 1562.54 4722.86
2420000 1579.93 1577.86 1565.79 4723.57
2421000 1583.66 1581.18 1570.11 4734.96
2422000 1586.74 1584.91 1570.08 4741.74
2423000 1585.33 1581.36 1568.5 4735.19
2424000 1587.67 1581.63 1567.88 4737.17
2425000 1593.95 1587.63 1577.12 4758.69
2426000 1595.86 1590.23 1577.99 4764.07
2427000 1592.29 1585.19 1576.53 4754.01
2428000 1582.52 1574.72 1566.36 4723.6
2429000 1585.92 1578.09 1568.12 4732.12
2430000 1587.43 1581.71 1569.21 4738.36
2431000 1588.67 1583.21 1570.68 4742.56
2432000 1593.48 1587.28 1578.64 4759.41
2433000 1588.85 1586.57 1576.46 4751.88
2434000 1595.54 1593.52 1584.28 4773.33
2435000 1596.16 1589.96 1584.71 4770.83
2436000 1598.47 1591.16 1583.76 4773.39
2437000 1600.63 1589.22 1583.99 4773.84
2438000 1601.86 1588.68 1583.93 4774.48
2439000 1603.18 1589.9 1584.59 4777.67
2440000 1600.58 1589.27 1587.27 4777.12
2441000 1601.48 1591.95 1591.91 4785.33
2442000 1607.63 1594.92 1594.99 4797.53
2443000 1605.27 1596.22 1592 4793.49
2444000 1611.15 1602.08 1598.71 4811.94
2445000 1608.83 1599.62 1594.48 4802.93
2446000 1607.5 1597.69 1593.2 4798.39
2447000 1607.25 1596.65 1597.87 4801.77
2448000 1611.55 1601.09 1600.96 4813.59
2449000 1608.26 1594.97 1593.95 4797.18
2450000 1612.79 1600.32 1598.03 4811.14
2451000 1616.75 1602.82 1599.31 4818.89
2452000 1615.76 1603.79 1599.07 4818.61
2453000 1614.76 1599.19 1595.61 4809.56
2454000 1610.69 1594.98 1591.79 4797.46
2455000 1617.33 1602.66 1600.51 4820.5
2456000 1615.66 1600.93 1602.9 4819.49
2457000 1623.6 1606.38 1606.91 4836.89
2458000 1620.27 1604 1604.57 4828.83
2459000 1623.91 1607.11 1607.43 4838.45
2460000 1618.29 1601.39 1604.84 4824.52
2461000 1623.07 1606.38 1607.41 4836.86
2462000 1618.39 1604.7 1606.79 4829.88
2463000 1616.58 1601.7 1603.49 4821.77
2464000 1624.54 1610.83 1611.92 4847.3
2465000 1623.26 1607.74 1611.6 4842.6
2466000 1624.59 1609.66 1614.68 4848.93
2467000 1625.41 1608.48 1613.84 4847.74
2468000 1630.59 1614.2 1619.27 4864.06
2469000 1634.47 1619.18 1623.73 4877.39
2470000 1627.86 1612.33 1615.69 4855.88
2471000 1639.56 1623.84 1625.61 4889
2472000 1641.78 1621.11 1624.74 4887.63
2473000 1633.76 1610.45 1613.78 4857.99
2474000 1639.78 1612.5 1620.49 4872.77
2475000 1643.62 1614.77 1619.41 4877.81
2476000 1644.51 1619.51 1620.33 4884.35
2477000 1642.42 1620.61 1619.51 4882.54
2478000 1646.18 1622.49 1619.94 4888.61
2479000 1648.34 1620.18 1619.84 4888.36
2480000 1649.94 1624.47 1621.96 4896.36
2481000 1652.8 1628.98 1623.2 4904.97
2482000 1655.3 1633.72 1624.67 4913.7
2483000 1651.16 1629.9 1617.72 4898.78
2484000 1640.12 1621.9 1610.41 4872.43
2485000 1646.14 1628.9 1613.36 4888.4
2486000 1658.44 1639.97 1624.91 4923.33
2487000 1661.16 1642.4 1631.1 4934.66
2488000 1663.86 1638.82 1633.43 4936.12
2489000 1665.73 1638.52 1634.28 4938.53
2490000 1668.09 1643.63 1637.52 4949.24
2491000 1665.43 1645.12 1637.11 4947.66
2492000 1663.47 1643.39 1637.39 4944.25
2493000 1667.58 1643.59 1637.61 4948.78
2494000 1670.1 1643.54 1639.27 4952.91
2495000 1668.1 1643.89 1640.03 4952.03
2496000 1667.55 1644.01 1639.55 4951.1
2497000 1663.78 1641.65 1638.13 4943.55
2498000 1659.51 1639.84 1635.25 4934.6
2499000 1662.31 1643.95 1639.02 4945.29
2500000 1664.8 1644.38 1641.06 4950.24
2501000 1664.04 1642.97 1640.27 4947.28
2502000 1670.27 1648.46 1646.27 4965.01
2503000 1677.37 1656.24 1650.59 4984.21
2504000 1669.59 1649.34 1644.54 4963.47
2505000 1674.32 1652.57 1649.38 4976.27
2506000 1672.67 1654.26 1649.37 4976.31
2507000 1671.47 1655.35 1650.14 4976.96
2508000 1681.85 1669.8 1661.22 5012.87
2509000 1678.22 1666.68 1658.14 5003.05
2510000 1679.31 1668.64 1660.08 5008.03
2511000 1677.22 1668.33 1659.71 5005.25
2512000 1683.09 1675.78 1670.17 5029.04
2513000 1679.9 1674.42 1668.77 5023.09
2514000 1678.17 1676.61 1667.98 5022.75
2515000 1674.66 1673.73 1662.9 5011.29
2516000 1673.26 1673.12 1668.46 5014.84
2517000 1669.46 1669.33 1663.76 5002.56
2518000 1662.26 1665.19 1659.62 4987.07
2519000 1665.07 1670.58 1664.03 4999.68
2520000 1660.55 1666.39 1661.25 4988.19
2521000 1661.03 1667.24 1664.86 4993.13
2522000 1667.89 1675.31 1671.38 5014.58
2523000 1670.09 1679.35 1671.18 5020.62
2524000 1672.34 1681.49 1673.86 5027.68
2525000 1671.43 1680.21 1673.15 5024.78
2526000 1670.04 1679.13 1670.08 5019.25
2527000 1676.24 1682.68 1674.39 5033.31
2528000 1673.21 1679.17 1674.87 5027.25
2529000 1678.11 1685.83 1679.99 5043.93
2530000 1682.55 1687.84 1683.77 5054.16
2531000 1683.15 1686.23 1681.97 5051.35
2532000 1673.55 1679.24 1676.13 5028.93
2533000 1675.59 1682.43 1678.45 5036.47
2534000 1668.21 1677.12 1672.17 5017.5
2535000 1673.53 1685.73 1675.62 5034.88
2536000 1675.68 1685.59 1677.33 5038.6
2537000 1681.08 1693.44 1684.4 5058.91
2538000 1677.02 1692.5 1681.27 5050.79
2539000 1677.16 1694.86 1679.34 5051.36
2540000 1676.32 1696.18 1678.14 5050.64
2541000 1673.45 1695.26 1677.41 5046.13
2542000 1666.38 1688.87 1671.96 5027.21
2543000 1672.29 1691.89 1675.7 5039.88
2544000 1675.79 1693.78 1679.62 5049.19
2545000 1685.49 1699.97 1691.75 5077.2
2546000 1685.25 1698.57 1691.21 5075.02
2547000 1690.09 1703.4 1695.9 5089.39
2548000 1693.91 1706.81 1699.46 5100.18
2549000 1693.37 1709.76 1699.39 5102.52
2550000 1690.63 1705.04 1694.62 5090.29
2551000 1692.49 1707.33 1699.28 5099.09
2552000 1695.59 1711.86 1703.35 5110.79
2553000 1697.85 1716.64 1706.25 5120.73
2554000 1690.03 1708.85 1700.38 5099.26
2555000 1687.42 1707.32 1700.43 5095.17
2556000 1676.71 1700.28 1687.06 5064.04
2557000 1686.01 1716.12 1700.14 5102.27
2558000 1685.28 1711.05 1697.16 5093.49
2559000 1691.8 1718.27 1703.35 5113.42
2560000 1687.52 1714.58 1700.06 5102.16
2561000 1692.68 1717.82 1703.65 5114.15
2562000 1687.97 1712.6 1695.4 5095.97
2563000 1694.45 1720.56 1704.02 5119.04
2564000 1698.57 1726.84 1715.73 5141.14
2565000 1698.59 1726.98 1718.22 5143.79
2566000 1697.76 1728.1 1716.38 5142.23
2567000 1700.09 1733.58 1715.94 5149.61
2568000 1695.92 1731.66 1710.63 5138.21
2569000 1704.5 1740.99 1719.22 5164.71
2570000 1693.53 1726.52 1708.26 5128.31
2571000 1705.4 1737.52 1722.31 5165.22
2572000 1703.88 1734.74 1721.93 5160.54
2573000 1705.23 1738.09 1723.74 5167.07
2574000 1703.12 1735.03 1720.45 5158.6
2575000 1693.26 1724.98 1715.26 5133.5
2576000 1694.79 1727.4 1715.81 5138.01
2577000 1695.63 1729.87 1717.46 5142.95
2578000 1705.03 1736.69 1727.99 5169.7
2579000 1701.34 1731.45 1724.66 5157.46
2580000 1702.55 1730.89 1725.79 5159.23
2581000 1710.41 1738.66 1733.73 5182.8
2582000 1706.65 1734.36 1729.19 5170.2
2583000 1701.25 1730.73 1728.68 5160.66
2584000 1712.21 1740.67 1742.61 5195.49
2585000 1709.36 1739.57 1745.67 5194.61
2586000 1698.19 1729.43 1732.32 5159.94
2587000 1703.21 1737.32 1735.06 5175.59
2588000 1710.17 1745.74 1743.36 5199.27
2589000 1708.79 1747.03 1742.25 5198.08
2590000 1712.44 1747.19 1741.39 5201.02
2591000 1710.82 1746.43 1740.12 5197.37
2592000 1708.12 1745.78 1739.23 5193.12
2593000 1707.01 1747.8 1737.16 5191.96
2594000 1710.01 1752.58 1739.19 5201.78
2595000 1709.42 1752.25 1736.61 5198.27
2596000 1713.25 1758.58 1742.04 5213.87
2597000 1716.17 1759.85 1743.45 5219.47
2598000 1717.51 1757.37 1741.42 5216.29
2599000 1717.1 1757.28 1738.97 5213.35
2600000 1715.7 1755.33 1738.99 5210.02
