# Time-averaged data for fix msd_avg
# TimeStep c_msd_water[1] c_msd_water[2] c_msd_water[3] c_msd_water[4]
601000 0.685304 0.658947 0.638766 1.98302
602000 1.72881 1.47967 1.50603 4.7145
603000 2.56591 2.30469 2.27219 7.14279
604000 3.53845 2.9765 3.08358 9.59853
605000 4.33394 3.96683 4.13101 12.4318
606000 4.7959 4.76073 4.64969 14.2063
607000 5.48349 5.39383 5.60139 16.4787
608000 6.2257 5.95677 6.4603 18.6428
609000 6.99156 6.58725 7.24444 20.8233
610000 8.09165 7.4159 7.79994 23.3075
611000 8.99874 8.46228 8.6051 26.0661
612000 9.97474 9.88019 9.29527 29.1502
613000 11.0862 10.9719 10.3007 32.3587
614000 12.173 11.6107 10.9756 34.7593
615000 13.6939 12.6683 11.6106 37.9728
616000 14.4861 13.6281 12.7155 40.8297
617000 15.462 14.6975 13.5455 43.705
618000 16.1521 15.6273 14.3914 46.1708
619000 17.051 16.4048 15.2584 48.7142
620000 18.1676 17.1702 16.2075 51.5452
621000 18.865 17.3765 16.783 53.0246
622000 19.7668 17.9966 17.5564 55.3197
623000 20.5344 18.8258 18.7235 58.0837
624000 21.9868 19.3556 19.6055 60.9478
625000 23.2315 20.1257 20.1714 63.5286
626000 24.0477 21.3495 21.0083 66.4055
627000 25.0105 21.7905 21.9463 68.7472
628000 25.9155 22.2938 22.6673 70.8767
629000 26.6726 22.6128 23.754 73.0394
630000 26.7709 23.2313 24.4367 74.4388
631000 27.7693 24.3403 25.4768 77.5864
632000 28.9658 25.3676 26.252 80.5854
633000 30.0589 26.6164 27.1519 83.8273
634000 30.7802 27.7511 27.9509 86.4822
635000 31.7302 28.9819 28.508 89.2201
636000 32.2416 30.2873 29.4552 91.9841
637000 33.0468 31.6561 30.2771 94.9801
638000 33.7808 32.5449 30.7475 97.0732
639000 34.5877 33.5661 31.1936 99.3475
640000 34.9685 34.7529 31.963 101.684
641000 35.4903 35.4926 32.5795 103.562
642000 36.4139 36.5679 33.836 106.818
643000 37.6218 37.5181 34.7942 109.934
644000 38.4068 37.9902 35.7915 112.188
645000 38.8743 38.2733 36.7508 113.898
646000 39.5276 39.1574 37.8726 116.558
647000 40.5568 40.4171 38.9632 119.937
648000 41.2104 41.1379 39.8597 122.208
649000 42.014 42.0088 40.7297 124.753
650000 42.7978 42.9849 41.5668 127.349
651000 44.0178 43.7869 41.9599 129.765
652000 45.416 44.7468 43.0349 133.198
653000 46.356 45.3577 44.4491 136.163
654000 47.4319 46.0313 45.5963 139.06
655000 47.925 46.6072 46.5907 141.123
656000 48.3281 47.4874 47.183 142.999
657000 48.6998 48.3463 47.7101 144.756
658000 49.0568 49.6726 48.2889 147.018
659000 49.3686 50.4358 48.9289 148.733
660000 50.1606 50.9171 50.4295 151.507
661000 50.9423 51.2572 51.7534 153.953
662000 51.8339 52.6651 52.8299 157.329
663000 52.4914 53.8212 54.2962 160.609
664000 52.9092 55.0932 54.8885 162.891
665000 52.6786 56.0491 55.4925 164.22
666000 53.6077 56.284 56.12 166.012
667000 54.5468 56.7632 57.8537 169.164
668000 55.6823 57.456 58.507 171.645
669000 57.265 57.9165 58.5029 173.684
670000 58.7007 58.6518 60.0313 177.384
671000 59.3977 59.8076 60.9401 180.145
672000 59.7182 60.8565 61.4953 182.07
673000 60.5205 61.5376 62.1501 184.208
674000 61.6108 62.1775 62.0468 185.835
675000 63.1595 63.5764 62.8568 189.593
676000 64.2142 64.3925 64.5331 193.14
677000 65.1803 65.0551 65.7934 196.029
678000 65.7843 66.039 66.973 198.796
679000 66.358 67.3329 67.6997 201.391
680000 67.4874 68.1873 68.7799 204.455
681000 68.2257 67.7765 69.1279 205.13
682000 69.6498 68.6553 71.0067 209.312
683000 71.6424 70.442 72.1434 214.228
684000 72.3118 70.6414 71.9009 214.854
685000 72.9473 71.7033 72.5066 217.157
686000 74.2145 72.2969 73.1053 219.617
687000 75.0584 73.3061 73.4253 221.79
688000 75.7319 74.3149 74.6109 224.658
689000 76.7205 74.4269 75.2584 226.406
690000 77.7147 74.8926 76.3801 228.987
691000 78.4919 76.5015 78.341 233.334
692000 79.5045 77.2911 78.1788 234.974
693000 80.5366 78.5032 79.1436 238.183
694000 81.2539 80.2869 80.466 242.007
695000 82.2821 81.4776 82.3012 246.061
696000 83.1237 82.1141 84.0132 249.251
697000 83.8393 82.3674 84.6284 250.835
698000 85.2896 83.6475 85.3817 254.319
699000 86.0417 84.3023 86.0558 256.4
700000 87.1741 84.7174 87.1151 259.007
701000 87.4285 85.3243 87.4748 260.228
702000 88.2636 85.3263 88.051 261.641
703000 88.9662 86.4398 89.3029 264.709
704000 89.9682 87.1587 91.3886 268.515
705000 91.4293 87.8276 92.6653 271.922
706000 91.4091 88.7612 93.2597 273.43
707000 92.0555 90.3954 93.8907 276.342
708000 92.6118 91.2835 94.1508 278.046
709000 93.4457 92.084 94.6046 280.134
710000 94.5175 92.8537 94.8996 282.271
711000 96.2131 93.4866 95.2328 284.932
712000 96.3386 93.1314 95.9922 285.462
713000 98.0323 94.7702 97.9328 290.735
714000 98.2375 95.2913 99.4729 293.002
715000 99.2062 95.9091 100.211 295.326
716000 99.9369 96.4975 100.653 297.088
717000 100.614 97.2585 100.882 298.755
718000 101.714 98.3656 101.141 301.22
719000 102.779 100.109 102.45 305.339
720000 104.061 101.271 103.302 308.635
721000 104.802 101.275 103.054 309.131
722000 105.438 101.653 103.767 310.857
723000 106.217 103.364 104.762 314.343
724000 106.836 104.444 106.526 317.805
725000 108.467 105.25 107.237 320.954
726000 109.762 106.809 107.947 324.518
727000 110.234 107.645 108.279 326.158
728000 112.134 108.721 108.065 328.92
729000 111.89 109.554 108.14 329.584
730000 113.759 111.08 108.552 333.391
731000 114.378 110.327 110.005 334.71
732000 114.973 111.017 111.164 337.154
733000 116.344 111.751 111.246 339.341
734000 117.207 112.579 111.8 341.585
735000 117.844 114.542 113.118 345.504
736000 118.048 115.579 113.841 347.468
737000 119.596 116.955 114.659 351.209
738000 120.3 116.56 115.248 352.108
739000 120.493 115.991 116.204 352.689
740000 119.746 116.711 117.576 354.034
741000 120.11 117.133 117.807 355.051
742000 119.985 118.707 118.863 357.555
743000 121.922 119.704 119.479 361.105
744000 122.369 120.439 120.596 363.404
745000 122.925 120.843 122.221 365.989
746000 123.718 121.396 122.794 367.908
747000 123.856 122.162 123.439 369.456
748000 123.97 123.913 123.272 371.154
749000 124.977 124.666 123.894 373.537
750000 124.976 125.15 124.133 374.258
751000 123.908 125.797 123.859 373.564
752000 123.879 127.513 124.587 375.979
753000 123.693 128.798 124.938 377.428
754000 125.384 129.113 126.252 380.75
755000 127.097 129.821 126.705 383.623
756000 126.194 129.926 127.198 383.318
757000 126.777 130.598 127.852 385.227
758000 127.082 130.953 129.093 387.128
759000 128.075 132.824 130.757 391.655
760000 128.377 133.3 131.943 393.62
761000 129.449 132.783 132.228 394.46
762000 131.084 133.2 133.485 397.769
763000 132.491 133.685 135.803 401.979
764000 134.077 134.738 137.9 406.714
765000 135.22 136.771 140.016 412.007
766000 135.86 136.805 140.72 413.384
767000 136.752 136.726 141.453 414.932
768000 138.08 138.311 143.726 420.116
769000 138.317 138.963 144.065 421.345
770000 138.923 139.209 144.842 422.973
771000 140.054 140.363 146.058 426.475
772000 141.584 140.535 147.199 429.318
773000 142.109 141.389 148.932 432.431
774000 142.807 142.423 149.841 435.071
775000 144.997 143.819 151.039 439.855
776000 145.703 144.103 150.901 440.707
777000 145.3 145.747 152.455 443.502
778000 145.134 146.073 152.921 444.128
779000 145.235 146.777 152.644 444.656
780000 145.843 147.239 152.999 446.08
781000 146.354 147.829 154.632 448.814
782000 147.014 149.452 155.504 451.969
783000 147.653 149.432 155.593 452.678
784000 148.77 148.775 156.444 453.989
785000 150.274 149.698 157.192 457.164
786000 150.968 151.235 157.717 459.919
787000 152.588 152.724 158.177 463.49
788000 153.88 153.366 158.824 466.071
789000 156.364 154.003 160.036 470.403
790000 157.851 155.384 160.829 474.065
791000 158.434 155.793 161.291 475.518
792000 159.104 156.069 162.254 477.428
793000 160.569 156.707 161.969 479.245
794000 163.06 157.618 163.739 484.417
795000 164.892 158.96 165.832 489.684
796000 165.325 159.087 166.616 491.028
797000 167.255 160.727 169.119 497.101
798000 167.578 161.936 170.237 499.752
799000 167.77 161.745 170.807 500.322
800000 168.017 162.311 171.502 501.83
801000 168.169 164.764 173.642 506.575
802000 169.075 165.572 174.851 509.498
803000 169.447 165.772 175.285 510.503
804000 170.171 166.723 176.269 513.163
805000 170.035 166.967 176.298 513.3
806000 170.713 167.493 177.141 515.347
807000 172.084 169.169 179.103 520.355
808000 173.346 170.302 180.252 523.9
809000 173.5 170.708 179.399 523.606
810000 174.073 169.977 180.962 525.013
811000 174.773 171.498 180.584 526.856
812000 175.215 172.881 181.145 529.241
813000 176.046 174.093 182.04 532.179
814000 177.759 175.457 183.434 536.65
815000 178.48 177.115 184.53 540.125
816000 179.786 178.644 184.023 542.453
817000 180.094 180.161 184.397 544.652
818000 180.18 180.503 185.737 546.419
819000 182.448 181.953 188.216 552.617
820000 182.955 182.038 189.049 554.042
821000 183.125 182.865 188.904 554.894
822000 181.614 183.111 187.773 552.499
823000 183.068 185.285 188.246 556.599
824000 184.551 186.163 189.698 560.412
825000 186.049 186.354 189.056 561.459
826000 187.822 187.881 189.644 565.346
827000 187.781 188.312 190.981 567.074
828000 187.313 188.725 191.114 567.152
829000 187.695 190.052 192.492 570.239
830000 188.899 192.718 193.943 575.56
831000 188.831 191.918 193.344 574.093
832000 191.363 193.978 196.577 581.918
833000 192.799 195.272 196.691 584.762
834000 192.938 196.055 196.154 585.146
835000 193.348 197.891 196.544 587.782
836000 195.131 197.986 196.594 589.711
837000 196.51 199.67 199.446 595.626
838000 196.366 199.5 199.096 594.961
839000 196.272 199.639 198.843 594.754
840000 196.892 200.257 200.652 597.8
841000 198.688 200.212 201.373 600.273
842000 198.623 200.149 202.347 601.12
843000 199.239 202.002 203.433 604.674
844000 199.901 203.535 204.72 608.156
845000 201.063 205.202 207.017 613.282
846000 203.223 207.071 208.776 619.069
847000 203.797 208.36 210.174 622.33
848000 204.721 208.822 210.302 623.844
849000 204.414 210.656 210.836 625.906
850000 205.711 212.038 212.686 630.435
851000 206.362 213.572 212.847 632.781
852000 208.936 215.332 214.186 638.455
853000 208.566 214.642 213.375 636.584
854000 210.412 215.705 215.563 641.68
855000 212.901 218.95 217.916 649.767
856000 212.428 219.296 217.465 649.189
857000 212.875 220.101 218.174 651.15
858000 213.45 220.189 218.958 652.598
859000 216.007 221.858 219.835 657.701
860000 216.7 222.219 219.489 658.408
861000 217.235 224.085 221.245 662.565
862000 218.695 225.149 222.914 666.759
863000 218.65 225.114 222.26 666.024
864000 218.404 225.646 222.732 666.782
865000 219.728 226.952 225.177 671.857
866000 220.537 227.18 226.141 673.858
867000 220.278 226.808 225.634 672.72
868000 223.369 229.982 228.364 681.715
869000 225.741 230.546 230.299 686.585
870000 226.132 230.698 230.932 687.761
871000 228.099 232.679 232.052 692.83
872000 229.249 234.091 231.928 695.268
873000 231.039 236.174 233.309 700.522
874000 231.801 238.448 234.595 704.843
875000 230.612 239.132 234.579 704.323
876000 231.095 240.443 234.773 706.311
877000 232.438 241.844 237.438 711.719
878000 233.217 243.761 237.252 714.23
879000 235.449 245.457 239.717 720.622
880000 235.664 247.031 240.212 722.907
881000 236.596 246.951 240.491 724.038
882000 237.565 246.921 241.464 725.951
883000 236.365 247.077 242.921 726.364
884000 237.674 247.64 244.309 729.622
885000 239.427 248.914 244.57 732.911
886000 240.843 248.987 244.092 733.922
887000 241.475 248.916 244.056 734.447
888000 245.309 251.681 246.796 743.786
889000 247.568 252.445 247.783 747.795
890000 247.589 252.207 248.54 748.337
891000 247.502 252.653 248.664 748.819
892000 249.022 252.474 249.933 751.429
893000 249.279 251.469 249.989 750.737
894000 250.456 253.144 251.599 755.199
895000 251.444 254.539 252.096 758.079
896000 253.334 256.844 253.136 763.314
897000 254.267 257.783 254.854 766.903
898000 254.881 258.543 255.212 768.636
899000 255.81 258.538 257.197 771.544
900000 257.632 258.429 260.276 776.337
901000 258.971 259.053 261.763 779.787
902000 261.146 260.117 263.119 784.382
903000 261.326 260.074 263.356 784.755
904000 261.411 259.982 264.427 785.82
905000 263.831 261.365 266.167 791.362
906000 265.904 263.462 267.735 797.1
907000 266.93 264.195 267.036 798.161
908000 268.766 266.594 267.405 802.765
909000 270.142 267.821 268.811 806.774
910000 268.897 265.819 267.002 801.718
911000 270.779 266.835 267.06 804.675
912000 272.728 267.171 267.188 807.087
913000 274.13 269.386 267.274 810.79
914000 274.853 271.07 267.69 813.614
915000 274.669 272.253 267.976 814.899
916000 275.725 274.072 268.166 817.963
917000 277.93 275.499 269.556 822.985
918000 278.021 275.924 270.794 824.74
919000 278.978 276.454 272.213 827.646
920000 281.526 278.448 272.938 832.912
921000 281.953 279.269 272.666 833.887
922000 282.819 280.066 273.485 836.37
923000 283.994 281.911 274.857 840.761
924000 284.552 283.059 274.889 842.5
925000 286.09 283.439 275.599 845.127
926000 287.776 283.527 277.306 848.61
927000 290.668 286.469 278.802 855.938
928000 290.282 286.209 279.025 855.515
929000 289.579 286.266 278.912 854.757
930000 288.975 285.92 278.303 853.198
931000 290.129 287.756 280.454 858.339
932000 291.531 291.205 281.696 864.432
933000 289.577 290.464 280.749 860.79
934000 289.926 289.34 281.526 860.792
935000 290.374 290.088 281.586 862.048
936000 291.876 292.239 283.675 867.79
937000 293.57 294.105 284.484 872.158
938000 295.473 296.924 285.415 877.811
939000 294.908 295.585 284.876 875.369
940000 295.469 295.468 284.707 875.644
941000 295.457 295.923 284.851 876.23
942000 296.463 296.747 285.745 878.955
943000 296.174 295.759 285.441 877.374
944000 298.26 296.445 286.899 881.604
945000 299.004 297.423 286.725 883.152
946000 298.011 298.468 287.386 883.866
947000 298.544 299.566 288.027 886.137
948000 301.161 300.555 290.647 892.363
949000 301.088 301.765 292.334 895.187
950000 302.255 302.289 293.863 898.407
951000 303.508 303.348 294.862 901.719
952000 305.285 304.327 296.421 906.033
953000 306.428 304.395 298.274 909.097
954000 308.925 307.839 300.594 917.358
955000 309.332 309.339 303.072 921.744
956000 308.168 308.518 303.145 919.83
957000 307.937 309.441 304.427 921.805
958000 306.162 308.014 304.622 918.797
959000 307.957 309.031 307.673 924.662
960000 310.194 309.297 311.412 930.903
961000 311.782 309.304 311.689 932.775
962000 314.466 310.796 312.952 938.214
963000 314.369 313.132 314.069 941.569
964000 315.431 314.952 314.443 944.826
965000 316.452 314.959 314.753 946.164
966000 317.408 314.606 314.57 946.583
967000 317.123 314.881 314.898 946.903
968000 320.242 317.528 318.46 956.23
969000 320.755 318.201 319.625 958.582
970000 322.095 318.319 321.051 961.465
971000 323.425 321.351 323.488 968.264
972000 324.067 322.03 323.997 970.093
973000 324.86 321.959 323.574 970.393
974000 327.208 324.6 324.865 976.673
975000 329.279 325.866 326.388 981.533
976000 328.399 325.654 326.621 980.673
977000 331.391 328.222 328.043 987.656
978000 332.917 328.585 327.893 989.395
979000 332.777 327.474 328.536 988.788
980000 333.901 329.535 328.871 992.307
981000 336.42 331.542 329.185 997.147
982000 338.654 333.802 330.967 1003.42
983000 340.708 334.324 332.114 1007.15
984000 341.898 335.107 332.407 1009.41
985000 342.265 335.361 333.895 1011.52
986000 343.531 334.608 336.547 1014.69
987000 343.505 334.896 338.258 1016.66
988000 343.732 335.827 338.523 1018.08
989000 345.592 337.552 341.917 1025.06
990000 346.751 337.484 342.988 1027.22
991000 348.206 337.446 344.368 1030.02
992000 349.044 337.917 344.926 1031.89
993000 351.588 339.295 348.737 1039.62
994000 354.084 339.283 350.135 1043.5
995000 353.845 338.211 349.528 1041.58
996000 354.52 339.988 351.003 1045.51
997000 356.48 340.809 353.272 1050.56
998000 357.185 342.15 353.659 1052.99
999000 359.338 344.934 356.671 1060.94
1000000 359.911 344.434 358.006 1062.35
1001000 360.75 345.74 358.166 1064.66
1002000 359.768 344.394 357.085 1061.25
1003000 359.454 345.429 358.244 1063.13
1004000 360.056 345.221 358.302 1063.58
1005000 360.856 346.561 359.601 1067.02
1006000 362.711 348.478 360.502 1071.69
1007000 364.253 349.887 361.189 1075.33
1008000 365.889 350.477 361.831 1078.2
1009000 365.309 348.947 361.935 1076.19
1010000 369.836 353.053 363.442 1086.33
1011000 368.921 351.403 363.107 1083.43
1012000 369.455 352.358 362.088 1083.9
1013000 368.002 350.98 361.982 1080.96
1014000 372.2 353.845 366.494 1092.54
1015000 371.63 352.608 367.253 1091.49
1016000 371.815 352.96 368.795 1093.57
1017000 375.418 353.518 369.772 1098.71
1018000 375.776 354.265 371.597 1101.64
1019000 376.875 356.899 374.492 1108.27
1020000 376.494 358.436 375.245 1110.18
1021000 376.009 358.149 375.289 1109.45
1022000 377.79 358.77 377.484 1114.04
1023000 376.015 357.52 376.76 1110.29
1024000 376.603 358.372 376.732 1111.71
1025000 379.444 360.661 380.736 1120.84
1026000 379.734 360.43 381.046 1121.21
1027000 381.488 360.812 384.577 1126.88
1028000 382.784 360.071 383.357 1126.21
1029000 384.111 360.824 384.848 1129.78
1030000 385.165 360.617 386.209 1131.99
1031000 386.493 361.77 387.848 1136.11
1032000 387.486 363.298 388.047 1138.83
1033000 390.342 365.017 388.152 1143.51
1034000 389.951 363.695 387.962 1141.61
1035000 390.107 363.568 389.63 1143.3
1036000 391.86 365.122 391.047 1148.03
1037000 392.627 364.905 391.214 1148.75
1038000 392.827 365.941 392.999 1151.77
1039000 393.122 366.616 393.067 1152.81
1040000 395.409 367.246 395.799 1158.45
1041000 396.972 368.903 398.551 1164.43
1042000 398.442 370.257 400.536 1169.23
1043000 399.942 370.791 401.609 1172.34
1044000 400.282 370.558 401.383 1172.22
1045000 400.995 372.424 402.276 1175.7
1046000 401.07 373.237 402.776 1177.08
1047000 400.355 372.836 402.394 1175.58
1048000 401.38 373.774 402.692 1177.85
1049000 402.874 376.069 402.04 1180.98
1050000 404.087 377.597 402.196 1183.88
1051000 405.093 378.665 403.781 1187.54
1052000 404.049 377.905 402.631 1184.58
1053000 405.47 380.844 405.451 1191.76
1054000 408.843 384.827 410.094 1203.76
1055000 408.068 382.473 408.847 1199.39
1056000 409.961 383.341 409.025 1202.33
1057000 410.005 382.46 408.838 1201.3
1058000 412.191 384.922 411.428 1208.54
1059000 412.927 385.941 413.248 1212.12
1060000 412.16 385.279 412.537 1209.98
1061000 408.927 381.906 410.278 1201.11
1062000 409.199 384.306 411.844 1205.35
1063000 410.486 385.236 413.38 1209.1
1064000 410.815 385.58 415.21 1211.61
1065000 411.859 385.586 417.056 1214.5
1066000 412.489 385.601 416.128 1214.22
1067000 415.241 389.472 420.521 1225.23
1068000 412.509 386.369 417.447 1216.33
1069000 413.457 387.323 419.369 1220.15
1070000 413.705 388.371 421.158 1223.23
1071000 413.537 389.033 421.932 1224.5
1072000 415.139 390.634 423.572 1229.34
1073000 417.008 392.164 427.111 1236.28
1074000 415.456 391.881 426.763 1234.1
1075000 416.345 393.745 429.344 1239.43
1076000 418.482 393.896 431.308 1243.69
1077000 419.504 392.772 431.075 1243.35
1078000 422.291 394.347 432.996 1249.63
1079000 424.587 394.757 433.487 1252.83
1080000 426.91 396.23 436.793 1259.93
1081000 426.609 395.268 436.819 1258.7
1082000 428.067 396.993 437.575 1262.63
1083000 426.359 395.297 435.733 1257.39
1084000 425.91 395.607 434.922 1256.44
1085000 426.217 398.212 437.474 1261.9
1086000 426.157 398.097 439.401 1263.66
1087000 426.01 400.08 440.827 1266.92
1088000 425.707 401.681 440.266 1267.65
1089000 428.158 403.192 441.467 1272.82
1090000 428.895 404.675 443.079 1276.65
1091000 430.683 404.751 444.576 1280.01
1092000 432.288 404.496 446.917 1283.7
1093000 434.043 404.364 447.59 1286
1094000 434.967 403.449 447.845 1286.26
1095000 435.388 404.687 447.779 1287.85
1096000 436.898 406.795 447.027 1290.72
1097000 438.325 408.509 448.94 1295.77
1098000 438.76 408.924 448.256 1295.94
1099000 438.656 408.857 447.699 1295.21
1100000 441.014 410.509 449.388 1300.91
1101000 442.652 411.663 452.274 1306.59
1102000 445.007 411.266 453.297 1309.57
1103000 443.663 409.924 451.235 1304.82
1104000 446.203 412.41 453.51 1312.12
1105000 445.895 413.585 454.065 1313.55
1106000 443.74 412.758 455.532 1312.03
1107000 444.275 414.949 458.425 1317.65
1108000 445.14 414.392 459.232 1318.76
1109000 444.885 413.401 457.756 1316.04
1110000 447.99 416.607 460.472 1325.07
1111000 450.808 418.907 462.421 1332.14
1112000 452.572 420.627 462.482 1335.68
1113000 453.981 421.029 460.319 1335.33
1114000 456.704 423.144 462.024 1341.87
1115000 455.926 423.757 461.897 1341.58
1116000 456.801 424.559 460.384 1341.74
1117000 457.75 425.957 462.088 1345.8
1118000 457.139 426.769 462.731 1346.64
1119000 458.383 426.872 462.67 1347.92
1120000 458.108 428.877 461.83 1348.81
1121000 458.565 430.048 461.544 1350.16
1122000 459.133 430.813 460.112 1350.06
1123000 462.321 436.334 463.28 1361.94
1124000 460.936 436.073 459.955 1356.96
1125000 461.469 434.939 459.1 1355.51
1126000 465.201 437.784 460.349 1363.33
1127000 465.182 438.899 460.268 1364.35
1128000 466.109 440.485 463.666 1370.26
1129000 466.965 440.867 466.35 1374.18
1130000 466.275 441.587 466.039 1373.9
1131000 467.098 442.706 465.893 1375.7
1132000 467.392 443.421 466.765 1377.58
1133000 467.281 443.702 466.64 1377.62
1134000 468.967 445.838 467.281 1382.09
1135000 469.611 446.145 467.244 1383
1136000 471.702 447.937 469.922 1389.56
1137000 471.815 449.053 470.996 1391.86
1138000 470.875 449.585 468.679 1389.14
1139000 471.513 450.518 468.008 1390.04
1140000 473.27 451.543 468.663 1393.48
1141000 474.803 454.504 470.26 1399.57
1142000 476.215 458.648 471.243 1406.11
1143000 475.781 457.636 470.79 1404.21
1144000 476.462 459.241 472.581 1408.28
1145000 477.578 459.985 474.456 1412.02
1146000 478.359 459.88 477.047 1415.29
1147000 479.798 460.888 478.52 1419.21
1148000 477.172 459.571 476.535 1413.28
1149000 478.511 464.342 477.987 1420.84
1150000 479.126 466.705 480.298 1426.13
1151000 478.225 465.868 479.459 1423.55
1152000 477.693 465.498 481.651 1424.84
1153000 476.837 464.842 483.575 1425.25
1154000 474.426 465.091 481.903 1421.42
1155000 477.407 468.141 485.56 1431.11
1156000 476.506 468.066 484.789 1429.36
1157000 476.874 468.567 485.255 1430.7
1158000 477.523 470.138 486.322 1433.98
1159000 479.641 472.539 489.113 1441.29
1160000 482.586 477.661 493.358 1453.6
1161000 481.684 477.168 491.343 1450.2
1162000 483.127 479.332 491.509 1453.97
1163000 482.931 478.677 490.677 1452.29
1164000 484.124 480.376 493.665 1458.17
1165000 483.599 480.061 493.629 1457.29
1166000 482.962 480.046 492.919 1455.93
1167000 485.391 482.627 494.021 1462.04
1168000 485.186 483.496 493.164 1461.85
1169000 487.699 484.72 493.848 1466.27
1170000 490.024 485.873 495.489 1471.39
1171000 490.155 485.287 494.605 1470.05
1172000 494.211 488.387 498.217 1480.82
1173000 494.204 488.506 497.215 1479.92
1174000 491.148 485.764 494.152 1471.06
1175000 493.795 487.488 496.44 1477.72
1176000 494.681 489.981 497.682 1482.34
1177000 495.553 491.043 498.645 1485.24
1178000 496.511 492.708 498.694 1487.91
1179000 497.944 495.193 501.552 1494.69
1180000 502.004 499.172 504.462 1505.64
1181000 500.254 497.045 503.592 1500.89
1182000 499.866 497.661 503.021 1500.55
1183000 499.659 496.984 500.795 1497.44
1184000 501.003 498.177 502.169 1501.35
1185000 503.016 502.562 504.107 1509.69
1186000 504.682 505.343 507.75 1517.77
1187000 504.597 506.848 507.882 1519.33
1188000 501.143 503.724 504.963 1509.83
1189000 505.341 508.953 510.066 1524.36
1190000 504.142 508.074 509.182 1521.4
1191000 502.603 507.048 508.928 1518.58
1192000 507.708 509.977 512.391 1530.08
1193000 509.734 510.702 512.411 1532.85
1194000 507.159 509.637 512.292 1529.09
1195000 506.715 509.656 513.997 1530.37
1196000 510.659 516.53 519.07 1546.26
1197000 510.281 517.066 518.16 1545.51
1198000 511.769 517.822 520.604 1550.19
1199000 512.675 518.408 521.1 1552.18
1200000 516.016 521.034 523.605 1560.66
1201000 514.994 519.943 521.535 1556.47
1202000 516.136 520.989 525.333 1562.46
1203000 516.436 519.996 525.283 1561.72
1204000 515.398 518.78 526.188 1560.37
1205000 516.544 520.964 528.451 1565.96
1206000 515.454 520.167 528.004 1563.62
1207000 518.068 521.361 530.696 1570.12
1208000 520.003 525.872 534.291 1580.16
1209000 519.373 524.751 533.465 1577.59
1210000 521.295 525.539 535.227 1582.06
1211000 521.365 527.789 536.086 1585.24
1212000 521.88 528.523 535.016 1585.42
1213000 523.247 529.531 536.835 1589.61
1214000 523.598 531.112 537.633 1592.34
1215000 525.072 534.823 539.174 1599.07
1216000 523.291 534.163 538.166 1595.62
1217000 526.988 539.222 540.775 1606.98
1218000 528.734 540.611 540.971 1610.32
1219000 531.454 542.185 540.717 1614.36
1220000 531.016 543.459 539.034 1613.51
1221000 533.814 545.302 541.53 1620.65
1222000 535.196 546.97 542.519 1624.68
1223000 536.251 546.312 542.014 1624.58
1224000 540.106 549.123 543.237 1632.47
1225000 538.848 547.756 542.809 1629.41
1226000 538.436 549.746 542.744 1630.93
1227000 538.842 550.04 542.114 1631
1228000 539.283 551.377 541.653 1632.31
1229000 542.041 552.658 543.981 1638.68
1230000 541.806 552.761 545.542 1640.11
1231000 541.815 554.618 545.733 1642.17
1232000 542.657 556.98 548.071 1647.71
1233000 542.524 556.153 548.764 1647.44
1234000 545.834 559.381 551.367 1656.58
1235000 545.804 558.584 552.57 1656.96
1236000 546.651 559.818 552.607 1659.08
1237000 546.038 558.768 552.073 1656.88
1238000 547.292 558.853 553.111 1659.26
1239000 547.681 560.07 553.689 1661.44
1240000 547.676 558.947 553.76 1660.38
1241000 548.524 559.87 555.522 1663.92
1242000 548.641 564.295 554.787 1667.72
1243000 550.013 566.963 557.491 1674.47
1244000 551.969 568.792 560.369 1681.13
1245000 552.896 570.175 562.079 1685.15
1246000 553.843 570.886 565.531 1690.26
1247000 552.038 570.344 564.203 1686.59
1248000 553.108 570.521 564.967 1688.6
1249000 557.14 572.826 568.921 1698.89
1250000 557.87 572.721 570.754 1701.35
1251000 558.844 572.41 570.903 1702.16
1252000 559.727 571.64 570.875 1702.24
1253000 559.691 571.734 570.179 1701.6
1254000 561.012 574.377 571.475 1706.86
1255000 559.678 574.291 572.071 1706.04
1256000 559.452 576.225 574.561 1710.24
1257000 560.687 576.038 574.609 1711.33
1258000 563.495 577.481 575.288 1716.26
1259000 562.924 576.249 574.043 1713.22
1260000 565.673 578.63 576.223 1720.53
1261000 564.731 578.096 576.147 1718.97
1262000 569.96 583.665 581.096 1734.72
1263000 570.717 581.72 577.243 1729.68
1264000 571.265 582.368 577.037 1730.67
1265000 574.491 584.628 578.996 1738.12
1266000 575.737 583.07 578.881 1737.69
1267000 575.242 581.236 579.131 1735.61
1268000 578.459 585.302 581.613 1745.37
1269000 577.776 583.941 578.832 1740.55
1270000 575.669 584.773 577.916 1738.36
1271000 579.863 587.342 580.944 1748.15
1272000 581.325 587.075 582.204 1750.6
1273000 579.647 585.964 581.714 1747.32
1274000 580.378 586.015 582.711 1749.1
1275000 582.095 588.496 584.939 1755.53
1276000 580.388 589.675 585.59 1755.65
1277000 581.174 591.263 585.545 1757.98
1278000 583.966 594.824 588.007 1766.8
1279000 583.173 597.315 586.462 1766.95
1280000 584.172 599.829 587.359 1771.36
1281000 586.163 600.753 591.024 1777.94
1282000 587.787 601.59 593.481 1782.86
1283000 587.212 601.323 594.537 1783.07
1284000 586.571 602.399 595.49 1784.46
1285000 583.984 602.739 595.674 1782.4
1286000 586.136 605.051 597.132 1788.32
1287000 589.906 609.023 601.228 1800.16
1288000 589.543 608.539 601.841 1799.92
1289000 588.564 606.082 601.49 1796.14
1290000 588.921 605.469 601.747 1796.14
1291000 589.376 606.222 600.712 1796.31
1292000 591.337 608.748 602.019 1802.1
1293000 591.045 609.183 603.318 1803.55
1294000 592.351 610.503 605.257 1808.11
1295000 594.363 612.792 604.601 1811.76
1296000 594.022 611.979 602.382 1808.38
1297000 596.512 615.538 604.157 1816.21
1298000 598.587 618.229 606.178 1822.99
1299000 600.053 617.693 607.065 1824.81
1300000 595.738 614.677 604.705 1815.12
1301000 597.216 616.61 605.711 1819.54
1302000 598.899 618.885 608.208 1825.99
1303000 599.667 619.101 606.863 1825.63
1304000 599.598 615.906 603.088 1818.59
1305000 600.424 617.983 605.934 1824.34
1306000 598.79 616.465 605.85 1821.11
1307000 602.662 619.765 610.092 1832.52
1308000 602.196 623.074 611.575 1836.84
1309000 602.526 626.349 614.124 1843
1310000 605.057 627.295 613.338 1845.69
1311000 602.265 625.557 608.759 1836.58
1312000 606.8 632.623 611.861 1851.28
1313000 607.028 633.143 611.105 1851.27
1314000 609.324 635.403 613.808 1858.53
1315000 607.821 637.025 615.173 1860.02
1316000 605.395 636.325 615.673 1857.39
1317000 609.128 638.88 620.207 1868.21
1318000 611.784 640.626 622.599 1875.01
1319000 612.425 643.538 624.305 1880.27
1320000 609.884 642.359 621.084 1873.33
1321000 608.227 642.876 619.141 1870.24
1322000 608.708 642.419 619.044 1870.17
1323000 610.83 645.459 622.94 1879.23
1324000 611.353 646.828 624.176 1882.36
1325000 611.671 647.361 625.388 1884.42
1326000 608.297 642.964 622.19 1873.45
1327000 608.192 643.022 623.328 1874.54
1328000 611.272 649.414 625.467 1886.15
1329000 614.619 652.947 630.587 1898.15
1330000 614.97 650.347 630.983 1896.3
1331000 617.724 652.852 634.638 1905.21
1332000 618.04 653.02 635.982 1907.04
1333000 616.538 653.432 634.526 1904.5
1334000 617.611 653.891 637.719 1909.22
1335000 618.419 654.355 639.056 1911.83
1336000 617.105 653.015 637.598 1907.72
1337000 616.837 652.228 635.949 1905.01
1338000 620.484 654.155 637.569 1912.21
1339000 623.723 658.95 642.543 1925.22
1340000 628.041 661.698 645.719 1935.46
1341000 626.678 658.446 642.553 1927.68
1342000 625.014 657.225 641.142 1923.38
1343000 626.249 659.4 640.173 1925.82
1344000 627.237 660.422 639.358 1927.02
1345000 631.034 663.669 642.588 1937.29
1346000 631.566 662.434 640.697 1934.7
1347000 634.513 665.092 641.55 1941.16
1348000 635.24 667.729 642.977 1945.95
1349000 635.476 667.753 640.758 1943.99
1350000 637.538 667.248 639.843 1944.63
1351000 640.416 670.478 640.686 1951.58
1352000 638.379 668.974 635.896 1943.25
1353000 644.113 670.935 637.386 1952.43
1354000 643.249 669.595 638.224 1951.07
1355000 649.831 674.815 643.89 1968.54
1356000 651.682 675.607 643.836 1971.13
1357000 651.543 674.736 643.623 1969.9
1358000 648.494 671.12 641.362 1960.98
1359000 650.198 674.737 644.547 1969.48
1360000 653.201 679.811 646.66 1979.67
1361000 653.911 679.601 645.132 1978.64
1362000 653.61 678.586 643.546 1975.74
1363000 653.928 679.795 645.258 1978.98
1364000 654.147 680.417 644.318 1978.88
1365000 653.982 678.351 644.116 1976.45
1366000 656.546 679.714 646.257 1982.52
1367000 659.275 680.929 647.729 1987.93
1368000 660.239 679.371 646.484 1986.09
1369000 663.324 679.644 645.706 1988.67
1370000 665.255 681.644 646.979 1993.88
1371000 666.296 682.648 649.418 1998.36
1372000 668.479 682.01 652.315 2002.8
1373000 669.509 683.455 652.95 2005.91
1374000 672.058 687.336 654.995 2014.39
1375000 670.052 687.449 655.358 2012.86
1376000 670.454 688.148 654.554 2013.16
1377000 669.642 687.487 655.885 2013.01
1378000 672.584 690.784 660.277 2023.65
1379000 674.263 692.123 661.969 2028.36
1380000 676.226 692.071 659.082 2027.38
1381000 678.523 695.344 662.999 2036.87
1382000 676.567 693.426 662.551 2032.54
1383000 675.534 692.729 661.812 2030.08
1384000 680.668 693.869 664.246 2038.78
1385000 684.247 696.499 666.12 2046.86
1386000 683.368 694.107 663.558 2041.03
1387000 683.282 695.29 662.564 2041.14
1388000 685.764 698.522 664.08 2048.37
1389000 686.14 698.253 665.372 2049.77
1390000 689.635 701.138 667.598 2058.37
1391000 690.57 700.406 667.389 2058.36
1392000 692.352 702.51 668.93 2063.79
1393000 695.839 704.181 672.774 2072.79
1394000 695.291 701.409 672.639 2069.34
1395000 696.464 701.962 673.436 2071.86
1396000 694.205 700.138 671.991 2066.33
1397000 699.192 702.627 675.484 2077.3
1398000 698.739 701.628 676.254 2076.62
1399000 701.082 702.9 679.081 2083.06
1400000 705.706 704.265 683.056 2093.03
1401000 708.894 706.045 684.969 2099.91
1402000 708.485 705.204 684.904 2098.59
1403000 707.222 704.077 684.301 2095.6
1404000 704.416 701.191 681.617 2087.22
1405000 707.976 702.083 682.466 2092.52
1406000 711.624 704.004 686.185 2101.81
1407000 713.401 703.325 686.293 2103.02
1408000 714.099 705.038 686.377 2105.51
1409000 717.1 707.425 687.899 2112.42
1410000 715.005 708.292 688.041 2111.34
1411000 711.302 706.088 684.965 2102.35
1412000 714.638 708.717 685.75 2109.1
1413000 714.565 708.457 686.229 2109.25
1414000 718.034 710.099 687.762 2115.89
1415000 718.589 709.878 689.118 2117.58
1416000 714.064 706.982 685.852 2106.9
1417000 718.286 711.906 690.949 2121.14
1418000 718.988 711.362 691.288 2121.64
1419000 718.389 711.446 691.466 2121.3
1420000 723.23 713.081 694.334 2130.64
1421000 722.84 712.935 694.559 2130.33
1422000 724.022 712.693 693.227 2129.94
1423000 727.243 714.334 694.36 2135.94
1424000 729.601 715.142 696.27 2141.01
1425000 729.156 713.879 696.173 2139.21
1426000 732.94 717.79 699.686 2150.42
1427000 733.578 719.517 699.03 2152.12
1428000 733.107 718.699 698.026 2149.83
1429000 735.017 722.057 701.078 2158.15
1430000 732.549 720.48 701.283 2154.31
1431000 733.071 720.398 700.457 2153.93
1432000 737.837 723.03 704.32 2165.19
1433000 734.984 720.348 701.769 2157.1
1434000 736.341 723.055 705.051 2164.45
1435000 737.071 725.316 706.173 2168.56
1436000 740.634 729.327 711.19 2181.15
1437000 739.706 725.847 712.497 2178.05
1438000 740.341 725.473 713.809 2179.62
1439000 737.537 722.881 714.228 2174.65
1440000 740.08 724.444 718.327 2182.85
1441000 743.258 727.25 721.501 2192.01
1442000 745.577 729.688 722.236 2197.5
1443000 742.539 729.123 720.247 2191.91
1444000 742.419 727.912 717.406 2187.74
1445000 743.678 727.295 717.129 2188.1
1446000 743.037 726.488 715.058 2184.58
1447000 749.566 731.074 721.52 2202.16
1448000 749.156 729.438 719.918 2198.51
1449000 747.241 726.32 718.101 2191.66
1450000 750.386 729.564 720.549 2200.5
1451000 751.605 733.245 722.12 2206.97
1452000 751.355 734.867 720.868 2207.09
1453000 755.573 740.724 724.051 2220.35
1454000 751.522 738.677 720.575 2210.77
1455000 751.587 737.038 720.84 2209.46
1456000 753.108 737.388 721.991 2212.49
1457000 757.202 741.12 726.38 2224.7
1458000 757.466 742.247 727.947 2227.66
1459000 755.679 742.473 727.635 2225.79
1460000 754.765 742.558 726.562 2223.88
1461000 759.002 744.588 728.575 2232.16
1462000 758.761 745.353 728.216 2232.33
1463000 760.287 747.721 730.318 2238.33
1464000 760.16 748.324 731.348 2239.83
1465000 759.894 747.633 729.808 2237.34
1466000 762.902 748.624 731.342 2242.87
1467000 763.088 745.261 731.113 2239.46
1468000 767.167 748.274 734.209 2249.65
1469000 771.841 751.8 738.136 2261.78
1470000 767.843 747.009 733.317 2248.17
1471000 764.969 747.301 731.443 2243.71
1472000 767.478 748.908 734.345 2250.73
1473000 770.099 751.318 737.683 2259.1
1474000 771.849 755.301 738.204 2265.35
1475000 769.891 752.419 734.978 2257.29
1476000 769.66 753.693 734.166 2257.52
1477000 770.436 754.746 734.833 2260.01
1478000 772.684 758.137 735.849 2266.67
1479000 778.367 761.103 740.533 2280
1480000 777.255 760.723 740.587 2278.56
1481000 777.34 761.515 740.844 2279.7
1482000 777.117 761.311 739.557 2277.99
1483000 781.007 761.745 741.408 2284.16
1484000 778.557 759.442 739.205 2277.2
1485000 779.417 761.912 742.801 2284.13
1486000 787.044 768.844 746.756 2302.64
1487000 786.584 768.199 744.685 2299.47
1488000 783.158 767.025 741.56 2291.74
1489000 784.346 767.809 741.986 2294.14
1490000 787.006 770.753 744.167 2301.93
1491000 786.042 769.761 743.955 2299.76
1492000 785.237 770.782 742.36 2298.38
1493000 789.819 775.986 745.003 2310.81
1494000 787.196 773.685 744.78 2305.66
1495000 786.918 774.568 745.883 2307.37
1496000 787.576 772.551 744.899 2305.03
1497000 788.183 773.026 743.494 2304.7
1498000 790.117 775.495 743.619 2309.23
1499000 793.566 778.247 744.452 2316.27
1500000 793.686 777.078 747.132 2317.9
1501000 794.511 780.623 750.464 2325.6
1502000 795.886 782.283 749.543 2327.71
1503000 794.2 778.388 748.668 2321.26
1504000 791.702 774.398 745.993 2312.09
1505000 793.375 776.327 747.056 2316.76
1506000 794.869 779.744 747.639 2322.25
1507000 795.605 780.231 749.363 2325.2
1508000 796.766 779.681 748.876 2325.32
1509000 798.461 781.112 750.769 2330.34
1510000 797.793 779.31 749.148 2326.25
1511000 796.382 780.358 749.508 2326.25
1512000 797.376 782.149 750.731 2330.25
1513000 800.947 786.425 753.213 2340.58
1514000 798.215 784.821 750.723 2333.76
1515000 800.703 787.466 752.876 2341.04
1516000 802.472 789.106 756.606 2348.18
1517000 800.218 787.112 755.282 2342.61
1518000 803.831 788.497 760.74 2353.07
1519000 806.777 791.833 763.337 2361.95
1520000 808.068 796.814 768.71 2373.59
1521000 807.875 798.312 769.068 2375.26
1522000 803.279 794.028 767.184 2364.49
1523000 806.45 795.85 772.845 2375.14
1524000 806.219 793.326 770.184 2369.73
1525000 807.412 796.803 770.259 2374.47
1526000 809.846 799.329 774.312 2383.49
1527000 810.71 799.311 775.058 2385.08
1528000 811.917 800.696 775.179 2387.79
1529000 811.556 801.346 774.245 2387.15
1530000 810.237 800.746 773.551 2384.53
1531000 809.569 799.915 773.142 2382.63
1532000 815.455 805.967 776.945 2398.37
1533000 816.586 808.579 779.827 2404.99
1534000 815.132 805.373 777.776 2398.28
1535000 815.041 806.545 777.925 2399.51
1536000 814.962 808.426 778.517 2401.91
1537000 815.707 809.73 781.295 2406.73
1538000 815.087 808.261 783.286 2406.63
1539000 817.574 809.378 787.259 2414.21
1540000 811.101 805.314 780.842 2397.26
1541000 809.476 805.346 780.213 2395.03
1542000 813.104 811.41 784.552 2409.07
1543000 814.245 812.698 783.907 2410.85
1544000 817.482 816.141 787.705 2421.33
1545000 814.068 811.057 784.392 2409.52
1546000 814.178 811.539 785.587 2411.3
1547000 816.086 813.169 787.828 2417.08
1548000 820.599 819.155 792.144 2431.9
1549000 819.598 817.688 792.151 2429.44
1550000 819.903 816.4 793.307 2429.61
1551000 817.829 814.302 791.413 2423.54
1552000 818.408 815.854 790.57 2424.83
1553000 816.815 817.207 790.218 2424.24
1554000 818.695 818.699 793.824 2431.22
1555000 813.766 813.238 789.91 2416.91
1556000 818.534 816.159 793.704 2428.4
1557000 815.559 810.257 789.91 2415.73
1558000 814.35 809.142 788.478 2411.97
1559000 817.113 812.532 790.692 2420.34
1560000 819.23 816.028 792.511 2427.77
1561000 818.068 815.252 792.786 2426.11
1562000 826.512 820.744 798.359 2445.61
1563000 827.246 820.413 797.439 2445.1
1564000 826.253 820.512 797.552 2444.32
1565000 824.5 819.51 798.694 2442.7
1566000 825.285 817.933 799.638 2442.86
1567000 827.958 821.274 803.34 2452.57
1568000 829.842 823.446 804.208 2457.5
1569000 828.857 823.921 804.429 2457.21
1570000 827.896 824.009 803.475 2455.38
1571000 828.128 823.395 803.087 2454.61
1572000 827.921 822.183 800.459 2450.56
1573000 830.919 823.62 802.351 2456.89
1574000 832.701 826.688 807.543 2466.93
1575000 830.034 823.561 805.048 2458.64
1576000 832.257 825.445 807.825 2465.53
1577000 834.095 824.477 807.837 2466.41
1578000 836.569 828.591 810.956 2476.12
1579000 834.547 827.247 808.546 2470.34
1580000 835.247 827.68 807.114 2470.04
1581000 834.246 827.525 805.869 2467.64
1582000 833.695 827.395 807.86 2468.95
1583000 839.229 831.348 815.575 2486.15
1584000 842.822 832.801 817.677 2493.3
1585000 842.607 834.035 818.17 2494.81
1586000 837.204 831.897 814.551 2483.65
1587000 833.16 829.901 810.643 2473.7
1588000 835.704 831.826 814.142 2481.67
1589000 836.283 831.951 813.791 2482.02
1590000 837.893 832.442 816.213 2486.55
1591000 837.697 834.001 816.943 2488.64
1592000 841.759 838.177 819.216 2499.15
1593000 841.203 840.559 820.534 2502.3
1594000 840.548 841.509 818.913 2500.97
1595000 842.563 841.851 820.084 2504.5
1596000 841.845 843.068 818.872 2503.78
1597000 844.666 843.925 819.204 2507.79
1598000 844.035 842.855 817.269 2504.16
1599000 843.274 843.823 817.045 2504.14
1600000 842.925 843.609 816.42 2502.95
