# Time-averaged data for fix thermo_avg
# TimeStep v_epsilon_co v_temp v_press v_pe v_ke v_etotal v_vol v_dens
601000 0.75 300.958 -289.488 -21577.7 3366.81 -18210.9 54056.8 1.05536
602000 0.75 300.346 73.1562 -21582 3359.96 -18222.1 54142.3 1.05368
603000 0.75 300.524 7.76007 -21504 3361.95 -18142.1 54064.7 1.05517
604000 0.75 299.934 -84.4815 -21594.2 3355.35 -18238.8 53942.1 1.05759
605000 0.75 299.271 61.495 -21634.1 3347.94 -18286.1 53816.6 1.06004
606000 0.75 298.609 -348.206 -21584.6 3340.54 -18244.1 53723.2 1.06189
607000 0.75 298.967 -161.613 -21588.2 3344.54 -18243.7 53816.1 1.06007
608000 0.75 299.642 -9.56842 -21595.7 3352.08 -18243.6 53418 1.06797
609000 0.75 300.524 54.221 -21584.6 3361.96 -18222.6 53780.1 1.06076
610000 0.75 303.167 -68.9399 -21507.7 3391.53 -18116.2 53649.9 1.06335
611000 0.75 301.013 34.5096 -21578.1 3367.43 -18210.6 53693.4 1.0625
612000 0.75 297.36 15.643 -21656.4 3326.55 -18329.9 53617.9 1.06399
613000 0.75 300.114 -83.974 -21643.8 3357.37 -18286.5 54232 1.05193
614000 0.75 297.83 -117.301 -21627.1 3331.82 -18295.3 54274.2 1.0511
615000 0.75 302.008 55.8786 -21596.4 3378.56 -18217.9 54010.8 1.05623
616000 0.75 297.778 -129.772 -21577.7 3331.23 -18246.5 53839.8 1.05959
617000 0.75 300.079 209.793 -21536 3356.97 -18179 53871.8 1.05896
618000 0.75 300.547 -102.152 -21521.7 3362.21 -18159.5 53556.4 1.06521
619000 0.75 298.286 9.31494 -21543.4 3336.92 -18206.4 53375.8 1.06882
620000 0.75 298.803 139.246 -21566.7 3342.7 -18224 53695.9 1.06243
621000 0.75 300.107 -58.8706 -21592.7 3357.29 -18235.4 54043 1.05563
622000 0.75 301.307 -26.3168 -21585.5 3370.71 -18214.8 54278.4 1.05103
623000 0.75 301.484 39.977 -21570.4 3372.69 -18197.7 54145.6 1.05361
624000 0.75 303.788 87.0055 -21605.2 3398.47 -18206.8 53772.9 1.06093
625000 0.75 298.537 -3.57565 -21556.5 3339.73 -18216.8 53719 1.06197
626000 0.75 302.991 -107.808 -21548.4 3389.55 -18158.8 54099.1 1.05452
627000 0.75 300.688 300.418 -21517.9 3363.79 -18154.1 54001.3 1.05644
628000 0.75 299.54 -22.5652 -21546.2 3350.95 -18195.2 53873.8 1.05893
629000 0.75 299.588 36.4853 -21536.8 3351.49 -18185.3 53854.4 1.0593
630000 0.75 299.63 56.9627 -21605.8 3351.95 -18253.8 53801.2 1.06035
631000 0.75 300.067 240.917 -21557.2 3356.84 -18200.3 53764.4 1.06108
632000 0.75 299.834 -73.905 -21570.6 3354.23 -18216.4 53826.5 1.05987
633000 0.75 300.68 -34.7922 -21586.9 3363.71 -18223.2 53952.6 1.05737
634000 0.75 301.988 55.8126 -21583 3378.33 -18204.6 53926.8 1.05789
635000 0.75 300.096 -158.064 -21567.8 3357.16 -18210.7 54007.8 1.0563
636000 0.75 299.036 -239.933 -21607.8 3345.31 -18262.5 54213.8 1.05228
637000 0.75 298.488 158.684 -21563.9 3339.18 -18224.7 54272.3 1.05115
638000 0.75 299.402 43.2555 -21592.7 3349.41 -18243.3 54193.9 1.05267
639000 0.75 300.027 91.7103 -21528.5 3356.39 -18172.1 53962.6 1.05718
640000 0.75 300.894 230.037 -21524 3366.1 -18157.9 53854.5 1.0593
641000 0.75 300.64 -147.995 -21482.4 3363.26 -18119.1 53335.6 1.06961
642000 0.75 301.122 -47.6936 -21527.5 3368.64 -18158.9 53787.9 1.06063
643000 0.75 299.605 21.4271 -21539.4 3351.67 -18187.8 53724.6 1.06189
644000 0.75 299.036 30.3814 -21541.7 3345.31 -18196.4 53645.2 1.06344
645000 0.75 300.816 -112.232 -21526.6 3365.22 -18161.4 53768.3 1.061
646000 0.75 301.275 42.8403 -21556.5 3370.35 -18186.2 53768.4 1.061
647000 0.75 299.668 -324.128 -21508.4 3352.38 -18156 53941.6 1.05759
648000 0.75 299.925 28.5745 -21570 3355.25 -18214.7 53868.1 1.05905
649000 0.75 297.582 -69.8299 -21612.1 3329.04 -18283.1 53865.9 1.05909
650000 0.75 300.419 174.594 -21579.1 3360.78 -18218.3 53845.4 1.05947
651000 0.75 301.142 -26.8143 -21518.3 3368.87 -18149.4 54043.2 1.0556
652000 0.75 299.262 -117.757 -21526.2 3347.84 -18178.4 54304.8 1.05051
653000 0.75 297.957 -33.3267 -21549.2 3333.24 -18216 53918.5 1.05804
654000 0.75 300.422 -69.3057 -21570.9 3360.81 -18210.1 53897 1.05848
655000 0.75 299.539 212.706 -21552.8 3350.94 -18201.9 53867.1 1.05905
656000 0.75 299.338 -138.46 -21583.4 3348.69 -18234.7 53844.1 1.0595
657000 0.75 297.935 123.031 -21548 3332.99 -18215 53881.3 1.05878
658000 0.75 301.224 -295.426 -21613.5 3369.79 -18243.7 53729.7 1.06176
659000 0.75 300.386 23.8087 -21613.2 3360.41 -18252.8 53439 1.06753
660000 0.75 301.088 -334.453 -21606.6 3368.27 -18238.3 53749.3 1.06137
661000 0.75 299.712 -40.9819 -21579.2 3352.88 -18226.3 53801.4 1.06035
662000 0.75 299.728 -51.2687 -21550 3353.05 -18196.9 53821.5 1.05995
663000 0.75 299.603 42.6263 -21571.6 3351.65 -18219.9 53847.3 1.05944
664000 0.75 298.067 44.0281 -21586.9 3334.46 -18252.4 54023.1 1.056
665000 0.75 299.18 -119.954 -21569 3346.92 -18222 53744 1.06149
666000 0.75 299.337 -34.4314 -21605.1 3348.68 -18256.4 53691.8 1.06252
667000 0.75 301.255 66.4428 -21547.9 3370.13 -18177.8 54027.6 1.05598
668000 0.75 300.769 -74.2997 -21574.7 3364.69 -18210 53740.9 1.06158
669000 0.75 301.239 60.6291 -21556.5 3369.96 -18186.5 53772.3 1.06092
670000 0.75 300.747 -113.706 -21635.1 3364.45 -18270.7 54177.1 1.05301
671000 0.75 299.664 99.7373 -21525.9 3352.34 -18173.6 54054 1.0554
672000 0.75 299.501 -17.3372 -21512 3350.51 -18161.5 53907.8 1.05827
673000 0.75 300.904 -51.8221 -21522.7 3366.2 -18156.5 53916.7 1.05808
674000 0.75 300.693 -12.5318 -21539.3 3363.85 -18175.5 53466.9 1.06699
675000 0.75 302.96 -299.72 -21515.1 3389.21 -18125.9 53561.4 1.06511
676000 0.75 299.933 280.384 -21550.2 3355.34 -18194.9 53781.1 1.06075
677000 0.75 299.628 -62.0673 -21531.3 3351.94 -18179.4 54162.8 1.05329
678000 0.75 300.142 -349.076 -21563.9 3357.69 -18206.3 53798.7 1.06042
679000 0.75 300.468 149.377 -21594.7 3361.33 -18233.4 54004.1 1.05639
680000 0.75 300.03 13.8384 -21631.2 3356.43 -18274.8 54191.1 1.05271
681000 0.75 299.38 19.1429 -21553.3 3349.16 -18204.1 54032.6 1.05581
682000 0.75 301.702 -127.467 -21550.1 3375.14 -18175 54069.1 1.05509
683000 0.75 299.752 -138.683 -21556 3353.32 -18202.7 54127.2 1.05396
684000 0.75 299.439 -82.2758 -21556.8 3349.82 -18207 53916.9 1.0581
685000 0.75 299.348 -208.615 -21548.7 3348.8 -18199.9 53977.2 1.05689
686000 0.75 300.812 -122.02 -21583.9 3365.18 -18218.7 53938.3 1.05767
687000 0.75 301.296 92.7684 -21553.4 3370.59 -18182.9 53687.7 1.0626
688000 0.75 300.349 -2.82337 -21563.7 3360 -18203.7 53866.3 1.05907
689000 0.75 301.244 -150.366 -21571.8 3370.01 -18201.7 53723.7 1.0619
690000 0.75 301.329 67.4831 -21495.3 3370.96 -18124.4 53539.4 1.06554
691000 0.75 299.836 -99.9402 -21530.5 3354.26 -18176.3 54097.5 1.05455
692000 0.75 300.581 186.831 -21623.1 3362.6 -18260.5 53747.2 1.06142
693000 0.75 299.909 -166.873 -21596.6 3355.07 -18241.5 54110.2 1.05431
694000 0.75 300.488 83.2979 -21557.4 3361.56 -18195.9 54068.3 1.05511
695000 0.75 301.626 -132.898 -21565.3 3374.28 -18191 54389.5 1.04887
696000 0.75 301.827 -188.085 -21506.4 3376.53 -18129.8 54353 1.04966
697000 0.75 299.235 298.863 -21565.2 3347.54 -18217.7 53764.9 1.06107
698000 0.75 300.151 59.4388 -21615.1 3357.78 -18257.3 53858.1 1.05922
699000 0.75 299.933 203.287 -21603 3355.34 -18247.7 53888.2 1.05864
700000 0.75 301.057 -87.5423 -21568.2 3367.92 -18200.3 54264.6 1.05129
701000 0.75 300.267 174.802 -21562.2 3359.08 -18203.1 54253.2 1.05152
702000 0.75 300.064 105.988 -21586 3356.81 -18229.2 54068.8 1.05513
703000 0.75 299.987 130.615 -21569.5 3355.95 -18213.6 53957.3 1.0573
704000 0.75 299.53 -16.2641 -21534.2 3350.84 -18183.4 54207.6 1.0524
705000 0.75 297.76 82.4567 -21568.7 3331.04 -18237.6 54210.4 1.05235
706000 0.75 300.921 35.9471 -21519.3 3366.4 -18152.9 54069.7 1.05512
707000 0.75 299.856 109.525 -21654.6 3354.48 -18300.1 54170.5 1.05314
708000 0.75 301.503 205.104 -21582.8 3372.91 -18209.9 54065.6 1.05519
709000 0.75 298.703 162.826 -21549.8 3341.58 -18208.2 53991.7 1.05661
710000 0.75 301.13 201.776 -21564.1 3368.73 -18195.4 53978.4 1.05688
711000 0.75 300.004 -86.9286 -21527.6 3356.14 -18171.5 53941.2 1.05761
712000 0.75 301.634 119.944 -21570 3374.37 -18195.6 53675.7 1.06285
713000 0.75 300.886 37.9778 -21578 3366 -18212 54274.8 1.0511
714000 0.75 299.868 124.1 -21596.2 3354.62 -18241.6 54130.7 1.05389
715000 0.75 298.899 -4.99727 -21606.7 3343.77 -18262.9 54116.9 1.05419
716000 0.75 299.912 -50.2122 -21621.6 3355.11 -18266.5 54194.7 1.05265
717000 0.75 299.107 -147.33 -21658 3346.11 -18311.9 53985.6 1.05674
718000 0.75 300.18 133.476 -21599 3358.11 -18240.9 53916.9 1.05808
719000 0.75 301.194 -125.847 -21564.8 3369.45 -18195.3 53989.3 1.05666
720000 0.75 301.105 70.2764 -21555.4 3368.45 -18187 53832.9 1.05973
721000 0.75 300.646 322.592 -21565 3363.32 -18201.7 53684.9 1.06265
722000 0.75 301.427 82.005 -21600.6 3372.06 -18228.5 53493.2 1.06646
723000 0.75 298.284 131.182 -21558.2 3336.9 -18221.3 53757.7 1.0612
724000 0.75 300.219 187.853 -21556.8 3358.54 -18198.2 53921.2 1.05799
725000 0.75 300.433 -101.353 -21594.9 3360.93 -18234 53929.2 1.05784
726000 0.75 298.976 118.84 -21597 3344.63 -18252.3 53850.2 1.05939
727000 0.75 299.791 -67.9308 -21558.4 3353.76 -18204.7 53834.8 1.05969
728000 0.75 301.179 -141.853 -21609.5 3369.28 -18240.2 53842.2 1.05954
729000 0.75 299.063 45.8228 -21581.8 3345.61 -18236.2 53567 1.065
730000 0.75 299.482 -59.1832 -21605.9 3350.3 -18255.6 54048.8 1.0555
731000 0.75 301.359 9.2211 -21554.6 3371.29 -18183.3 53692.9 1.0625
732000 0.75 300.666 107.789 -21596.9 3363.54 -18233.4 53658.5 1.06318
733000 0.75 300.998 211.512 -21610 3367.26 -18242.8 53678.5 1.06277
734000 0.75 300.162 69.5842 -21552.6 3357.9 -18194.7 53626.6 1.06381
735000 0.75 299.839 -98.0927 -21543.9 3354.3 -18189.6 53777.7 1.06081
736000 0.75 298.654 207.254 -21546 3341.03 -18204.9 53600.7 1.06431
737000 0.75 299.628 99.101 -21580.7 3351.94 -18228.8 53809.4 1.06019
738000 0.75 299.064 -130.715 -21516.5 3345.62 -18170.8 53819.3 1.05999
739000 0.75 299.089 -213.835 -21577.7 3345.9 -18231.8 53577.6 1.06478
740000 0.75 300.824 196.025 -21578.9 3365.31 -18213.6 53712 1.06211
741000 0.75 300.519 61.8949 -21595 3361.91 -18233.1 53902.9 1.05835
742000 0.75 300.194 62.0554 -21611 3358.26 -18252.7 54011 1.05624
743000 0.75 298.945 138.647 -21559.8 3344.29 -18215.6 54054.2 1.05538
744000 0.75 300.224 -43.095 -21529.2 3358.6 -18170.6 54008.2 1.05629
745000 0.75 298.935 -126.169 -21665.3 3344.18 -18321.1 54214.7 1.05226
746000 0.75 300.56 -113.118 -21671.2 3362.36 -18308.8 54025.4 1.05595
747000 0.75 300.732 -67.5057 -21578.1 3364.28 -18213.8 54019 1.05607
748000 0.75 300.892 -124.581 -21616.9 3366.07 -18250.8 53859 1.05922
749000 0.75 300.884 -29.3605 -21642.3 3365.99 -18276.4 53971.9 1.057
750000 0.75 300.866 -137.369 -21628.5 3365.78 -18262.7 53967.6 1.05709
751000 0.75 301.479 -108.739 -21586.3 3372.64 -18213.7 53738.3 1.06159
752000 0.75 300.358 168.898 -21589.5 3360.09 -18229.4 53865.8 1.05908
753000 0.75 300.122 128.137 -21590.6 3357.46 -18233.1 54009.8 1.05626
754000 0.75 300.141 -240.657 -21600.9 3357.67 -18243.2 54121.8 1.05407
755000 0.75 300.385 148.441 -21624.8 3360.4 -18264.4 54025.5 1.05596
756000 0.75 300.249 -186.247 -21629.4 3358.87 -18270.5 53854.1 1.05933
757000 0.75 300.192 85.8042 -21642.7 3358.24 -18284.5 53848.2 1.05942
758000 0.75 299.498 147.719 -21602.2 3350.48 -18251.7 53910.2 1.05822
759000 0.75 299.542 17.9307 -21639.2 3350.97 -18288.2 54158.3 1.05336
760000 0.75 300.412 108.682 -21635.4 3360.7 -18274.7 54017.7 1.05613
761000 0.75 299.36 -89.4179 -21584.8 3348.94 -18235.9 53652.1 1.06331
762000 0.75 299.662 40.2621 -21617.5 3352.32 -18265.2 53810.9 1.06015
763000 0.75 300.026 19.399 -21537.6 3356.39 -18181.2 53824.9 1.05988
764000 0.75 299.321 22.121 -21512.4 3348.5 -18163.9 54124.1 1.05403
765000 0.75 299.029 -177.807 -21508.8 3345.23 -18163.6 54232.1 1.05193
766000 0.75 299.868 -46.8069 -21587.1 3354.62 -18232.5 54018.7 1.05611
767000 0.75 299.946 23.4686 -21507.6 3355.49 -18152.1 53617.7 1.06399
768000 0.75 296.434 143.358 -21576.3 3316.2 -18260.1 53869.8 1.05901
769000 0.75 300.797 -261.666 -21549.7 3365.01 -18184.6 53685.9 1.06264
770000 0.75 298.985 -143.712 -21571.1 3344.73 -18226.4 53613.8 1.06405
771000 0.75 300.168 123.84 -21545 3357.98 -18187 53856 1.05928
772000 0.75 300.093 -170.804 -21614.1 3357.13 -18256.9 53847.1 1.05947
773000 0.75 299.538 199.563 -21638.3 3350.93 -18287.3 53846.4 1.05946
774000 0.75 299.72 108.248 -21598 3352.97 -18245.1 53835.7 1.05967
775000 0.75 299.298 -108.377 -21515.5 3348.24 -18167.3 53939.9 1.05762
776000 0.75 300.045 185.996 -21623.2 3356.59 -18266.6 53713 1.0621
777000 0.75 302.506 -5.75633 -21680.3 3384.13 -18296.2 54278.8 1.05105
778000 0.75 300.283 -103.666 -21622.2 3359.26 -18263 54029.8 1.05588
779000 0.75 299.312 71.9867 -21596.1 3348.4 -18247.7 53681.7 1.06272
780000 0.75 298.611 51.3847 -21644.9 3340.56 -18304.3 53832.3 1.05973
781000 0.75 297.593 -34.7423 -21592.5 3329.16 -18263.4 53743.5 1.06149
782000 0.75 299.635 47.2805 -21597.2 3352.01 -18245.2 54034 1.05579
783000 0.75 301.321 -30.9849 -21605.3 3370.87 -18234.4 54002.5 1.05642
784000 0.75 300.801 -24.5564 -21619.3 3365.05 -18254.2 53869.8 1.05901
785000 0.75 300.107 -92.7608 -21604.8 3357.29 -18247.5 53633.1 1.06369
786000 0.75 302.14 -45.9686 -21593.5 3380.03 -18213.4 53705 1.06226
787000 0.75 299.623 -132.934 -21606.3 3351.87 -18254.4 53932.4 1.05777
788000 0.75 299.172 254.379 -21649.5 3346.83 -18302.7 53876.4 1.05886
789000 0.75 301.104 10.6747 -21551.8 3368.45 -18183.4 53929.8 1.05785
790000 0.75 299.303 186.986 -21612.3 3348.3 -18264 53982.5 1.05681
791000 0.75 301.227 -14.8745 -21547.4 3369.82 -18177.6 53890 1.0586
792000 0.75 299.069 -36.4323 -21542.9 3345.68 -18197.2 53781.3 1.06075
793000 0.75 301.124 -130.238 -21589.9 3368.67 -18221.3 53391.2 1.06849
794000 0.75 301.435 -64.2109 -21586.4 3372.14 -18214.3 53748.8 1.06138
795000 0.75 301.229 -157.536 -21575.3 3369.84 -18205.4 54043.2 1.05562
796000 0.75 301.116 73.5226 -21533.5 3368.58 -18164.9 53805.2 1.06027
797000 0.75 303.2 -45.0585 -21558.1 3391.89 -18166.2 54083.8 1.05483
798000 0.75 299.461 99.7773 -21578.2 3350.06 -18228.2 53972.9 1.05699
799000 0.75 300.94 -33.867 -21597.9 3366.61 -18231.3 53754.9 1.06127
800000 0.75 299.446 -95.8756 -21645.9 3349.9 -18296 53662.6 1.06309
801000 0.75 301.076 4.75522 -21576.3 3368.13 -18208.2 53976.8 1.0569
802000 0.75 298.808 160.652 -21525.9 3342.76 -18183.1 54179.4 1.05295
803000 0.75 300.246 141.411 -21555.5 3358.84 -18196.6 54080.8 1.05487
804000 0.75 302.009 -52.0226 -21621.7 3378.57 -18243.1 54125.5 1.05402
805000 0.75 299.495 -112.278 -21626.6 3350.45 -18276.2 53860.5 1.05919
806000 0.75 299.352 225.347 -21593.3 3348.84 -18244.5 53922.4 1.05797
807000 0.75 297.514 134.389 -21641.2 3328.29 -18312.9 54109.8 1.0543
808000 0.75 299.528 -152.796 -21508.5 3350.81 -18157.7 53942.2 1.05758
809000 0.75 302.29 -2.52927 -21538.5 3381.71 -18156.8 53689.9 1.06255
810000 0.75 300.454 91.506 -21550.7 3361.18 -18189.5 53720.9 1.06193
811000 0.75 301.845 56.2652 -21552.6 3376.73 -18175.8 53901.3 1.05839
812000 0.75 298.816 43.9999 -21568 3342.85 -18225.2 53751.8 1.06132
813000 0.75 298.516 63.7084 -21605.3 3339.49 -18265.9 53614.4 1.06406
814000 0.75 301.185 -102.298 -21631.9 3369.35 -18262.6 53849.5 1.05939
815000 0.75 301.255 262.775 -21611.7 3370.13 -18241.5 53994.3 1.05656
816000 0.75 299.494 -17.0928 -21563.9 3350.43 -18213.5 54069.8 1.05509
817000 0.75 299.231 -67.625 -21540.8 3347.49 -18193.3 54049.1 1.05548
818000 0.75 301.583 209.198 -21543.2 3373.81 -18169.4 54006.6 1.05633
819000 0.75 300.402 106.044 -21505.8 3360.59 -18145.2 54342.3 1.04981
820000 0.75 298.287 245.216 -21501.2 3336.93 -18164.2 54091.8 1.05465
821000 0.75 302.025 -124.567 -21570.8 3378.74 -18192 53920.1 1.05802
822000 0.75 298.675 -85.5435 -21598.1 3341.27 -18256.8 53461.7 1.0671
823000 0.75 299.596 -28.8249 -21598 3351.57 -18246.4 54000 1.05646
824000 0.75 302.419 191.63 -21583 3383.16 -18199.8 54024.9 1.05597
825000 0.75 298.777 15.6907 -21541.3 3342.42 -18198.9 53813.2 1.06013
826000 0.75 297.525 -208.585 -21580.4 3328.4 -18252 53966.3 1.0571
827000 0.75 298.251 209.775 -21655.9 3336.53 -18319.4 53933.8 1.05774
828000 0.75 300.259 53.7181 -21614.3 3358.99 -18255.4 53655.7 1.06322
829000 0.75 299.198 -84.322 -21599.3 3347.12 -18252.2 53796.4 1.06047
830000 0.75 299.559 -157.369 -21549.6 3351.16 -18198.4 54292.5 1.05081
831000 0.75 301.696 35.7867 -21569.8 3375.07 -18194.8 53507.5 1.06616
832000 0.75 300.152 -128.119 -21561.5 3357.8 -18203.7 54085.1 1.0548
833000 0.75 299.104 -18.0935 -21533.9 3346.08 -18187.8 54149.6 1.05353
834000 0.75 297.861 53.9568 -21573 3332.17 -18240.8 53751.4 1.06134
835000 0.75 301.073 -85.0268 -21484.3 3368.1 -18116.2 53853.4 1.05933
836000 0.75 300.245 -183.28 -21582 3358.84 -18223.1 53628.7 1.06375
837000 0.75 299.197 39.9634 -21587.4 3347.11 -18240.3 54116.8 1.05419
838000 0.75 301.174 -153.282 -21667.4 3369.22 -18298.1 54050.3 1.05546
839000 0.75 300.649 3.11136 -21586.9 3363.35 -18223.5 53848.8 1.05943
840000 0.75 299.706 -66.0996 -21573.1 3352.8 -18220.3 53872.2 1.05896
841000 0.75 299.56 -70.3584 -21520.1 3351.18 -18169 53927.7 1.05787
842000 0.75 299.105 -183.433 -21574.2 3346.08 -18228.1 53842.1 1.05955
843000 0.75 298.368 179.829 -21546.1 3337.83 -18208.3 53715.7 1.06204
844000 0.75 300.549 -259.813 -21596.2 3362.24 -18234 53815.3 1.06009
845000 0.75 300.422 -88.2727 -21541.7 3360.81 -18180.9 54000.8 1.05643
846000 0.75 300.293 151.398 -21530.2 3359.37 -18170.9 54074.5 1.055
847000 0.75 298.565 188.101 -21588.7 3340.04 -18248.7 53890.6 1.0586
848000 0.75 298.954 171.007 -21561 3344.39 -18216.6 53818.4 1.06003
849000 0.75 299.392 116.644 -21578.1 3349.29 -18228.8 53958.9 1.05728
850000 0.75 300.455 -45.3249 -21524.9 3361.18 -18163.8 54024.3 1.05597
851000 0.75 297.9 222.236 -21534.6 3332.6 -18202 53904.4 1.05833
852000 0.75 298.905 0.201608 -21565.2 3343.84 -18221.3 54252 1.05153
853000 0.75 298.39 376.763 -21607.3 3338.08 -18269.2 53616.2 1.06401
854000 0.75 298.25 237.831 -21568.6 3336.52 -18232.1 53864 1.05917
855000 0.75 299.218 82.1063 -21525.1 3347.34 -18177.7 54497.8 1.0468
856000 0.75 301.987 -62.7932 -21574.4 3378.33 -18196.1 53909.7 1.05822
857000 0.75 299.123 158.572 -21593.8 3346.29 -18247.5 53675.9 1.06285
858000 0.75 298.745 19.2047 -21602.6 3342.05 -18260.6 53594.9 1.06442
859000 0.75 300.235 -224.86 -21551.3 3358.72 -18192.6 53886.4 1.05868
860000 0.75 301.998 -394.627 -21601.3 3378.45 -18222.9 53608.2 1.06418
861000 0.75 297.437 105.641 -21579.6 3327.42 -18252.1 53822.1 1.05993
862000 0.75 298.031 -87.2112 -21566.1 3334.07 -18232 54285.6 1.0509
863000 0.75 299.057 88.4212 -21548.4 3345.54 -18202.8 53908.5 1.05824
864000 0.75 300.062 -124.371 -21518.8 3356.79 -18162 53615.7 1.06402
865000 0.75 298.894 8.82198 -21534.3 3343.72 -18190.6 53866.1 1.05907
866000 0.75 300.849 34.8581 -21527 3365.59 -18161.4 53902.3 1.05837
867000 0.75 298.687 -270.22 -21513.7 3341.4 -18172.3 53533 1.06568
868000 0.75 299.72 7.82436 -21494.2 3352.96 -18141.2 53842.2 1.0596
869000 0.75 300.129 -110.117 -21600.8 3357.54 -18243.3 53802.3 1.06037
870000 0.75 300 -34.4576 -21585.3 3356.09 -18229.2 53754.3 1.06131
871000 0.75 301.048 -226.551 -21556 3367.81 -18188.1 53997.2 1.05653
872000 0.75 299.957 235.549 -21549.1 3355.61 -18193.5 53873.6 1.05893
873000 0.75 297.871 256.376 -21589.9 3332.28 -18257.6 54176.6 1.05301
874000 0.75 300.816 -266.953 -21515.9 3365.22 -18150.7 54160.8 1.05331
875000 0.75 302.057 8.1078 -21584.6 3379.11 -18205.5 53908.4 1.05824
876000 0.75 298.853 -28.8414 -21626 3343.26 -18282.7 53839.1 1.05964
877000 0.75 301.286 -92.6963 -21613 3370.48 -18242.6 54130.2 1.05391
878000 0.75 299.45 165.924 -21592.7 3349.94 -18242.8 53977.8 1.05689
879000 0.75 298.118 154.145 -21545.6 3335.04 -18210.6 54359.5 1.04947
880000 0.75 300.361 -74.2752 -21553.1 3360.13 -18192.9 54365.3 1.04935
881000 0.75 300.869 162.779 -21491.4 3365.82 -18125.6 54096.6 1.05459
882000 0.75 298.561 -92.5366 -21622 3340 -18282 54006.2 1.05633
883000 0.75 302.374 150.824 -21602.7 3382.65 -18220 53727.9 1.0618
884000 0.75 300.693 -64.0766 -21562.8 3363.85 -18198.9 53661.8 1.06312
885000 0.75 300.481 -108.024 -21574.4 3361.48 -18212.9 53691.2 1.06253
886000 0.75 299.129 5.74875 -21545.1 3346.34 -18198.7 53543.5 1.06545
887000 0.75 298.952 -9.0669 -21588.9 3344.37 -18244.5 53304.7 1.07024
888000 0.75 300.295 -89.6694 -21560.4 3359.4 -18201 53886 1.05868
889000 0.75 299.687 34.2162 -21548.8 3352.59 -18196.3 53938.5 1.05769
890000 0.75 300.315 -139.278 -21565.2 3359.61 -18205.6 53855.3 1.0593
891000 0.75 299.729 -45.7597 -21549.8 3353.07 -18196.7 53562.3 1.06509
892000 0.75 300.38 -271.077 -21561.1 3360.34 -18200.8 53716.4 1.06203
893000 0.75 298.675 0.612989 -21570.5 3341.28 -18229.2 53635.6 1.06363
894000 0.75 300.641 64.4211 -21586.3 3363.27 -18223 53747.7 1.0614
895000 0.75 301.439 185.279 -21648.5 3372.19 -18276.3 53684.8 1.06266
896000 0.75 298.806 55.7873 -21577.3 3342.74 -18234.6 53817.5 1.06004
897000 0.75 300.533 -0.802582 -21593.9 3362.06 -18231.8 53824.7 1.0599
898000 0.75 301.91 20.4807 -21555.2 3377.46 -18177.7 53720.4 1.06195
899000 0.75 301.152 0.311793 -21552.1 3368.98 -18183.1 53846.6 1.05946
900000 0.75 301.251 -100.008 -21544.6 3370.08 -18174.5 54106.3 1.05436
901000 0.75 299.561 -159.116 -21597.6 3351.18 -18246.4 54088 1.05474
902000 0.75 299.875 17.5198 -21572 3354.7 -18217.3 54175.4 1.05306
903000 0.75 299.399 -42.0285 -21568 3349.37 -18218.6 53793.1 1.06051
904000 0.75 298.245 -169.11 -21526.9 3336.46 -18190.4 53764.9 1.06106
905000 0.75 299.942 18.7282 -21617.2 3355.44 -18261.8 53858.1 1.05923
906000 0.75 299.581 -89.6688 -21606.7 3351.4 -18255.3 54213.2 1.05234
907000 0.75 299.687 -183.595 -21627 3352.59 -18274.4 54202.8 1.05251
908000 0.75 300.501 -141.931 -21656.9 3361.7 -18295.2 54392.1 1.04883
909000 0.75 299.727 -97.5499 -21589.9 3353.04 -18236.8 54612.7 1.04459
910000 0.75 300.658 299.574 -21571.8 3363.46 -18208.4 53883.4 1.05877
911000 0.75 299.173 -230.703 -21579.1 3346.84 -18232.3 53776.5 1.06085
912000 0.75 299.664 -133.361 -21601.9 3352.34 -18249.6 53959.9 1.05724
913000 0.75 299.214 -184.591 -21660 3347.3 -18312.7 54021.1 1.05606
914000 0.75 301.54 -356.595 -21577.6 3373.32 -18204.3 53857.4 1.05925
915000 0.75 298.862 204.895 -21607.8 3343.36 -18264.5 53671.1 1.06293
916000 0.75 297.516 162.215 -21525.5 3328.3 -18197.2 53645.4 1.06344
917000 0.75 301.123 99.5365 -21541.1 3368.65 -18172.4 53873.4 1.05893
918000 0.75 300.097 136.613 -21570.4 3357.17 -18213.2 53776 1.06085
919000 0.75 299.622 -161.559 -21577 3351.87 -18225.2 53949.5 1.05743
920000 0.75 300.987 -30.9427 -21535.6 3367.13 -18168.5 54091.4 1.05466
921000 0.75 299.508 159.934 -21540.4 3350.58 -18189.8 53827.5 1.05983
922000 0.75 299.51 -13.9599 -21564.8 3350.61 -18214.2 53837 1.05964
923000 0.75 301.392 186.823 -21568.5 3371.67 -18196.8 54051.5 1.05545
924000 0.75 299.596 92.6882 -21623 3351.58 -18271.4 53930.7 1.05781
925000 0.75 301.942 112.482 -21600.6 3377.82 -18222.7 53933 1.05776
926000 0.75 300.148 14.914 -21559 3357.75 -18201.2 54004.5 1.05635
927000 0.75 300.382 51.7797 -21551.9 3360.37 -18191.6 54252.9 1.05156
928000 0.75 298.313 -15.6206 -21600.5 3337.22 -18263.3 54003.1 1.0564
929000 0.75 299.945 81.4027 -21576.2 3355.48 -18220.7 53854.3 1.0593
930000 0.75 297.398 -104.671 -21535.3 3326.99 -18208.3 53608 1.0642
931000 0.75 298.495 214.006 -21588.5 3339.26 -18249.2 53916.1 1.0581
932000 0.75 301.628 -92.0234 -21537.7 3374.31 -18163.4 54219.6 1.05218
933000 0.75 299.784 -9.74212 -21580.8 3353.67 -18227.1 53704.6 1.06228
934000 0.75 299.895 -8.54974 -21579.2 3354.91 -18224.3 53617.7 1.06397
935000 0.75 300.825 311.239 -21560.2 3365.32 -18194.8 53684.2 1.06267
936000 0.75 300.378 -34.4666 -21636.3 3360.32 -18276 53952.9 1.05737
937000 0.75 300.828 -108.679 -21612.3 3365.36 -18246.9 53953.6 1.05735
938000 0.75 302.42 -62.6135 -21595.6 3383.17 -18212.4 54220.3 1.05217
939000 0.75 299.861 -68.2904 -21609.7 3354.54 -18255.2 53979.8 1.05685
940000 0.75 299.607 210.586 -21632 3351.7 -18280.3 53843.2 1.05953
941000 0.75 299.832 55.6746 -21621.9 3354.22 -18267.7 53823.3 1.05994
942000 0.75 299.691 114.445 -21577.1 3352.64 -18224.5 53807.7 1.06022
943000 0.75 301.309 -46.5481 -21632 3370.74 -18261.2 53603.8 1.06427
944000 0.75 299.457 16.2603 -21618.9 3350.02 -18268.8 53892.3 1.05858
945000 0.75 299.957 34.6671 -21598.7 3355.62 -18243.1 54104.8 1.0544
946000 0.75 299.545 -29.89 -21600.6 3351.01 -18249.5 53877.8 1.05885
947000 0.75 298.211 195.083 -21584.4 3336.08 -18248.3 53756.1 1.06125
948000 0.75 299.497 -22.5868 -21570.1 3350.47 -18219.6 53989.1 1.05666
949000 0.75 300.77 228.107 -21581 3364.71 -18216.3 53893.1 1.05854
950000 0.75 299.429 -68.7459 -21599.1 3349.7 -18249.4 53840.6 1.05958
951000 0.75 302.5 -240.543 -21582.9 3384.06 -18198.8 53781.6 1.06075
952000 0.75 299.917 -63.6275 -21564.8 3355.17 -18209.6 53785.3 1.06071
953000 0.75 303.548 -142.337 -21553.8 3395.79 -18158 53855.4 1.05931
954000 0.75 298.718 -215.563 -21570.2 3341.75 -18228.4 54106.5 1.05437
955000 0.75 299.867 178.844 -21601.2 3354.61 -18246.6 54140.7 1.0537
956000 0.75 299.742 -36.3749 -21615 3353.21 -18261.8 53802.4 1.06034
957000 0.75 300.509 209.314 -21585.1 3361.79 -18223.4 54019.2 1.05607
958000 0.75 301.175 73.862 -21608.7 3369.24 -18239.4 53619.1 1.06395
959000 0.75 299.096 190.363 -21576.4 3345.98 -18230.4 53884.8 1.05871
960000 0.75 301.43 4.56036 -21565.6 3372.09 -18193.5 53986.6 1.05671
961000 0.75 299.358 -49.9419 -21534.4 3348.92 -18185.5 53804.5 1.06028
962000 0.75 298.852 82.8562 -21602.8 3343.25 -18259.6 54007.4 1.0563
963000 0.75 300.765 -186.197 -21575.6 3364.65 -18210.9 54045.6 1.05559
964000 0.75 298.477 -163.903 -21562.4 3339.06 -18223.4 53873.3 1.05895
965000 0.75 300.623 -131.793 -21526.3 3363.06 -18163.2 53782.9 1.06071
966000 0.75 299.878 51.7714 -21561.5 3354.73 -18206.8 53700.3 1.06234
967000 0.75 301.658 70.7572 -21587.9 3374.65 -18213.3 53465.3 1.06701
968000 0.75 297.616 92.5871 -21522.6 3329.42 -18193.2 54027.2 1.05593
969000 0.75 301.203 -223.251 -21569.2 3369.55 -18199.6 53847.8 1.05944
970000 0.75 300.986 -89.7411 -21592.7 3367.13 -18225.5 53964.6 1.05715
971000 0.75 301.137 -241.485 -21591 3368.81 -18222.2 54171.7 1.05311
972000 0.75 299.727 99.438 -21529.4 3353.05 -18176.3 53995.9 1.05653
973000 0.75 299.495 -54.6611 -21535.5 3350.44 -18185 53755.6 1.06126
974000 0.75 300.114 -148.497 -21617.2 3357.37 -18259.8 54016 1.05613
975000 0.75 299.984 119.308 -21528.8 3355.91 -18172.9 53977.3 1.05689
976000 0.75 301.474 -90.9069 -21569.6 3372.58 -18197 53646.1 1.06342
977000 0.75 300.28 235.27 -21581.5 3359.23 -18222.3 53961.4 1.0572
978000 0.75 299.976 86.8082 -21573.7 3355.83 -18217.8 53878 1.05885
979000 0.75 298.576 -21.108 -21602.8 3340.17 -18262.6 53612.3 1.06411
980000 0.75 298.463 82.0261 -21569 3338.9 -18230.1 53592.7 1.06449
981000 0.75 302 -72.2563 -21501.1 3378.47 -18122.6 53838.2 1.05963
982000 0.75 299.423 37.3462 -21552.6 3349.64 -18203 53953 1.05737
983000 0.75 299.466 -38.3029 -21592.1 3350.12 -18242 53913.8 1.05815
984000 0.75 299.783 -164.094 -21618.1 3353.67 -18264.4 53718.8 1.062
985000 0.75 301.321 -96.0363 -21594.9 3370.88 -18224 53711 1.06213
986000 0.75 301.176 -81.4665 -21573.1 3369.25 -18203.8 53830.6 1.05977
987000 0.75 301.291 28.581 -21560.2 3370.54 -18189.6 53796.9 1.06043
988000 0.75 300.886 -96.6766 -21549.1 3366.01 -18183.1 53634.5 1.06364
989000 0.75 299.224 132.333 -21536.2 3347.42 -18188.8 53914.5 1.05813
990000 0.75 302.61 -31.7979 -21478.2 3385.29 -18092.9 53774.9 1.06089
991000 0.75 299.028 50.1687 -21505 3345.23 -18159.8 53768.3 1.06099
992000 0.75 300.579 106.882 -21566.2 3362.57 -18203.7 53726.3 1.06184
993000 0.75 300.349 146.07 -21511.2 3360 -18151.2 53903.9 1.05834
994000 0.75 299.992 -44.7405 -21548.4 3356.01 -18192.4 54015.8 1.05616
995000 0.75 300.204 -160.981 -21595.1 3358.38 -18236.8 53657.5 1.06319
996000 0.75 299.793 186.237 -21508.8 3353.78 -18155 53851.6 1.05936
997000 0.75 300.701 72.9775 -21560.9 3363.93 -18197 53856.3 1.05927
998000 0.75 299.799 -223.897 -21557.2 3353.84 -18203.4 53927.6 1.05788
999000 0.75 300.168 -82.9274 -21592.9 3357.98 -18234.9 54244.5 1.05169
1000000 0.75 299.713 251.941 -21610.5 3352.88 -18257.7 54062.8 1.05522
1001000 0.75 298.426 -69.8733 -21624.5 3338.49 -18286 54134.4 1.05382
1002000 0.75 299.81 -85.985 -21592.7 3353.97 -18238.7 53765.9 1.06105
1003000 0.75 298.794 25.1398 -21580.1 3342.6 -18237.5 53703.3 1.06228
1004000 0.75 298.673 49.2435 -21560.1 3341.25 -18218.8 53581.9 1.0647
1005000 0.75 300.655 108.661 -21539 3363.42 -18175.6 53656.2 1.06323
1006000 0.75 300.018 7.24089 -21607 3356.3 -18250.7 53766.5 1.06104
1007000 0.75 300.59 -163.187 -21554.8 3362.69 -18192.2 53906.8 1.05827
1008000 0.75 300.811 -163.783 -21554.7 3365.17 -18189.5 54010.3 1.05625
1009000 0.75 298.838 93.8974 -21554.5 3343.09 -18211.4 53782.4 1.06073
1010000 0.75 302.062 -332.933 -21568.6 3379.16 -18189.4 54534.2 1.04613
1011000 0.75 298.897 -182.177 -21617.9 3343.76 -18274.2 54197.8 1.05261
1012000 0.75 299.409 -89.8511 -21618.6 3349.48 -18269.1 54014.8 1.05616
1013000 0.75 301.79 -48.2002 -21556.1 3376.12 -18180 53725.1 1.06186
1014000 0.75 299.967 -136.921 -21595.9 3355.73 -18240.1 54090.9 1.05469
1015000 0.75 297.409 10.6421 -21584 3327.11 -18256.9 53865.2 1.05911
1016000 0.75 299.027 167.996 -21515.5 3345.21 -18170.3 53720.7 1.06194
1017000 0.75 299.838 227.983 -21595.9 3354.28 -18241.6 53778.9 1.06079
1018000 0.75 300.648 155.988 -21621.3 3363.34 -18258 53711 1.06213
1019000 0.75 300.576 172.032 -21576.9 3362.54 -18214.4 53859.1 1.05924
1020000 0.75 301.362 -110.335 -21550.4 3371.34 -18179.1 54059.7 1.05528
1021000 0.75 299.324 158.245 -21622 3348.54 -18273.4 53896 1.05848
1022000 0.75 301.634 -139.286 -21611.4 3374.37 -18237 53999.9 1.05645
1023000 0.75 299.895 133.138 -21612.4 3354.91 -18257.5 53524.5 1.06583
1024000 0.75 300.716 -45.6349 -21645 3364.1 -18280.9 53389.9 1.06851
1025000 0.75 298.43 -59.5278 -21661.4 3338.53 -18322.9 53979.1 1.05686
1026000 0.75 300.49 80.4751 -21613.4 3361.57 -18251.8 53795.1 1.06048
1027000 0.75 299.996 -28.0779 -21653.8 3356.05 -18297.8 53909 1.05823
1028000 0.75 299.62 -139.37 -21545 3351.84 -18193.2 53671.7 1.0629
1029000 0.75 298.661 86.1446 -21577.4 3341.11 -18236.2 53735.7 1.06166
1030000 0.75 301.884 170.989 -21626.7 3377.18 -18249.6 53683.3 1.06271
1031000 0.75 301.937 -103.19 -21563.6 3377.76 -18185.8 53785.8 1.06066
1032000 0.75 299.025 144.814 -21554.2 3345.18 -18209 53785 1.06068
1033000 0.75 300.913 58.0146 -21561.4 3366.31 -18195.1 53923.7 1.05794
1034000 0.75 300.718 -79.4385 -21561.5 3364.13 -18197.4 53758.3 1.06119
1035000 0.75 300.421 94.7209 -21554.7 3360.81 -18193.9 53850.6 1.05938
1036000 0.75 299.017 -165.108 -21533.1 3345.09 -18188 54104.2 1.05441
1037000 0.75 301.579 134.714 -21604.2 3373.76 -18230.4 54100.2 1.05449
1038000 0.75 300.33 197.94 -21570 3359.79 -18210.2 53966.4 1.05712
1039000 0.75 298.641 -50.9473 -21537.5 3340.89 -18196.6 53844.6 1.05952
1040000 0.75 300.211 181.205 -21511.5 3358.45 -18153.1 53939.1 1.05765
1041000 0.75 298.948 255.515 -21505.6 3344.32 -18161.3 53992.9 1.05659
1042000 0.75 299.226 121.876 -21585.6 3347.44 -18238.1 54092.4 1.05466
1043000 0.75 299.099 -18.3483 -21644.7 3346.01 -18298.7 54020.3 1.05604
1044000 0.75 299.177 8.74259 -21652.5 3346.88 -18305.6 53837.8 1.05964
1045000 0.75 300.155 -103.006 -21632.3 3357.83 -18274.5 54092.4 1.05464
1046000 0.75 298.561 52.3256 -21637.6 3340 -18297.6 54072.4 1.05506
1047000 0.75 298.91 -153.61 -21625.1 3343.9 -18281.2 53815.1 1.06007
1048000 0.75 301.426 127.166 -21647.9 3372.04 -18275.9 53812.8 1.06012
1049000 0.75 300.108 -164.257 -21616.2 3357.3 -18258.9 53867.4 1.05906
1050000 0.75 300.577 -23.7143 -21596.9 3362.55 -18234.4 53755.8 1.06124
1051000 0.75 298.177 226.326 -21573.9 3335.71 -18238.2 53772.1 1.06092
1052000 0.75 299.237 -224.388 -21558.3 3347.56 -18210.7 53385.7 1.06864
1053000 0.75 300.241 -142.69 -21614.9 3358.79 -18256.1 53765 1.06105
1054000 0.75 299.681 -107.236 -21608.6 3352.53 -18256 54329.2 1.05004
1055000 0.75 299.994 -31.7332 -21586.1 3356.03 -18230.1 53948.7 1.05745
1056000 0.75 299.789 173.523 -21566.7 3353.74 -18213 53958.2 1.05727
1057000 0.75 299.817 84.9414 -21566 3354.05 -18212 53821.1 1.05997
1058000 0.75 298.739 24.6954 -21540.9 3341.98 -18198.9 54111.5 1.05428
1059000 0.75 300.123 -32.8765 -21544.4 3357.47 -18186.9 54288.4 1.05083
1060000 0.75 300.225 27.1505 -21677.4 3358.61 -18318.8 54036.1 1.05574
1061000 0.75 301.719 -77.5075 -21643.5 3375.32 -18268.1 53445 1.06742
1062000 0.75 300.893 -153.957 -21595.5 3366.09 -18229.5 53744 1.06149
1063000 0.75 298.452 -42.3839 -21612.8 3338.77 -18274 53863 1.05914
1064000 0.75 299.11 128.621 -21623.3 3346.14 -18277.1 53903.7 1.05833
1065000 0.75 299.249 43.505 -21647.4 3347.69 -18299.7 53950.4 1.05743
1066000 0.75 299.915 176.674 -21580.6 3355.15 -18225.4 53852.7 1.05933
1067000 0.75 300.169 -236.063 -21504.9 3357.98 -18146.9 54410.5 1.04847
1068000 0.75 299.093 -51.5486 -21547.7 3345.95 -18201.8 53731.9 1.06172
1069000 0.75 298.374 -10.8159 -21586.3 3337.91 -18248.4 53882.2 1.05876
1070000 0.75 301.455 -98.1225 -21571.2 3372.37 -18198.8 53894.3 1.05853
1071000 0.75 299.301 -105.99 -21641.2 3348.27 -18292.9 53747.4 1.06141
1072000 0.75 300.247 86.1251 -21624.7 3358.86 -18265.8 53806.5 1.06026
1073000 0.75 300.436 -128.694 -21643.3 3360.97 -18282.3 54205 1.05245
1074000 0.75 302.199 -125.549 -21598.6 3380.7 -18217.9 53878.6 1.05882
1075000 0.75 298.522 124.268 -21519.2 3339.56 -18179.6 53928.4 1.05784
1076000 0.75 302.195 -125.597 -21567.7 3380.65 -18187.1 53967.3 1.05709
1077000 0.75 302.239 -102.775 -21571.1 3381.14 -18190 53695.9 1.06242
1078000 0.75 297.172 127.37 -21613.6 3324.46 -18289.1 53900.7 1.05839
1079000 0.75 299.161 30.64 -21570.3 3346.71 -18223.6 53893.5 1.05853
1080000 0.75 299.475 -19.0534 -21567.5 3350.22 -18217.3 54215 1.05225
1081000 0.75 301.628 -96.0683 -21559 3374.3 -18184.7 53944.2 1.05754
1082000 0.75 298.048 -82.2202 -21586.2 3334.26 -18251.9 53942.8 1.05756
1083000 0.75 298.603 46.1196 -21563.4 3340.47 -18223 53587 1.06459
1084000 0.75 301.297 35.0895 -21621.1 3370.6 -18250.5 53566.6 1.06499
1085000 0.75 299.866 24.5543 -21549.8 3354.59 -18195.2 53768 1.06102
1086000 0.75 301.464 166.019 -21552.7 3372.47 -18180.2 53813.6 1.06011
1087000 0.75 298.219 -92.5489 -21532 3336.17 -18195.8 53750.2 1.06136
1088000 0.75 298.69 -67.5222 -21604.9 3341.44 -18263.5 53624.8 1.06384
1089000 0.75 298.384 102.884 -21556.7 3338.02 -18218.7 53787 1.06065
1090000 0.75 299.38 196.349 -21556.4 3349.16 -18207.2 53868.9 1.05904
1091000 0.75 302.197 -178.465 -21555.6 3380.67 -18174.9 53772.5 1.06092
1092000 0.75 299.364 151.722 -21570.9 3348.98 -18221.9 53840.7 1.05957
1093000 0.75 300.191 8.65375 -21588.8 3358.23 -18230.5 53968.7 1.05705
1094000 0.75 297.299 58.1632 -21625.2 3325.88 -18299.3 53917.6 1.05806
1095000 0.75 300.452 158.714 -21612.1 3361.15 -18251 53785.8 1.06067
1096000 0.75 299.445 -212.789 -21629.5 3349.89 -18279.6 53890.1 1.0586
1097000 0.75 302.34 57.7866 -21538.8 3382.27 -18156.5 53980.8 1.05682
1098000 0.75 301.249 9.9056 -21609.5 3370.06 -18239.5 53789.9 1.06059
1099000 0.75 300.486 126.497 -21672 3361.53 -18310.5 53670.9 1.06291
1100000 0.75 297.997 78.3709 -21618.8 3333.69 -18285.1 53905.5 1.05832
1101000 0.75 299.101 350.91 -21542.6 3346.03 -18196.6 54055 1.0554
1102000 0.75 301.361 -148.08 -21628.1 3371.32 -18256.8 54053.3 1.05543
1103000 0.75 298.666 -155.502 -21585.6 3341.17 -18244.4 53688.2 1.06259
1104000 0.75 296.469 -255.506 -21630.6 3316.59 -18314 54067.8 1.05514
1105000 0.75 299.472 21.5418 -21550.8 3350.19 -18200.7 54005.8 1.05633
1106000 0.75 299.796 80.7694 -21546.2 3353.81 -18192.4 53951.3 1.05742
1107000 0.75 300.498 -15.7255 -21571.1 3361.67 -18209.4 54078.9 1.05494
1108000 0.75 300.099 -156.362 -21586.7 3357.2 -18229.5 53996.4 1.05652
1109000 0.75 301.118 84.7307 -21584.4 3368.6 -18215.8 53566.6 1.065
1110000 0.75 298.386 -71.6216 -21668 3338.03 -18330 53914.2 1.05813
1111000 0.75 300.64 158.609 -21582.6 3363.26 -18219.3 54121.2 1.05409
1112000 0.75 300.582 37.0577 -21562.6 3362.6 -18200 54011 1.05624
1113000 0.75 301.878 148.683 -21565 3377.11 -18187.9 53764.4 1.06109
1114000 0.75 299.784 -72.1672 -21568 3353.68 -18214.3 53888.7 1.05864
1115000 0.75 300.268 82.091 -21534.7 3359.09 -18175.6 53718.4 1.062
1116000 0.75 300.304 124.068 -21542.9 3359.49 -18183.4 53572.1 1.0649
1117000 0.75 299.949 -35.2732 -21554.8 3355.52 -18199.3 53808.8 1.06023
1118000 0.75 300.649 -0.764656 -21535.9 3363.35 -18172.5 53711 1.06214
1119000 0.75 301.165 -147.997 -21531 3369.12 -18161.9 53647.8 1.06338
1120000 0.75 300.479 -86.5411 -21537.5 3361.45 -18176 53637.7 1.06358
1121000 0.75 298.895 -158.165 -21585.4 3343.74 -18241.7 53685.7 1.06264
1122000 0.75 300.013 122.906 -21584.3 3356.24 -18228.1 53619.3 1.06394
1123000 0.75 300.653 -41.609 -21568.3 3363.4 -18204.8 53967.4 1.05709
1124000 0.75 301.214 149.958 -21561.7 3369.68 -18192 53541.6 1.06549
1125000 0.75 299.157 165.075 -21605.8 3346.66 -18259.2 53693.5 1.0625
1126000 0.75 298.21 3.42609 -21544.5 3336.07 -18208.5 54017.8 1.05611
1127000 0.75 300.591 -126.057 -21612.6 3362.7 -18249.9 53900.6 1.05839
1128000 0.75 298.785 136.237 -21494.1 3342.51 -18151.6 54190.5 1.05275
1129000 0.75 301.952 73.7386 -21601.3 3377.93 -18223.4 54330.6 1.05002
1130000 0.75 299.968 43.6258 -21558.3 3355.74 -18202.5 54054.8 1.05541
1131000 0.75 300.348 213.117 -21598.8 3359.99 -18238.8 53910.5 1.05821
1132000 0.75 299.489 -67.3187 -21528.1 3350.38 -18177.7 53827.3 1.05984
1133000 0.75 299.285 49.7025 -21564.8 3348.1 -18216.7 53695.2 1.06245
1134000 0.75 299.934 124.75 -21553.9 3355.36 -18198.6 53804.8 1.06029
1135000 0.75 300.308 49.3484 -21563.9 3359.54 -18204.3 53709.3 1.06217
1136000 0.75 300.585 76.1758 -21553.4 3362.64 -18190.8 53950.4 1.05742
1137000 0.75 299.788 145.573 -21554.1 3353.73 -18200.4 54019.7 1.05605
1138000 0.75 300.654 109.5 -21508.5 3363.41 -18145.1 53825.1 1.05989
1139000 0.75 298.988 167.392 -21578.8 3344.77 -18234 53654.9 1.06324
1140000 0.75 299.262 235.225 -21574.3 3347.84 -18226.5 53760.4 1.06115
1141000 0.75 300.423 -55.2659 -21588.7 3360.83 -18227.9 53919.4 1.05802
1142000 0.75 301.383 -187.051 -21561.7 3371.57 -18190.1 54065.1 1.05517
1143000 0.75 300.377 127.786 -21610.8 3360.31 -18250.5 53896.4 1.05849
1144000 0.75 300.669 205.426 -21547.9 3363.57 -18184.3 53982.6 1.05679
1145000 0.75 300.057 63.251 -21546.3 3356.74 -18189.5 54125.6 1.054
1146000 0.75 300.666 68.1111 -21531.3 3363.54 -18167.8 54194 1.05266
1147000 0.75 299.814 -207.909 -21583.2 3354.01 -18229.2 54295.7 1.0507
1148000 0.75 299.156 9.5388 -21540.1 3346.65 -18193.4 53860.8 1.05917
1149000 0.75 299.833 106.765 -21608 3354.22 -18253.8 54160.8 1.05339
1150000 0.75 300.234 73.2667 -21605.1 3358.71 -18246.4 54352.6 1.04958
1151000 0.75 300.128 132.749 -21615.5 3357.52 -18258 54016.2 1.05614
1152000 0.75 301.01 74.7381 -21561.9 3367.4 -18194.5 53969.4 1.05706
1153000 0.75 298.77 -125.977 -21585.7 3342.33 -18243.4 53954.8 1.05734
1154000 0.75 298.729 -48.8729 -21592.7 3341.88 -18250.8 53534 1.06564
1155000 0.75 299.61 50.4375 -21549.5 3351.73 -18197.7 53905.1 1.05831
1156000 0.75 301.034 -59.187 -21591 3367.66 -18223.4 53732.9 1.06171
1157000 0.75 300.812 -232.908 -21609.3 3365.17 -18244.2 53684.3 1.06266
1158000 0.75 298.727 -151.951 -21599 3341.86 -18257.2 53769.5 1.06099
1159000 0.75 298.978 184.096 -21592.7 3344.67 -18248 54018.6 1.05609
1160000 0.75 301.484 -53.4525 -21553.7 3372.7 -18181 54340.5 1.04984
1161000 0.75 300.756 -132.484 -21625.9 3364.56 -18261.4 54030.3 1.05585
1162000 0.75 300.306 193.045 -21554.7 3359.52 -18195.2 54171.2 1.0531
1163000 0.75 300.578 -52.8026 -21495.7 3362.56 -18133.1 53866.7 1.05907
1164000 0.75 299.697 0.040448 -21544.4 3352.7 -18191.7 53934.6 1.05775
1165000 0.75 299.509 -40.2942 -21564.6 3350.6 -18214 53877.8 1.05883
1166000 0.75 300.988 -53.7225 -21517.8 3367.15 -18150.7 53665.8 1.06305
1167000 0.75 301.487 200.077 -21549.9 3372.73 -18177.1 53867.6 1.05908
1168000 0.75 299.517 -199.952 -21635.5 3350.69 -18284.8 53713.2 1.06209
1169000 0.75 299.626 2.53088 -21571.7 3351.91 -18219.7 53879.1 1.05888
1170000 0.75 298.27 81.816 -21526.2 3336.74 -18189.4 53853.3 1.05932
1171000 0.75 299.378 -133.266 -21563 3349.14 -18213.9 53696.4 1.06244
1172000 0.75 300.808 -83.6574 -21536.9 3365.13 -18171.7 54148.9 1.05354
1173000 0.75 300.477 -85.6689 -21595 3361.43 -18233.5 54013.1 1.05622
1174000 0.75 300.39 22.7787 -21521.6 3360.45 -18161.2 53436.9 1.0676
1175000 0.75 299.278 52.2524 -21577.3 3348.02 -18229.3 53675.9 1.06285
1176000 0.75 301.803 -13.828 -21551 3376.27 -18174.8 53706.8 1.06223
1177000 0.75 301.239 7.52354 -21536.4 3369.95 -18166.5 53717 1.06201
1178000 0.75 300.171 -40.8599 -21548.7 3358.01 -18190.6 53745.9 1.06144
1179000 0.75 299.622 39.55 -21588.9 3351.86 -18237 54022.4 1.05602
1180000 0.75 300.66 -3.01097 -21533.9 3363.48 -18170.4 54440.6 1.04789
1181000 0.75 300.052 -31.065 -21533.3 3356.67 -18176.6 54130.1 1.05391
1182000 0.75 299.588 -77.3167 -21590.8 3351.48 -18239.4 53925.7 1.0579
1183000 0.75 301.082 -61.804 -21595.2 3368.2 -18227 53652.3 1.06329
1184000 0.75 299.516 47.0356 -21556.9 3350.68 -18206.3 53797.5 1.06045
1185000 0.75 300.296 210.919 -21584.7 3359.4 -18225.3 54266.4 1.05126
1186000 0.75 300.942 -53.6969 -21560.9 3366.64 -18194.3 54519 1.04642
1187000 0.75 301.528 54.3225 -21556.3 3373.19 -18183.1 54326.2 1.0501
1188000 0.75 299.467 25.4292 -21582 3350.13 -18231.9 53743.7 1.06149
1189000 0.75 298.978 -83.5164 -21577.9 3344.66 -18233.3 54348.5 1.04968
1190000 0.75 298.354 -39.9757 -21571.7 3337.68 -18234 54026.1 1.05594
1191000 0.75 300.534 -136.603 -21575.2 3362.07 -18213.2 53767.5 1.06102
1192000 0.75 303.33 71.8935 -21546.1 3393.35 -18152.7 54108.4 1.05434
1193000 0.75 301.464 5.03796 -21510.6 3372.47 -18138.2 54153.1 1.05348
1194000 0.75 301.471 -26.9323 -21509.4 3372.55 -18136.9 53870 1.05901
1195000 0.75 299.385 143.166 -21550.1 3349.21 -18200.9 53812.2 1.06013
1196000 0.75 298.81 -105.783 -21592.5 3342.78 -18249.8 54383.5 1.04901
1197000 0.75 299.867 -59.4933 -21576.8 3354.61 -18222.2 54044.7 1.0556
1198000 0.75 297.898 -24.6543 -21591 3332.58 -18258.5 54187.9 1.05279
1199000 0.75 300.214 170.879 -21528.4 3358.48 -18169.9 54074 1.05501
1200000 0.75 298.997 181.375 -21524.5 3344.87 -18179.6 54367.2 1.04932
1201000 0.75 297.541 26.2643 -21535.4 3328.58 -18206.9 53900 1.0584
1202000 0.75 298.941 7.72366 -21558.2 3344.25 -18213.9 53941.5 1.0576
1203000 0.75 298.138 -58.8044 -21545.3 3335.27 -18210 53823.9 1.05991
1204000 0.75 302.075 -4.47074 -21539 3379.3 -18159.7 53661.2 1.06315
1205000 0.75 300.448 -238.112 -21556.4 3361.11 -18195.3 53793.2 1.0605
1206000 0.75 300.368 79.909 -21496.8 3360.21 -18136.6 53639.6 1.06354
1207000 0.75 300.15 33.5406 -21539 3357.77 -18181.2 53708.1 1.06222
1208000 0.75 301.329 87.4117 -21563.1 3370.96 -18192.1 53941.9 1.0576
1209000 0.75 300.854 56.1949 -21524.8 3365.65 -18159.1 53737.3 1.06162
1210000 0.75 298.852 45.0516 -21532.7 3343.25 -18189.5 53904.8 1.05833
1211000 0.75 300.881 63.3311 -21548.5 3365.95 -18182.5 53933.5 1.05775
1212000 0.75 299.425 -64.1305 -21525 3349.66 -18175.3 53772.9 1.06091
1213000 0.75 299.627 45.8013 -21576 3351.92 -18224.1 53953.2 1.05737
1214000 0.75 299.563 -28.9384 -21588.9 3351.21 -18237.7 53912.7 1.05816
1215000 0.75 299.139 -142.196 -21561.2 3346.46 -18214.7 54008.5 1.05629
1216000 0.75 299.318 0.232017 -21575.4 3348.46 -18227 53710.5 1.06216
1217000 0.75 299.327 76.8725 -21583.4 3348.57 -18234.9 54100 1.05452
1218000 0.75 298.771 94.1615 -21588.3 3342.35 -18246 54221.6 1.05213
1219000 0.75 299.176 -35.5 -21688.3 3346.87 -18341.4 54158.6 1.05336
1220000 0.75 298.329 -116.661 -21616.8 3337.4 -18279.4 53891.5 1.05858
1221000 0.75 298.857 -83.2121 -21567 3343.31 -18223.7 54093.6 1.05463
1222000 0.75 298.799 88.7392 -21527.5 3342.65 -18184.9 54081.5 1.05488
1223000 0.75 300.414 118.021 -21537.1 3360.72 -18176.3 53958.3 1.05728
1224000 0.75 300.509 -213.711 -21599.2 3361.79 -18237.4 54180.4 1.05292
1225000 0.75 298.799 85.0709 -21580.8 3342.66 -18238.2 53953.5 1.05736
1226000 0.75 300.834 96.0338 -21600.5 3365.42 -18235.1 53861.1 1.05919
1227000 0.75 299.441 -22.4689 -21573.1 3349.84 -18223.3 53721.5 1.06193
1228000 0.75 303.432 -110.867 -21514.5 3394.49 -18120 53753.1 1.06131
1229000 0.75 299.273 54.9763 -21574.1 3347.96 -18226.1 53910.3 1.05819
1230000 0.75 298.338 79.7607 -21562.9 3337.5 -18225.4 53780.2 1.06076
1231000 0.75 298.396 -74.2811 -21618.7 3338.15 -18280.5 53797.4 1.06042
1232000 0.75 300.893 -105.215 -21576.5 3366.09 -18210.5 53879.5 1.05882
1233000 0.75 300.943 -43.9353 -21615.2 3366.65 -18248.5 53803 1.06032
1234000 0.75 299.678 89.7591 -21578.4 3352.49 -18225.9 54144 1.05365
1235000 0.75 300.085 106.748 -21556.2 3357.04 -18199.2 54061.2 1.05528
1236000 0.75 299.39 71.9448 -21611.3 3349.27 -18262 54002.5 1.05639
1237000 0.75 299.77 68.8067 -21571.6 3353.52 -18218.1 53834.6 1.05974
1238000 0.75 299.333 -239.08 -21596.9 3348.64 -18248.2 53872.3 1.05895
1239000 0.75 300.071 150.074 -21632.9 3356.89 -18276 53952.9 1.05737
1240000 0.75 300.325 209.198 -21590.2 3359.73 -18230.5 53809 1.0602
1241000 0.75 299.371 283.155 -21605.4 3349.06 -18256.4 53796.6 1.06044
1242000 0.75 298.411 15.7112 -21558.8 3338.32 -18220.5 53790.7 1.06056
1243000 0.75 299.977 103.021 -21584 3355.84 -18228.2 53933.9 1.05776
1244000 0.75 300.489 -132.084 -21556.3 3361.57 -18194.7 54012.4 1.0562
1245000 0.75 300.756 128.959 -21650.3 3364.55 -18285.7 54088.7 1.05473
1246000 0.75 299.508 -31.9144 -21579.8 3350.59 -18229.3 54207 1.05241
1247000 0.75 300.378 9.4592 -21635.7 3360.33 -18275.4 53949.9 1.05745
1248000 0.75 301.124 -33.5684 -21604.9 3368.67 -18236.2 53961.9 1.05719
1249000 0.75 299.862 -327.968 -21615.3 3354.55 -18260.7 54326.8 1.0501
1250000 0.75 299.624 279.156 -21597.9 3351.89 -18246 54198.6 1.05259
1251000 0.75 299.406 -34.317 -21597.3 3349.45 -18247.8 54123.4 1.05403
1252000 0.75 299.991 -174.42 -21579.4 3356 -18223.4 53914.1 1.05814
1253000 0.75 301.428 83.6551 -21595.7 3372.06 -18223.7 53871 1.05898
1254000 0.75 300.801 281.164 -21570.4 3365.06 -18205.4 53919.6 1.05803
1255000 0.75 299.831 170.245 -21561.5 3354.2 -18207.2 53735.9 1.06163
1256000 0.75 300.612 210.351 -21561.5 3362.94 -18198.6 53871.8 1.05897
1257000 0.75 301.313 -133.448 -21618.7 3370.78 -18247.9 53790.8 1.06056
1258000 0.75 300.244 -70.6966 -21584.2 3358.83 -18225.4 54034 1.05578
1259000 0.75 301.903 26.3323 -21605.6 3377.38 -18228.2 53805.4 1.06026
1260000 0.75 299.557 70.0205 -21580.3 3351.14 -18229.2 53982.2 1.0568
1261000 0.75 299.723 8.50064 -21549.1 3352.99 -18196.1 53770.5 1.06096
1262000 0.75 301.188 -44.3926 -21543.9 3369.38 -18174.5 54357.6 1.04954
1263000 0.75 300.346 102.603 -21559.8 3359.96 -18199.9 54032 1.05583
1264000 0.75 302.823 -212.084 -21556.4 3387.67 -18168.7 53930.1 1.05781
1265000 0.75 300.633 -181.581 -21626.1 3363.17 -18263 54189 1.05277
1266000 0.75 299.813 40.7406 -21527.7 3354 -18173.7 54133.4 1.05386
1267000 0.75 298.852 138.478 -21571 3343.25 -18227.7 54002.5 1.0564
1268000 0.75 299.825 -174.754 -21635 3354.13 -18280.9 54241.7 1.05174
1269000 0.75 299.338 4.10568 -21653.3 3348.69 -18304.6 53984.3 1.05676
1270000 0.75 298.592 66.0802 -21626 3340.35 -18285.7 53765.5 1.06109
1271000 0.75 299.744 54.217 -21686.7 3353.23 -18333.5 54086.8 1.05475
1272000 0.75 300.81 -216.53 -21625.6 3365.16 -18260.5 54156.9 1.0534
1273000 0.75 300.644 -118.499 -21595.3 3363.3 -18232 53896.5 1.05848
1274000 0.75 300.627 44.893 -21563.3 3363.11 -18200.2 53851 1.05937
1275000 0.75 298.119 24.268 -21619.7 3335.05 -18284.6 53977.5 1.0569
1276000 0.75 302.403 73.6024 -21598.5 3382.97 -18215.6 53757.7 1.06122
1277000 0.75 300.658 -399.354 -21561.7 3363.45 -18198.3 53713.7 1.06208
1278000 0.75 301.433 -176.935 -21556.4 3372.13 -18184.2 53957.1 1.0573
1279000 0.75 299.871 112.236 -21586 3354.65 -18231.3 53847.8 1.05945
1280000 0.75 301.333 249.269 -21540.6 3371 -18169.6 53976.3 1.05694
1281000 0.75 301.239 173.299 -21612.6 3369.96 -18242.7 54061.3 1.05528
1282000 0.75 300.611 -67.218 -21610.9 3362.93 -18248 54134.9 1.05388
1283000 0.75 299.825 114.919 -21605.4 3354.14 -18251.3 53942.8 1.05757
1284000 0.75 299.192 148.949 -21614.2 3347.06 -18267.1 53822.4 1.05994
1285000 0.75 300.945 29.0936 -21539.2 3366.67 -18172.5 53580.8 1.06472
1286000 0.75 300.255 -146.561 -21599.4 3358.95 -18240.4 53705.2 1.06227
1287000 0.75 300.471 -133.304 -21645.8 3361.37 -18284.4 54067.1 1.05513
1288000 0.75 300.984 136.818 -21683.9 3367.11 -18316.7 54010.1 1.05625
1289000 0.75 299.336 -53.6138 -21651.5 3348.66 -18302.8 53784.2 1.0607
1290000 0.75 301.122 -20.8559 -21543.5 3368.64 -18174.8 53677.5 1.0628
1291000 0.75 299.744 -115.686 -21608.6 3353.23 -18255.4 53720.8 1.06195
1292000 0.75 299.913 45.7397 -21599.9 3355.12 -18244.8 53980.6 1.05682
1293000 0.75 299.434 165.675 -21544.6 3349.77 -18194.8 53965.9 1.05712
1294000 0.75 299.085 76.8789 -21555 3345.86 -18209.2 54069.9 1.05509
1295000 0.75 299.68 62.0167 -21527.9 3352.52 -18175.4 54042.3 1.05562
1296000 0.75 299.924 -203.7 -21609.7 3355.24 -18254.5 53821.4 1.05995
1297000 0.75 298.716 -256.707 -21562.2 3341.73 -18220.5 54071.5 1.05504
1298000 0.75 301.171 84.5562 -21608.5 3369.19 -18239.3 54339.1 1.04985
1299000 0.75 301.209 -5.91378 -21653.4 3369.61 -18283.7 54372.5 1.04927
1300000 0.75 299.381 17.255 -21561.7 3349.17 -18212.5 53708 1.0622
1301000 0.75 300.507 122.086 -21585.5 3361.76 -18223.8 53799.2 1.06041
1302000 0.75 300.281 -174.115 -21639.8 3359.24 -18280.5 54028.6 1.05588
1303000 0.75 298.299 108.691 -21617.5 3337.06 -18280.4 54006 1.05633
1304000 0.75 297.465 -15.9615 -21632.6 3327.74 -18304.8 53673.5 1.06288
1305000 0.75 300.202 157.413 -21585.5 3358.35 -18227.1 53845.9 1.05946
1306000 0.75 298.67 33.6749 -21524.4 3341.22 -18183.2 53526.5 1.06579
1307000 0.75 301.498 -279.618 -21535.3 3372.85 -18162.4 53968.6 1.05706
1308000 0.75 300.098 93.7395 -21606.5 3357.19 -18249.3 54023.9 1.05599
1309000 0.75 300.233 -93.6864 -21558.8 3358.7 -18200.1 54045 1.05558
1310000 0.75 299.089 -208.338 -21534.5 3345.9 -18188.6 54105.3 1.05439
1311000 0.75 299.673 180.303 -21657.5 3352.43 -18305.1 53561.3 1.0651
1312000 0.75 299.116 -62.5825 -21560.2 3346.2 -18213.9 54137 1.05379
1313000 0.75 300.29 79.2143 -21581.5 3359.34 -18222.1 54140.1 1.05371
1314000 0.75 299.19 4.72092 -21610.6 3347.03 -18263.6 54337.9 1.0499
1315000 0.75 299.659 -114.013 -21577 3352.28 -18224.7 54293.1 1.05077
1316000 0.75 301.081 312.924 -21634.4 3368.19 -18266.2 53921.1 1.05799
1317000 0.75 298.862 -65.2684 -21645 3343.36 -18301.7 54180 1.05294
1318000 0.75 301.493 -39.301 -21662.2 3372.79 -18289.4 54315.3 1.05033
1319000 0.75 301.617 -26.4227 -21593.1 3374.19 -18218.9 54288 1.05086
1320000 0.75 300.017 119.146 -21590.5 3356.28 -18234.3 53807.9 1.06024
1321000 0.75 300.147 -16.4179 -21621.8 3357.74 -18264.1 53612.7 1.06407
1322000 0.75 302.245 164.157 -21601.4 3381.21 -18220.2 53527.2 1.06579
1323000 0.75 300.14 139.082 -21641.8 3357.66 -18284.2 53799.4 1.06038
1324000 0.75 297.845 -199.651 -21632.1 3331.99 -18300.1 53789.3 1.06058
1325000 0.75 299.883 95.5747 -21581.8 3354.79 -18227 53810.4 1.06018
1326000 0.75 301.724 -144.875 -21550 3375.38 -18174.7 53413.5 1.06808
1327000 0.75 299.646 10.5607 -21578.3 3352.13 -18226.1 53441.7 1.06748
1328000 0.75 299.034 117.22 -21594.9 3345.29 -18249.6 53694.8 1.06244
1329000 0.75 299.844 227.857 -21580.4 3354.35 -18226 53902.4 1.05838
1330000 0.75 300.22 76.9333 -21531.1 3358.55 -18172.5 53618.5 1.064
1331000 0.75 299.758 -34.0697 -21585.4 3353.38 -18232 53835.1 1.05971
1332000 0.75 300.296 -14.8643 -21556.8 3359.4 -18197.4 53895.1 1.0585
1333000 0.75 300.932 246.645 -21579.4 3366.52 -18212.9 53735.2 1.06166
1334000 0.75 299.614 -138.617 -21583.1 3351.78 -18231.3 53857.1 1.05927
1335000 0.75 298.769 -33.4083 -21566.9 3342.32 -18224.5 53905.6 1.0583
1336000 0.75 301.913 69.1894 -21595.5 3377.49 -18218.1 53636.8 1.06363
1337000 0.75 299.633 302.848 -21639.6 3351.99 -18287.6 53468.5 1.06696
1338000 0.75 301.3 -97.2783 -21639.1 3370.64 -18268.4 53611.6 1.06412
1339000 0.75 299.206 151.463 -21623.2 3347.21 -18276 53951.4 1.05742
1340000 0.75 298.963 72.7762 -21562.9 3344.49 -18218.4 54175.4 1.05303
1341000 0.75 300.179 -24.2531 -21553.4 3358.09 -18195.3 53810.2 1.06018
1342000 0.75 300.271 331.086 -21585 3359.12 -18225.8 53571.9 1.0649
1343000 0.75 301.215 86.0509 -21543.8 3369.69 -18174.1 53609.8 1.06415
1344000 0.75 300.646 -77.2956 -21534.6 3363.32 -18171.3 53595.6 1.06442
1345000 0.75 297.998 123.951 -21542.4 3333.7 -18208.7 53875.3 1.05889
1346000 0.75 300.5 -115.657 -21625.2 3361.69 -18263.5 53693.1 1.0625
1347000 0.75 299.427 83.2308 -21646.2 3349.68 -18296.5 53848.7 1.05941
1348000 0.75 299.836 122.724 -21562.5 3354.26 -18208.2 53978.3 1.05689
1349000 0.75 298.649 21.4389 -21569.2 3340.98 -18228.2 53799 1.0604
1350000 0.75 299.29 -68.7797 -21626.8 3348.15 -18278.6 53804.5 1.06029
1351000 0.75 299.935 19.2326 -21563.4 3355.36 -18208 54029.9 1.05587
1352000 0.75 298.63 120.56 -21591.2 3340.77 -18250.4 53448 1.06736
1353000 0.75 301.214 167.442 -21554.8 3369.68 -18185.1 53690.7 1.06254
1354000 0.75 300.013 23.419 -21540.5 3356.24 -18184.3 53603.5 1.06426
1355000 0.75 298.842 -49.1342 -21548.2 3343.14 -18205.1 54270.7 1.05118
1356000 0.75 301.719 -64.3185 -21590.2 3375.33 -18214.8 54204.7 1.05245
1357000 0.75 299.893 73.1417 -21560.1 3354.9 -18205.2 54041.2 1.05568
1358000 0.75 298.291 114.451 -21667.2 3336.98 -18330.2 53641.1 1.06351
1359000 0.75 299.662 165.694 -21641.1 3352.32 -18288.8 53882 1.05876
1360000 0.75 298.824 148.594 -21638 3342.93 -18295.1 54219.1 1.05218
1361000 0.75 299.474 -2.59502 -21617.6 3350.21 -18267.4 54088.9 1.05472
1362000 0.75 299.776 -75.6591 -21632.2 3353.59 -18278.6 53823 1.05992
1363000 0.75 300.393 155.196 -21552.6 3360.49 -18192.1 53801.5 1.06035
1364000 0.75 300.38 -37.4347 -21622.1 3360.34 -18261.7 53724.4 1.06187
1365000 0.75 301.555 -132.447 -21648.7 3373.49 -18275.2 53618.4 1.06398
1366000 0.75 299.554 86.9387 -21557.3 3351.1 -18206.2 53741.6 1.06152
1367000 0.75 300.545 52.1244 -21579.8 3362.2 -18217.6 53863 1.05914
1368000 0.75 300.164 293.146 -21518.8 3357.93 -18160.8 53715 1.06206
1369000 0.75 299.967 -16.0922 -21559.5 3355.73 -18203.8 53683.2 1.06269
1370000 0.75 300.441 51.2206 -21570 3361.03 -18209 53781.3 1.06075
1371000 0.75 299.82 337.101 -21545.5 3354.08 -18191.4 53962.7 1.05721
1372000 0.75 301.055 65.0391 -21549.2 3367.89 -18181.3 54025.9 1.05593
1373000 0.75 300.538 -139.112 -21515.9 3362.11 -18153.8 53903.6 1.05834
1374000 0.75 301.675 49.7717 -21579.5 3374.83 -18204.7 53983.5 1.05676
1375000 0.75 299.064 75.7365 -21577.3 3345.63 -18231.7 53785.8 1.06066
1376000 0.75 297.063 19.64 -21573.5 3323.24 -18250.3 53730.4 1.06176
1377000 0.75 297.896 -1.24927 -21592.7 3332.55 -18260.2 53663.9 1.06306
1378000 0.75 300.805 -148.778 -21612.8 3365.1 -18247.7 54061.5 1.05526
1379000 0.75 299.691 62.0368 -21592.7 3352.64 -18240.1 54092.9 1.05463
1380000 0.75 300.402 169.564 -21569.6 3360.6 -18209 53952.9 1.05737
1381000 0.75 299.607 -82.6003 -21585.4 3351.69 -18233.7 54149.4 1.05355
1382000 0.75 298.884 73.12 -21580.2 3343.61 -18236.6 53848.8 1.05945
1383000 0.75 301.478 -53.9531 -21527.8 3372.63 -18155.2 53757.5 1.06121
1384000 0.75 300.232 126.895 -21578.7 3358.69 -18220 53936.2 1.0577
1385000 0.75 299.192 69.6183 -21596.9 3347.05 -18249.8 54116.6 1.05417
1386000 0.75 301.296 -179.406 -21611.2 3370.59 -18240.6 53808.8 1.06021
1387000 0.75 299.588 86.8862 -21678.4 3351.49 -18326.9 53735.6 1.06166
1388000 0.75 299.911 -87.4144 -21626.6 3355.09 -18271.5 53899.9 1.05841
1389000 0.75 299.093 77.7786 -21600.8 3345.95 -18254.9 53856.7 1.05925
1390000 0.75 300.765 64.8104 -21584.1 3364.65 -18219.5 53970.5 1.05702
1391000 0.75 297.585 -105.193 -21574.2 3329.08 -18245.2 53862.6 1.05914
1392000 0.75 300.216 -169.753 -21545.7 3358.51 -18187.2 54027.3 1.05591
1393000 0.75 298.882 -28.4964 -21474.3 3343.58 -18130.8 54341.4 1.04981
1394000 0.75 298.619 62.5584 -21611.9 3340.65 -18271.3 54025.2 1.05596
1395000 0.75 300.924 85.7728 -21609.3 3366.43 -18242.9 53865.8 1.05908
1396000 0.75 299.411 132.91 -21651.2 3349.51 -18301.7 53492.8 1.06646
1397000 0.75 299.405 -66.5803 -21643.3 3349.44 -18293.8 53737.4 1.06161
1398000 0.75 299.741 21.2158 -21631.9 3353.19 -18278.7 53637.7 1.06358
1399000 0.75 300.155 -111.206 -21615.1 3357.83 -18257.2 53830.7 1.05979
1400000 0.75 301.913 158.31 -21595.6 3377.49 -18218.1 54018.7 1.05612
1401000 0.75 301.149 -19.0986 -21642.5 3368.95 -18273.5 54161.6 1.0533
1402000 0.75 299.875 119.058 -21592.6 3354.69 -18238 54024.3 1.056
1403000 0.75 300.525 -15.7638 -21579.4 3361.97 -18217.4 53927.6 1.05788
1404000 0.75 299.816 324.097 -21523.3 3354.04 -18169.2 53505 1.06625
1405000 0.75 301.995 125.235 -21510.5 3378.41 -18132.1 53661.3 1.06314
1406000 0.75 297.793 -131.486 -21574 3331.4 -18242.6 53900.6 1.05839
1407000 0.75 298.841 -78.4557 -21541.9 3343.13 -18198.7 53923.8 1.05795
1408000 0.75 302.486 45.5246 -21533.3 3383.9 -18149.4 53974.8 1.05694
1409000 0.75 298.854 -463.626 -21541.5 3343.28 -18198.2 54236 1.05185
1410000 0.75 302.134 -114.069 -21558.2 3379.96 -18178.2 54123.5 1.05404
1411000 0.75 299.148 20.6718 -21590.5 3346.56 -18243.9 53713.5 1.06208
1412000 0.75 299.303 -129.823 -21608.9 3348.29 -18260.6 53899.8 1.0584
1413000 0.75 301.327 -32.013 -21568.2 3370.94 -18197.3 53766.7 1.06103
1414000 0.75 300.827 -52.9413 -21584.4 3365.35 -18219 53886.1 1.05869
1415000 0.75 299.053 65.5127 -21545.2 3345.5 -18199.7 53919 1.05804
1416000 0.75 299.656 404.665 -21593.5 3352.24 -18241.3 53530.6 1.06572
1417000 0.75 298.265 -101.084 -21558.9 3336.69 -18222.2 53805.5 1.06027
1418000 0.75 301.682 -53.9845 -21545.5 3374.92 -18170.6 53714.4 1.06206
1419000 0.75 301.858 -89.5217 -21605.6 3376.88 -18228.7 53854.8 1.0593
1420000 0.75 300.774 227.567 -21610.2 3364.75 -18245.5 54072.4 1.05502
1421000 0.75 302.331 -89.0946 -21667.8 3382.17 -18285.6 53924.9 1.05791
1422000 0.75 301.256 -62.7278 -21623.1 3370.15 -18253 53908.9 1.05823
1423000 0.75 299.137 -7.83716 -21544.2 3346.44 -18197.8 54046.1 1.05556
1424000 0.75 298.86 9.56261 -21610.6 3343.35 -18267.2 54103 1.05443
1425000 0.75 300.415 15.3805 -21618.9 3360.73 -18258.2 53875.3 1.05891
1426000 0.75 298.483 167.499 -21564.4 3339.12 -18225.3 54304.2 1.05053
1427000 0.75 299.795 -57.2311 -21604.7 3353.8 -18250.9 54261.8 1.05135
1428000 0.75 299.37 59.5517 -21572.4 3349.05 -18223.3 54077.9 1.05493
1429000 0.75 300.82 -207.556 -21563.2 3365.27 -18198 54207.9 1.05242
1430000 0.75 299.562 -134.063 -21554.9 3351.2 -18203.7 53821.7 1.05995
1431000 0.75 299.244 105.706 -21521.3 3347.63 -18173.7 53710.8 1.06214
1432000 0.75 299.766 -263.578 -21523.5 3353.48 -18170 54043.6 1.05562
1433000 0.75 299.734 -4.04382 -21538.4 3353.12 -18185.3 53606.4 1.06421
1434000 0.75 300.249 138.493 -21520.6 3358.87 -18161.7 53768.5 1.06099
1435000 0.75 300.174 -22.3621 -21537.2 3358.04 -18179.2 53889.3 1.05861
1436000 0.75 301.715 49.3397 -21538 3375.28 -18162.7 54215.4 1.05226
1437000 0.75 298.583 -86.9231 -21605.1 3340.25 -18264.8 54028.6 1.0559
1438000 0.75 299.026 -116.41 -21539.2 3345.2 -18194 53927 1.05789
1439000 0.75 299.917 226.355 -21595.3 3355.16 -18240.2 53682.2 1.06273
1440000 0.75 297.616 -85.4373 -21623.7 3329.43 -18294.3 53876.5 1.05887
1441000 0.75 299.342 -47.0332 -21637.1 3348.74 -18288.4 54118.4 1.05418
1442000 0.75 301.001 -202.319 -21618.7 3367.29 -18251.4 54214.9 1.05226
1443000 0.75 302.01 -46.2282 -21615.8 3378.58 -18237.2 53973.5 1.05697
1444000 0.75 299.842 107.523 -21612.4 3354.32 -18258.1 53786.9 1.06064
1445000 0.75 298.106 -11.0735 -21585.7 3334.9 -18250.8 53750.5 1.06136
1446000 0.75 298.942 -65.3058 -21558.1 3344.26 -18213.8 53565.5 1.06501
1447000 0.75 299.807 -101.644 -21521 3353.93 -18167.1 54076.6 1.05495
1448000 0.75 300.125 41.5484 -21574.3 3357.49 -18216.8 53878.1 1.05883
1449000 0.75 300.396 -57.9068 -21598 3360.53 -18237.5 53573.2 1.06486
1450000 0.75 300.083 -64.6639 -21532.1 3357.03 -18175.1 53773.5 1.0609
1451000 0.75 300.61 -86.8654 -21619.5 3362.92 -18256.6 53812.8 1.06013
1452000 0.75 300.613 -4.96964 -21616.1 3362.96 -18253.2 53696.1 1.06242
1453000 0.75 299.714 173.169 -21591.5 3352.9 -18238.6 54129.6 1.05392
1454000 0.75 300.019 70.5016 -21607.2 3356.3 -18250.9 53709 1.06217
1455000 0.75 300.698 7.00693 -21551.3 3363.9 -18187.4 53616.9 1.064
1456000 0.75 299.764 308.262 -21588.4 3353.45 -18234.9 53571.2 1.0649
1457000 0.75 301.313 -41.3774 -21614.8 3370.79 -18244 53983.6 1.05678
1458000 0.75 301.629 45.8257 -21587.3 3374.32 -18213 54157.8 1.05336
1459000 0.75 300.204 16.4661 -21594.6 3358.38 -18236.2 54049.2 1.05549
1460000 0.75 300.334 -110.449 -21581.6 3359.84 -18221.7 53818.3 1.06001
1461000 0.75 298.754 -82.841 -21574.6 3342.16 -18232.4 53910.7 1.05819
1462000 0.75 300.397 94.0383 -21599.3 3360.53 -18238.8 53784.8 1.06066
1463000 0.75 298.391 222.223 -21574.4 3338.09 -18236.4 53912.6 1.05817
1464000 0.75 299.131 -49.1359 -21611.6 3346.37 -18265.3 53922 1.05799
1465000 0.75 299.763 37.4901 -21644.1 3353.45 -18290.7 53791 1.06055
1466000 0.75 299.737 62.688 -21614.3 3353.15 -18261.1 53971.9 1.05702
1467000 0.75 298.987 183.469 -21642.4 3344.76 -18297.7 53670.7 1.06294
1468000 0.75 299.983 92.0203 -21633.4 3355.91 -18277.4 53961.5 1.05719
1469000 0.75 299.946 -213.02 -21584.8 3355.49 -18229.3 54227.9 1.05201
1470000 0.75 300.978 13.8711 -21570.8 3367.03 -18203.7 53656.2 1.06322
1471000 0.75 297.681 197.391 -21543.1 3330.16 -18212.9 53490.1 1.06654
1472000 0.75 298.61 -257.648 -21623.6 3340.55 -18283.1 53670.7 1.06293
1473000 0.75 299.819 262.85 -21645.1 3354.07 -18291 53789.6 1.06058
1474000 0.75 300.422 52.1622 -21562.2 3360.82 -18201.4 53988 1.0567
1475000 0.75 299.933 131.136 -21572.4 3355.34 -18217 53657.9 1.06321
1476000 0.75 298.958 52.7661 -21533.2 3344.44 -18188.8 53660.7 1.06314
1477000 0.75 300.01 -93.2752 -21592 3356.21 -18235.8 53658 1.0632
1478000 0.75 301.03 97.912 -21521.4 3367.61 -18153.8 53761.6 1.06116
1479000 0.75 299.28 170.354 -21571.3 3348.04 -18223.2 54121.9 1.05407
1480000 0.75 298.593 -137.07 -21598.8 3340.35 -18258.5 53976.2 1.05691
1481000 0.75 300.173 72.3699 -21569.9 3358.02 -18211.8 53970.4 1.05703
1482000 0.75 298.1 45.4996 -21568.6 3334.83 -18233.8 53828.6 1.05983
1483000 0.75 299.224 175.758 -21566.4 3347.41 -18219 53940.5 1.05763
1484000 0.75 299.771 111.511 -21605.7 3353.53 -18252.2 53599.8 1.06435
1485000 0.75 300.066 59.6426 -21627.9 3356.83 -18271.1 53749.4 1.06136
1486000 0.75 299.516 -148.065 -21587.1 3350.68 -18236.4 54246.3 1.05165
1487000 0.75 300.243 82.6386 -21621.1 3358.81 -18262.3 54111.8 1.05426
1488000 0.75 300.434 25.5068 -21615.2 3360.95 -18254.2 53794.4 1.0605
1489000 0.75 299.787 449.034 -21636.4 3353.71 -18282.6 53757.6 1.06122
1490000 0.75 300.598 220.096 -21585.9 3362.79 -18223.1 53976.1 1.05692
1491000 0.75 300.488 -29.4586 -21550 3361.56 -18188.5 53874.2 1.05893
1492000 0.75 299.018 162.887 -21588.8 3345.11 -18243.7 53841.6 1.05956
1493000 0.75 299.47 57.1042 -21584.3 3350.16 -18234.2 54171.6 1.05312
1494000 0.75 300.322 -57.7282 -21540 3359.69 -18180.4 53869 1.05903
1495000 0.75 299.844 202.66 -21557.7 3354.35 -18203.4 53945.6 1.05751
1496000 0.75 299.707 183.821 -21584.2 3352.82 -18231.4 53812.8 1.06013
1497000 0.75 300.198 -207.329 -21580.7 3358.31 -18222.4 53822.7 1.05993
1498000 0.75 300.431 9.52752 -21572.6 3360.92 -18211.7 53994.6 1.05656
1499000 0.75 299.82 25.7519 -21591.5 3354.08 -18237.5 54164.6 1.05324
1500000 0.75 301.059 -390.769 -21621 3367.94 -18253 54183 1.05288
1501000 0.75 300.126 58.7782 -21641.5 3357.5 -18284 54379.9 1.04907
1502000 0.75 299.827 7.46488 -21580.3 3354.16 -18226.2 54398.3 1.04871
1503000 0.75 300.553 21.1962 -21585.6 3362.29 -18223.3 54176.4 1.05301
1504000 0.75 301.449 -44.5476 -21615.4 3372.3 -18243.1 53761.4 1.06115
1505000 0.75 300.718 -71.8619 -21597.7 3364.12 -18233.5 53870.6 1.05899
1506000 0.75 299.75 79.2351 -21622.6 3353.3 -18269.3 53848.3 1.05943
1507000 0.75 299.357 207.454 -21567.2 3348.9 -18218.3 54004.2 1.05638
1508000 0.75 298.9 -19.7584 -21569.3 3343.79 -18225.5 53915.3 1.05811
1509000 0.75 300.43 87.3464 -21549 3360.91 -18188.1 53926.3 1.05792
1510000 0.75 299.528 39.7366 -21550.6 3350.82 -18199.7 53693.3 1.0625
1511000 0.75 304.143 -87.8055 -21497.9 3402.44 -18095.5 53674.9 1.06285
1512000 0.75 299.904 127.025 -21532.8 3355.02 -18177.8 53659.4 1.06315
1513000 0.75 301.011 145.011 -21497.8 3367.41 -18130.4 53869 1.05903
1514000 0.75 300.774 121.321 -21630.9 3364.75 -18266.2 53533.7 1.06565
1515000 0.75 299.221 -237.003 -21641.1 3347.38 -18293.7 53735.6 1.06167
1516000 0.75 298.976 168.918 -21557.3 3344.64 -18212.7 53875.2 1.0589
1517000 0.75 299.259 48.119 -21635.6 3347.8 -18287.8 53583 1.06468
1518000 0.75 298.85 82.3123 -21656.4 3343.23 -18313.1 53755.8 1.06126
1519000 0.75 301.653 -21.2724 -21618.2 3374.59 -18243.6 53879.7 1.05881
1520000 0.75 302.278 -200.368 -21563 3381.58 -18181.5 54152.1 1.05348
1521000 0.75 297.889 74.4726 -21519.9 3332.48 -18187.4 54129.5 1.05391
1522000 0.75 300.993 -55.3145 -21573.2 3367.21 -18206 53721.9 1.06191
1523000 0.75 299.24 5.08173 -21543.1 3347.59 -18195.5 53954.1 1.05736
1524000 0.75 300.857 18.2511 -21513.4 3365.68 -18147.7 53754.6 1.06128
1525000 0.75 299.995 169.315 -21579.9 3356.04 -18223.9 53856.6 1.05926
1526000 0.75 299.545 98.8714 -21625.1 3351 -18274.1 54094.8 1.05462
1527000 0.75 299.764 -82.4142 -21534 3353.46 -18180.6 54044.7 1.05559
1528000 0.75 300.018 100.271 -21497.8 3356.29 -18141.5 54049.6 1.05547
1529000 0.75 301.668 26.2238 -21580.9 3374.75 -18206.2 53902.7 1.05837
1530000 0.75 302.254 -61.25 -21557.9 3381.31 -18176.6 53768.7 1.06099
1531000 0.75 300.892 53.3644 -21610.6 3366.08 -18244.6 53693 1.06249
1532000 0.75 300.199 -114.045 -21533.7 3358.32 -18175.4 54181.5 1.05291
1533000 0.75 300.443 84.418 -21546.4 3361.05 -18185.3 54283.5 1.05093
1534000 0.75 300.613 -9.12566 -21571.7 3362.95 -18208.8 53950.5 1.05744
1535000 0.75 300.129 269.789 -21491.9 3357.53 -18134.3 53959.9 1.05724
1536000 0.75 300.381 -39.1636 -21564.9 3360.35 -18204.5 54048.7 1.0555
1537000 0.75 299.78 43.828 -21570 3353.64 -18216.4 54111.3 1.05428
1538000 0.75 299.855 -82.1041 -21587.3 3354.47 -18232.9 54025.4 1.05595
1539000 0.75 300.81 -105.301 -21592.9 3365.15 -18227.7 54161.2 1.0533
1540000 0.75 302.844 60.3668 -21589 3387.91 -18201.1 53590.6 1.06451
1541000 0.75 300.161 -79.5401 -21582.4 3357.89 -18224.5 53460 1.06711
1542000 0.75 299.49 184.073 -21590.8 3350.39 -18240.4 53779 1.06079
1543000 0.75 299.788 -13.1321 -21596.1 3353.72 -18242.4 53875.9 1.05889
1544000 0.75 300.604 -166.783 -21581 3362.85 -18218.1 54141.4 1.05368
1545000 0.75 301.723 25.3006 -21611.5 3375.37 -18236.1 53687.4 1.0626
1546000 0.75 299.846 -131.4 -21551.8 3354.37 -18197.4 53741.5 1.06153
1547000 0.75 298.965 250.715 -21587.2 3344.52 -18242.7 53875 1.05889
1548000 0.75 300.382 68.6694 -21538 3360.37 -18177.6 54297.6 1.05066
1549000 0.75 299.221 83.4209 -21531.6 3347.38 -18184.2 54134.3 1.05382
1550000 0.75 298.819 -186.247 -21538.2 3342.89 -18195.3 54109.9 1.05432
1551000 0.75 300.421 -86.9025 -21529.7 3360.8 -18168.9 53904.5 1.05831
1552000 0.75 299.998 -23.848 -21623.3 3356.07 -18267.3 53914.9 1.05812
1553000 0.75 298.98 98.5673 -21601.1 3344.68 -18256.4 53910.3 1.0582
1554000 0.75 301.624 -208.267 -21570.2 3374.26 -18195.9 54212.2 1.0523
1555000 0.75 299.894 -31.5486 -21572.6 3354.91 -18217.7 53837.1 1.05964
1556000 0.75 300.176 12.5717 -21548.6 3358.07 -18190.5 54088.8 1.05474
1557000 0.75 300.858 28.1729 -21584.2 3365.69 -18218.5 53658.9 1.06317
1558000 0.75 301.185 140.296 -21579.3 3369.35 -18209.9 53504.8 1.06622
1559000 0.75 300.405 48.3847 -21634.3 3360.63 -18273.6 53692.9 1.06249
1560000 0.75 299.6 55.5701 -21602.3 3351.62 -18250.6 53781.6 1.06075
1561000 0.75 299.776 61.2282 -21675.4 3353.59 -18321.8 53541.4 1.06551
1562000 0.75 299.939 -64.8484 -21616.1 3355.41 -18260.7 54064.6 1.05519
1563000 0.75 301.538 -137.113 -21685.8 3373.29 -18312.5 53963.2 1.05716
1564000 0.75 299.014 -37.5704 -21636.2 3345.06 -18291.2 53958.9 1.05729
1565000 0.75 300.051 -103.624 -21647.2 3356.67 -18290.5 53843.7 1.05951
1566000 0.75 300.058 -190.534 -21568.5 3356.74 -18211.8 53748.1 1.06141
1567000 0.75 299.576 76.9121 -21516.9 3351.35 -18165.6 53992.5 1.0566
1568000 0.75 299.446 -230.39 -21594.3 3349.9 -18244.4 54034.1 1.05584
1569000 0.75 300.338 87.2597 -21611.7 3359.87 -18251.9 54032.3 1.05581
1570000 0.75 299.831 -248.073 -21577.9 3354.21 -18223.7 54008.3 1.05629
1571000 0.75 298.403 -14.2809 -21572 3338.23 -18233.8 53952 1.05741
1572000 0.75 298.788 17.5344 -21560.3 3342.53 -18217.8 53799.8 1.06037
1573000 0.75 297.65 -75.5849 -21583 3329.81 -18253.1 53926.3 1.0579
1574000 0.75 300.977 40.9313 -21563.6 3367.03 -18196.6 54229.8 1.05198
1575000 0.75 299.669 150.482 -21617 3352.39 -18264.6 53939.1 1.05765
1576000 0.75 301.141 -99.2208 -21526.8 3368.86 -18158 54083.4 1.05481
1577000 0.75 301.26 7.78976 -21603.8 3370.19 -18233.6 54126.5 1.05398
1578000 0.75 298.32 168.404 -21609.8 3337.3 -18272.5 54397.3 1.04875
1579000 0.75 300.484 35.0324 -21524.5 3361.51 -18163 54121.5 1.05408
1580000 0.75 299.276 -47.4261 -21598.1 3347.99 -18250.1 53992.3 1.0566
1581000 0.75 300.232 -138.868 -21582.6 3358.69 -18223.9 53801.9 1.06033
1582000 0.75 300.646 -6.13572 -21532.4 3363.32 -18169.1 53784.7 1.06069
1583000 0.75 301.491 -189.487 -21595.3 3372.77 -18222.5 54263.8 1.05131
1584000 0.75 298.633 -17.0386 -21619.8 3340.8 -18279 54433.2 1.04804
1585000 0.75 300.687 289.298 -21592.2 3363.78 -18228.5 54347.4 1.04969
1586000 0.75 298.701 -26.111 -21638.8 3341.56 -18297.3 53928.2 1.05785
1587000 0.75 300.481 72.648 -21690.4 3361.48 -18328.9 53523.8 1.06584
1588000 0.75 299.569 125.488 -21566.8 3351.27 -18215.5 53734.6 1.06166
1589000 0.75 298.131 53.038 -21521.4 3335.18 -18186.3 53717.9 1.06199
1590000 0.75 298.03 44.7846 -21492.6 3334.06 -18158.6 53743.5 1.06151
1591000 0.75 300.893 76.9713 -21638.2 3366.08 -18272.1 53776.9 1.06082
1592000 0.75 299.471 -37.0615 -21608.4 3350.18 -18258.2 54083.6 1.05481
1593000 0.75 301.252 120.288 -21557.8 3370.1 -18187.7 54133.5 1.05385
1594000 0.75 300.817 83.7005 -21548.1 3365.23 -18182.9 54033.9 1.05579
1595000 0.75 298.735 13.2479 -21616.2 3341.95 -18274.2 54069.4 1.0551
1596000 0.75 299.08 275.217 -21647.7 3345.8 -18301.9 53984.8 1.05674
1597000 0.75 300.956 -4.23995 -21604.5 3366.79 -18237.7 54169 1.05315
1598000 0.75 301.643 -211.929 -21583.8 3374.47 -18209.3 54091.8 1.05464
1599000 0.75 298.386 -6.68452 -21560.4 3338.04 -18222.4 53964.8 1.05714
1600000 0.75 300.692 -64.768 -21588.2 3363.83 -18224.4 53740.8 1.06154
