# Time-averaged data for fix msd_avg
# TimeStep c_msd_water[1] c_msd_water[2] c_msd_water[3] c_msd_water[4]
601000 0.6596 0.625196 0.658198 1.94299
602000 1.48254 1.37673 1.5411 4.40038
603000 2.3694 2.38428 2.53253 7.2862
604000 3.28113 3.46306 3.45877 10.203
605000 4.0685 4.40812 4.19701 12.6736
606000 4.85873 5.45305 5.06362 15.3754
607000 5.65825 6.32503 5.92236 17.9056
608000 6.5352 7.20309 6.48759 20.2259
609000 7.44739 7.92363 7.44957 22.8206
610000 8.26569 8.75562 8.19837 25.2197
611000 8.98611 9.91645 8.7509 27.6534
612000 9.39882 10.8465 9.67091 29.9162
613000 9.90209 11.6611 10.4549 32.0182
614000 10.4761 12.9428 11.2389 34.6577
615000 11.479 14.231 11.9589 37.6688
616000 12.7674 15.0485 12.3971 40.2129
617000 13.7716 15.8863 12.883 42.5409
618000 14.8652 17.0646 14.2072 46.137
619000 15.8794 18.042 15.2501 49.1715
620000 16.8847 18.397 16.0884 51.3701
621000 18.0724 19.3781 16.801 54.2515
622000 19.5502 20.0896 17.9832 57.623
623000 20.516 20.5429 18.6936 59.7526
624000 21.7551 21.3733 19.2382 62.3667
625000 22.5908 22.1011 20.1247 64.8165
626000 23.2017 23.2949 21.1048 67.6014
627000 24.2743 24.848 21.9608 71.0831
628000 24.9929 25.5742 22.4725 73.0396
629000 25.4776 26.7732 22.9326 75.1834
630000 26.1699 27.8662 23.7016 77.7376
631000 26.8911 28.8923 24.4137 80.1971
632000 27.6435 29.9906 25.772 83.4061
633000 28.1354 30.4637 26.4272 85.0262
634000 29.2743 31.0401 27.4494 87.7638
635000 30.1117 31.4683 28.6553 90.2352
636000 30.7682 31.9077 29.7443 92.4202
637000 31.2555 32.4651 30.3292 94.0498
638000 32.1154 33.4053 30.991 96.5117
639000 32.7678 34.7129 31.6698 99.1504
640000 33.4268 35.7305 32.7842 101.942
641000 34.3595 36.4109 33.7293 104.5
642000 35.9139 37.3596 34.1046 107.378
643000 36.7924 38.575 34.7865 110.154
644000 37.9445 39.1478 35.723 112.815
645000 39.0473 39.832 37.2585 116.138
646000 39.4285 39.9679 38.0594 117.456
647000 40.3532 40.6892 39.1025 120.145
648000 41.6046 41.6147 39.5111 122.73
649000 42.6183 42.922 40.233 125.773
650000 43.5091 43.4466 41.2207 128.176
651000 44.7601 44.1026 42.1945 131.057
652000 45.497 44.3367 43.047 132.881
653000 46.4037 44.7871 44.2171 135.408
654000 47.2597 45.4064 45.1706 137.837
655000 48.158 45.9755 46.3487 140.482
656000 49.0052 47.323 47.0611 143.389
657000 50.4909 48.8302 48.1587 147.48
658000 51.5138 49.9776 48.8684 150.36
659000 52.7679 50.6787 49.1656 152.612
660000 54.342 51.5978 50.1994 156.139
661000 55.3493 52.7245 51.3568 159.431
662000 55.854 53.2249 52.0645 161.144
663000 55.9043 54.6111 53.5123 164.028
664000 56.1099 55.4647 53.861 165.436
665000 56.7491 56.3751 54.3004 167.425
666000 57.6401 57.1398 55.4704 170.25
667000 58.367 58.4017 55.6709 172.44
668000 59.1554 58.6718 56.2445 174.072
669000 60.4155 60.018 57.0827 177.516
670000 60.0818 60.7775 58.0782 178.937
671000 60.4444 61.8786 59.6212 181.944
672000 60.0736 61.8242 60.2056 182.103
673000 61.1014 62.5642 61.3315 184.997
674000 61.2286 63.1062 62.5493 186.884
675000 61.6016 63.9877 64.0397 189.629
676000 62.6788 65.3329 65.0217 193.033
677000 64.259 66.4701 64.6995 195.429
678000 65.264 67.2327 65.6974 198.194
679000 66.1336 68.0234 66.2121 200.369
680000 67.4863 69.0153 67.368 203.87
681000 68.7635 70.2785 68.4644 207.506
682000 69.6215 71.0827 68.9131 209.617
683000 69.9919 72.0729 69.452 211.517
684000 71.3534 73.6334 70.0645 215.051
685000 72.548 73.7056 70.5606 216.814
686000 73.6169 74.1165 72.2062 219.94
687000 74.722 75.883 72.6924 223.297
688000 75.9574 77.4738 73.0875 226.519
689000 76.356 78.8061 73.9081 229.07
690000 77.4164 80.3505 76.1085 233.875
691000 77.974 80.72 76.1083 234.802
692000 79.2815 81.892 77.9648 239.138
693000 79.5309 83.0685 78.5379 241.137
694000 80.1207 83.7018 79.7442 243.567
695000 81.8151 84.3774 81.0536 247.246
696000 82.107 85.3216 82.227 249.656
697000 82.6588 86.5684 82.5847 251.812
698000 83.316 87.1311 82.786 253.233
699000 83.526 87.4446 82.5522 253.523
700000 84.5645 89.9293 83.9144 258.408
701000 85.6428 91.8458 84.662 262.151
702000 85.871 92.2019 84.9537 263.027
703000 86.4242 93.8179 86.255 266.497
704000 87.114 95.0407 87.4501 269.605
705000 86.7945 95.3035 87.543 269.641
706000 87.4946 96.387 88.0126 271.894
707000 89.3373 97.4856 88.2752 275.098
708000 90.4767 98.1649 89.687 278.329
709000 91.6412 98.8197 90.7079 281.169
710000 91.8052 99.0683 90.7394 281.613
711000 92.1726 99.5227 92.0938 283.789
712000 93.6247 100.98 92.9887 287.593
713000 94.4031 102.145 93.7745 290.323
714000 95.2535 103.508 95.5049 294.267
715000 95.7547 104.082 95.9509 295.788
716000 96.7621 106.286 97.205 300.253
717000 97.0669 106.373 96.6581 300.098
718000 98.5629 107.23 97.091 302.884
719000 98.7428 108.449 97.5616 304.754
720000 100.007 109.806 98.5746 308.388
721000 101.382 110.974 99.1987 311.554
722000 102.876 112.662 100.234 315.772
723000 104.81 114.119 101.048 319.977
724000 105.907 114.606 101.578 322.091
725000 107.943 115.795 102.987 326.724
726000 109.471 116.61 103.936 330.017
727000 110.572 118.642 105.327 334.54
728000 111.148 119.8 105.746 336.693
729000 111.347 120.173 106.885 338.405
730000 110.965 120.366 107.523 338.854
731000 111.558 120.775 108.458 340.791
732000 112.425 122.723 110.303 345.45
733000 113.606 123.993 110.88 348.478
734000 115.253 125.722 111.918 352.893
735000 115.935 126.263 112.832 355.03
736000 116.632 125.662 113.61 355.904
737000 116.347 124.535 113.418 354.3
738000 118.105 125.71 114.742 358.557
739000 118.47 126.56 115.836 360.867
740000 119.934 128.998 116.105 365.037
741000 121.336 130.731 117.105 369.173
742000 123.126 132.105 117.531 372.763
743000 124.88 133.954 118.407 377.24
744000 125.941 134.549 119.214 379.704
745000 126.862 135.822 120.532 383.217
746000 128.878 136.689 121.409 386.976
747000 129.992 135.885 121.528 387.405
748000 131.555 136.45 122.652 390.656
749000 131.85 135.756 122.377 389.982
750000 133.738 136.654 123.824 394.216
751000 135.111 136.966 124.333 396.41
752000 135.796 138.036 124.978 398.81
753000 136.545 138.318 125.891 400.753
754000 137.502 139.464 127.116 404.083
755000 137.97 140.459 127.347 405.776
756000 139.371 141.686 128.856 409.913
757000 140.898 142.816 131.156 414.87
758000 142.371 143.316 132.576 418.263
759000 143.466 143.039 133.004 419.509
760000 143.794 143.312 132.907 420.014
761000 143.431 144.309 132.961 420.701
762000 144.399 144.204 132.836 421.439
763000 145.671 144.53 132.589 422.79
764000 147.556 145.352 133.003 425.912
765000 148.09 146.326 133.817 428.233
766000 149.069 147.937 135.601 432.607
767000 150.199 148.224 135.785 434.208
768000 150.951 149.121 136.654 436.726
769000 151.139 149.831 137.267 438.237
770000 152.812 152.017 139.271 444.101
771000 154.634 153.819 140.404 448.857
772000 155.712 155.062 141.354 452.128
773000 156.135 155.359 141.591 453.085
774000 156.79 155.597 140.923 453.31
775000 157.685 156.41 143.134 457.228
776000 158.47 156.684 144.724 459.879
777000 158.51 157.915 145.344 461.769
778000 159.113 159.776 147.833 466.722
779000 161.843 160.612 149.235 471.69
780000 162.141 160.176 149.278 471.595
781000 163.674 161.753 150.489 475.916
782000 164.72 162.047 150.634 477.402
783000 165.499 162.928 151.63 480.056
784000 166.514 164.503 152.921 483.937
785000 167.688 166.847 154.076 488.611
786000 168.453 168.301 155.225 491.979
787000 169.406 167.995 155.043 492.443
788000 170.362 169.325 155.718 495.405
789000 171.882 171.477 157.149 500.508
790000 172.556 171.318 157.486 501.36
791000 172.971 172.695 158.759 504.425
792000 173.543 173.14 159.195 505.878
793000 174.903 174.161 159.966 509.03
794000 175.848 175.084 160.49 511.423
795000 176.776 176.309 161.371 514.456
796000 179.273 179.646 163.439 522.358
797000 180.116 179.35 163.609 523.076
798000 181.116 180.006 164.578 525.7
799000 181.33 181.293 164.923 527.546
800000 181.552 182.823 166.24 530.615
801000 181.785 183.673 166.672 532.13
802000 183.315 185.275 168.16 536.75
803000 184.366 185.698 168.103 538.167
804000 185.232 187.014 169.013 541.259
805000 186.012 188.878 170.476 545.365
806000 186.886 189.726 171.732 548.344
807000 187.608 190.542 172.687 550.837
808000 188.133 191.176 173.974 553.283
809000 189.596 191.827 174.435 555.857
810000 191.96 193.411 176.69 562.061
811000 192.701 194.144 176.982 563.827
812000 192.734 195.282 177.942 565.957
813000 193.297 195.505 178.39 567.192
814000 194.92 195.409 179.497 569.826
815000 196.053 197.503 180.108 573.665
816000 196.825 197.787 180.049 574.661
817000 198.166 198.002 180.996 577.164
818000 199.872 197.837 182.291 580
819000 200.509 199.017 184.138 583.665
820000 200.19 200.372 185.81 586.372
821000 199.941 200.302 185.474 585.717
822000 199.821 200.455 186.008 586.283
823000 200.314 201.298 186.333 587.944
824000 201.34 202.846 187.187 591.373
825000 202.6 205.385 189.22 597.205
826000 204.558 206.635 190.295 601.488
827000 205.728 208.13 191.717 605.575
828000 206.411 210.049 192.541 609.001
829000 205.637 210.623 192.84 609.1
830000 208.217 211.908 195.835 615.96
831000 207.24 211.763 196.738 615.741
832000 209.209 213.228 199.717 622.154
833000 209.421 213.588 199.879 622.888
834000 209.492 213.864 200.14 623.496
835000 209.381 214.43 199.794 623.604
836000 210.24 215.332 199.639 625.211
837000 210.531 217.588 201.681 629.801
838000 211.479 219.375 201.861 632.715
839000 212.455 219.617 202.581 634.653
840000 213.938 220.759 204.779 639.476
841000 214.997 221.238 204.502 640.737
842000 215.944 222.342 204.905 643.191
843000 216.539 223.379 206.832 646.749
844000 216.694 223.002 206.651 646.347
845000 218.159 224.313 208.151 650.623
846000 218.517 224.708 208.073 651.298
847000 218.829 226.318 208.547 653.694
848000 218.168 226.383 209.401 653.952
849000 219.997 227.29 210.449 657.736
850000 220.949 226.763 211.163 658.875
851000 222.395 227.272 212.212 661.879
852000 224.31 227.442 214.015 665.766
853000 225.526 227.205 215.59 668.321
854000 226.888 228.668 216.335 671.89
855000 227.65 229.931 218.18 675.761
856000 226.337 229.405 218.021 673.763
857000 227.704 230.333 219.373 677.411
858000 228.205 230.778 220.446 679.429
859000 228.951 232.533 221.167 682.651
860000 229.744 233.443 222.125 685.312
861000 230.936 234.462 223.498 688.896
862000 230.46 234.578 223.145 688.183
863000 230.83 234.492 222.434 687.756
864000 231.82 234.283 222.538 688.64
865000 232.651 234.876 222.879 690.406
866000 233.663 235.7 224.588 693.951
867000 238.178 239.071 227.251 704.501
868000 239.2 240.391 227.721 707.312
869000 238.657 239.813 226.974 705.444
870000 239.86 240.974 227.897 708.731
871000 240.932 241.88 228.676 711.487
872000 241.457 242.891 229.153 713.501
873000 243.559 245.795 230.067 719.421
874000 242.764 246.595 229.362 718.722
875000 244.201 248.479 230.633 723.312
876000 244.572 249.533 231.534 725.639
877000 244.632 250.829 231.303 726.764
878000 246.328 252.819 232.707 731.854
879000 247.004 252.799 233.213 733.016
880000 248.332 252.024 233.944 734.3
881000 249.511 251.831 233.796 735.138
882000 250.517 252.291 235.636 738.444
883000 250.585 251.2 236.601 738.386
884000 251.067 252.523 238.128 741.719
885000 251.634 252.846 237.907 742.387
886000 252.046 254.679 239.11 745.835
887000 251.605 255.607 238.934 746.145
888000 252.083 256.067 240.49 748.64
889000 250.79 255.281 240.599 746.67
890000 253.432 257.454 243.026 753.912
891000 254.871 259.714 243.782 758.367
892000 256.541 260.32 243.832 760.693
893000 258.326 261.52 244.64 764.486
894000 260.039 262.072 245.687 767.799
895000 260.565 262.916 245.305 768.787
896000 262.788 263.972 246.544 773.303
897000 263.94 265.354 248.37 777.665
898000 263.173 264.759 247.981 775.913
899000 265.822 266.106 248.504 780.432
900000 266.877 266.1 248.246 781.223
901000 268.928 268.606 249.869 787.403
902000 270.728 270.027 251.304 792.059
903000 272.576 272.34 251.748 796.664
904000 272.866 272.153 251.86 796.878
905000 275.869 274.442 253.171 803.482
906000 276.194 273.997 252.907 803.098
907000 276.573 275.461 252.798 804.832
908000 278.436 276.238 252.657 807.331
909000 279.758 277.423 252.684 809.865
910000 281.098 279.17 252.633 812.901
911000 282.578 281.411 254.045 818.034
912000 282.509 281.631 255.02 819.161
913000 285.09 283.991 257.522 826.602
914000 286.664 285.202 259.316 831.182
915000 288.455 285.135 259.81 833.4
916000 289.058 283.765 260.153 832.976
917000 290.949 283.244 260.662 834.855
918000 290.788 284.394 260.965 836.147
919000 292.937 285.881 261.776 840.595
920000 293.373 286.363 262.704 842.439
921000 292.679 285.834 262.747 841.26
922000 293.693 286.073 263.849 843.614
923000 296.899 288.024 264.728 849.652
924000 298.922 289.123 265.585 853.631
925000 299.739 289.212 266.517 855.468
926000 299.631 288.985 266.994 855.61
927000 299.71 289.98 266.464 856.154
928000 301.283 291.489 268.962 861.733
929000 301.706 293.306 270.052 865.065
930000 302.939 294.951 270.098 867.988
931000 304.121 294.254 270.798 869.173
932000 305.48 294.827 271.503 871.81
933000 305.71 295.459 272.276 873.444
934000 306.804 296.898 273.723 877.425
935000 307.288 297.999 275.445 880.731
936000 308.825 300.322 277.419 886.566
937000 309.914 301.033 278.967 889.914
938000 308.542 299.734 279.242 887.518
939000 309.648 300.294 280.825 890.768
940000 313.197 301.112 282.762 897.072
941000 315.397 302.643 284.594 902.635
942000 316.703 300.597 284.741 902.042
943000 318.178 301.117 285.5 904.795
944000 320.492 302.095 286.731 909.318
945000 320.139 302.104 287.409 909.653
946000 321.051 302.008 287.314 910.373
947000 321.399 304.047 287.953 913.399
948000 321.605 305.694 287.956 915.256
949000 321.407 308.177 290.146 919.73
950000 321.575 307.255 289.534 918.365
951000 322.504 307.32 291.764 921.588
952000 325.409 308.872 293.66 927.942
953000 327.393 309.85 295.232 932.476
954000 325.891 308.969 295.974 930.835
955000 327.123 310.525 298.124 935.772
956000 329.596 314.195 300.281 944.072
957000 332.124 316.063 301.501 949.688
958000 333.435 315.163 301.768 950.365
959000 335.587 316.771 302.274 954.633
960000 334.837 315.313 302.439 952.589
961000 336.994 317.28 303.425 957.7
962000 339.429 318.806 305.716 963.951
963000 338.031 317.916 304.153 960.101
964000 337.321 319.105 305.369 961.795
965000 340.079 320.028 307.398 967.505
966000 339.992 320.061 305.499 965.551
967000 340.098 322.657 307.361 970.117
968000 342.417 324.324 308.938 975.679
969000 342.768 325.159 310.266 978.193
970000 342.446 324.814 310.459 977.718
971000 344.43 328.63 313.333 986.393
972000 343.715 328.907 314.657 987.278
973000 344.393 331.089 317.276 992.758
974000 344.39 329.735 316.213 990.337
975000 344.261 329.599 316.528 990.388
976000 345.94 329.821 315.979 991.74
977000 346.779 330.442 316.538 993.758
978000 346.761 331.598 317.853 996.212
979000 348.633 333.323 318.261 1000.22
980000 348.987 334.089 319.423 1002.5
981000 349.328 335.28 320.611 1005.22
982000 352.538 338.837 324.126 1015.5
983000 355.382 341.134 327.89 1024.4
984000 353.548 339.691 328.054 1021.29
985000 356.293 341.98 328.341 1026.61
986000 358.959 344.277 328.964 1032.2
987000 360.697 346.065 330.709 1037.47
988000 357.673 343.174 327.991 1028.84
989000 359.98 343.964 329.505 1033.45
990000 360.705 345.354 331.339 1037.4
991000 361.921 347.278 332.698 1041.9
992000 362.107 347.355 333.356 1042.82
993000 361.976 348.028 333.331 1043.34
994000 363.09 349.934 334.112 1047.14
995000 365.185 353.838 336.363 1055.39
996000 362.301 353.602 335.874 1051.78
997000 363.655 354.459 336.277 1054.39
998000 364.221 355.428 336.12 1055.77
999000 363.422 355.054 335.849 1054.32
1000000 364.887 356.716 337.857 1059.46
1001000 365.428 355.691 338.083 1059.2
1002000 367.211 357.689 339.44 1064.34
1003000 367.994 359.314 340.767 1068.07
1004000 366.962 359.923 340.856 1067.74
1005000 365.966 360.077 340.545 1066.59
1006000 365.916 360.854 342.101 1068.87
1007000 365.681 362.797 343.497 1071.98
1008000 365.051 363.599 342.634 1071.28
1009000 366.541 365.349 343.905 1075.8
1010000 368.801 367.264 345.691 1081.76
1011000 371.233 367.257 346.683 1085.17
1012000 371.683 366.417 346.91 1085.01
1013000 374.531 370.051 351.567 1096.15
1014000 375.256 370.053 350.919 1096.23
1015000 375.111 370.351 351.23 1096.69
1016000 374.279 371.499 352.052 1097.83
1017000 374.955 373.197 352.536 1100.69
1018000 374.534 372.783 351.585 1098.9
1019000 375.604 374.226 354.007 1103.84
1020000 376.513 376.186 356.363 1109.06
1021000 375.913 374.931 356.111 1106.96
1022000 378.635 375.428 355.982 1110.05
1023000 380.6 378.072 357.799 1116.47
1024000 383.797 380.176 359.338 1123.31
1025000 385.421 380.122 360.56 1126.1
1026000 385.769 380.399 361.897 1128.06
1027000 386.252 381.748 362.56 1130.56
1028000 385.865 381.572 360.866 1128.3
1029000 385.572 382.385 361.493 1129.45
1030000 385.727 382.354 363.433 1131.51
1031000 386.445 383.558 365.41 1135.41
1032000 387.222 384.087 365.675 1136.98
1033000 387.311 384.557 365.578 1137.45
1034000 389.979 385.629 367.192 1142.8
1035000 391.607 386.401 368.183 1146.19
1036000 393.314 388.273 368.971 1150.56
1037000 393.561 387.228 369.707 1150.5
1038000 397.433 391.408 373.299 1162.14
1039000 396.437 390.103 373.899 1160.44
1040000 396.153 389.792 374.06 1160.01
1041000 397.025 390.869 375.634 1163.53
1042000 395.872 391.731 375.73 1163.33
1043000 395.586 392.188 376.574 1164.35
1044000 395.968 393.975 379.256 1169.2
1045000 396.965 395.405 377.983 1170.35
1046000 398.788 396.415 378.432 1173.63
1047000 399.198 396.21 377.441 1172.85
1048000 399.763 397.437 378.067 1175.27
1049000 401.611 398.064 378.14 1177.81
1050000 403.487 400.525 380.311 1184.32
1051000 403.042 400.775 379.471 1183.29
1052000 404.921 402.096 380.616 1187.63
1053000 401.968 401.593 378.065 1181.63
1054000 402.761 404.684 379.925 1187.37
1055000 403.317 406.832 382.705 1192.85
1056000 404.49 408.465 384.571 1197.53
1057000 403.986 407.711 384.781 1196.48
1058000 402.698 406.459 384.386 1193.54
1059000 406.31 409.604 386.748 1202.66
1060000 404.26 409.469 384.986 1198.72
1061000 401.071 410.481 385.784 1197.33
1062000 401.793 411.92 386.102 1199.81
1063000 404.368 413.741 386.644 1204.75
1064000 405.766 414.82 385.947 1206.53
1065000 411.366 419.193 390.658 1221.22
1066000 412.777 420.01 392.933 1225.72
1067000 409.854 417.167 390.642 1217.66
1068000 412.017 419.151 394.193 1225.36
1069000 412.704 422.426 395.666 1230.8
1070000 414.809 425.714 398.689 1239.21
1071000 413.888 425.744 399.133 1238.77
1072000 412.91 424.923 398.596 1236.43
1073000 411.804 426.077 396.867 1234.75
1074000 412.877 427.747 396.761 1237.38
1075000 414.792 427.925 397.514 1240.23
1076000 416.357 429.965 399.403 1245.72
1077000 417.801 433.227 400.717 1251.74
1078000 417.306 433.102 401.164 1251.57
1079000 418.285 433.837 403.055 1255.18
1080000 420.183 435.064 405.132 1260.38
1081000 419.542 433.874 405.331 1258.75
1082000 420.554 434.367 405.402 1260.32
1083000 421.613 437.258 407.774 1266.65
1084000 420.296 438.456 408.524 1267.28
1085000 423.147 439.533 410.073 1272.75
1086000 427.439 441.388 411.175 1280
1087000 429.037 442.574 411.52 1283.13
1088000 429.058 444.726 412.458 1286.24
1089000 430.658 446.313 413.618 1290.59
1090000 431.915 447.991 414.549 1294.45
1091000 430.61 448.806 414.42 1293.84
1092000 429.924 449.52 414.32 1293.76
1093000 430.477 448.988 414.045 1293.51
1094000 434.291 451.579 416.168 1302.04
1095000 434.051 451.565 416.314 1301.93
1096000 435.306 451.628 417.704 1304.64
1097000 436.69 451.865 419.097 1307.65
1098000 436.646 452.441 418.865 1307.95
1099000 438.341 453.76 419.496 1311.6
1100000 437.996 453.498 421.512 1313.01
1101000 440.146 456.774 423.897 1320.82
1102000 442.375 462.244 428.104 1332.72
1103000 442.638 463.49 429.952 1336.08
1104000 439.528 462.562 428.132 1330.22
1105000 439.375 463.429 426.882 1329.69
1106000 438.266 462.866 426.032 1327.16
1107000 439.957 464.122 427.717 1331.8
1108000 441.391 466.989 429.991 1338.37
1109000 442.478 467.218 430.62 1340.32
1110000 444.031 467.972 432.837 1344.84
1111000 444.771 470.775 434.719 1350.27
1112000 445.677 472.659 437.391 1355.73
1113000 445.318 471.847 437.131 1354.3
1114000 448.384 475.832 441.402 1365.62
1115000 447.664 476.731 442.188 1366.58
1116000 447.022 475.123 442.291 1364.44
1117000 447.281 474.743 440.851 1362.87
1118000 449.32 477.373 441.2 1367.89
1119000 450.538 478.804 441.803 1371.14
1120000 450.269 481.127 440.867 1372.26
1121000 451.259 483.914 441.169 1376.34
1122000 452.172 484.22 440.576 1376.97
1123000 451.668 484.689 440.938 1377.29
1124000 451.917 487.097 444.611 1383.63
1125000 454.824 489.4 446.703 1390.93
1126000 454.778 489.566 446.159 1390.5
1127000 454.502 490.581 446.051 1391.13
1128000 455.456 492.767 450.274 1398.5
1129000 455.504 492.44 450.707 1398.65
1130000 455.854 495.045 452.145 1403.04
1131000 455.824 495.168 451.812 1402.8
1132000 461.144 497.881 452.906 1411.93
1133000 461.828 498.217 450.789 1410.83
1134000 460.988 498.944 450.376 1410.31
1135000 461.214 497.88 448.926 1408.02
1136000 459.923 497.813 446.013 1403.75
1137000 462.931 501.186 451.007 1415.12
1138000 463.489 500.395 451.179 1415.06
1139000 462.145 500.761 450.703 1413.61
1140000 459.081 496.388 449.36 1404.83
1141000 465.345 499.444 450.634 1415.42
1142000 466.774 498.323 449.541 1414.64
1143000 467.317 498.889 450.549 1416.75
1144000 469.481 500.395 451.95 1421.83
1145000 469.755 500.804 453.888 1424.45
1146000 472.388 502.859 455.413 1430.66
1147000 474.39 505.226 457.472 1437.09
1148000 473.81 504.172 457.523 1435.51
1149000 475.211 505.762 458.959 1439.93
1150000 475.475 504.547 458.269 1438.29
1151000 478.286 506.264 461.563 1446.11
1152000 480.009 506.233 462.021 1448.26
1153000 481.709 507.312 463.408 1452.43
1154000 484.079 509.915 464.767 1458.76
1155000 485.787 510.261 463.93 1459.98
1156000 487.183 510.82 464.069 1462.07
1157000 489.126 512.717 467.491 1469.33
1158000 489.617 514.057 468.534 1472.21
1159000 489.566 513.549 468.357 1471.47
1160000 489.861 512.313 468.116 1470.29
1161000 489.056 510.659 466.723 1466.44
1162000 491.122 511.873 468.04 1471.03
1163000 492.336 512.7 469.997 1475.03
1164000 491.65 513.484 470.317 1475.45
1165000 494.914 518.944 474.734 1488.59
1166000 497.363 521.369 475.93 1494.66
1167000 493.632 517.546 471.647 1482.82
1168000 493.45 518.01 471.709 1483.17
1169000 495.737 518.652 472.335 1486.72
1170000 494.728 518.518 472.878 1486.12
1171000 492.372 518.925 473.762 1485.06
1172000 493.444 520.037 476.29 1489.77
1173000 493.808 522.671 477.625 1494.1
1174000 494.309 525.409 479.327 1499.05
1175000 496.915 529.562 481.146 1507.62
1176000 496.527 529.832 482.248 1508.61
1177000 496.554 530.836 482.054 1509.44
1178000 497.138 530.866 481.029 1509.03
1179000 501.239 536.08 482.822 1520.14
1180000 498.825 532.724 481.299 1512.85
1181000 499.622 532.661 482.545 1514.83
1182000 499.897 532.52 483.469 1515.89
1183000 500.497 531.874 483.622 1515.99
1184000 504.719 533.887 487.024 1525.63
1185000 505.194 533.601 488.73 1527.53
1186000 505.17 532.953 488.624 1526.75
1187000 505.987 534.495 490.685 1531.17
1188000 508.117 537.121 492.422 1537.66
1189000 506.102 535.842 491.187 1533.13
1190000 508.409 538.613 492.872 1539.89
1191000 511.661 539.372 493.421 1544.45
1192000 513.26 541.746 495.667 1550.67
1193000 511.904 541.038 495.646 1548.59
1194000 511.472 541.357 495.301 1548.13
1195000 516.255 544.576 498.281 1559.11
1196000 516.974 545.769 498.028 1560.77
1197000 517.319 545.089 496.66 1559.07
1198000 518.651 546.499 499.803 1564.95
1199000 521.245 547.752 503.171 1572.17
1200000 521.934 547.828 504.326 1574.09
1201000 522.275 548.425 505.479 1576.18
1202000 521.578 548.878 507.559 1578.01
1203000 520.927 548.09 507.579 1576.6
1204000 523.593 549.878 510.489 1583.96
1205000 524.978 550.965 510.14 1586.08
1206000 526.801 553.78 512.396 1592.98
1207000 527.999 554.599 511.289 1593.89
1208000 528.651 555.31 511.6 1595.56
1209000 530.759 557.144 512.747 1600.65
1210000 531.118 557.304 511.975 1600.4
1211000 532.771 560.526 512.521 1605.82
1212000 533.41 562.758 513.289 1609.46
1213000 535.581 565.028 515.278 1615.89
1214000 537.655 566.388 515.975 1620.02
1215000 538.594 567.919 518.912 1625.42
1216000 538.759 568.664 522.069 1629.49
1217000 536.753 567.813 521.631 1626.2
1218000 535.062 566.523 522.205 1623.79
1219000 535.065 568.882 523.477 1627.42
1220000 535.388 569.444 523.545 1628.38
1221000 538.616 570.822 525.849 1635.29
1222000 539.108 572.019 528.277 1639.4
1223000 539.105 572.708 527.477 1639.29
1224000 538.905 573.302 527.165 1639.37
1225000 542.257 576.939 528.676 1647.87
1226000 542.527 574.789 528.88 1646.2
1227000 544.745 575.198 531.208 1651.15
1228000 543.703 575.58 530.971 1650.25
1229000 542.548 575.139 531.168 1648.86
1230000 545.585 580.133 534.502 1660.22
1231000 546.766 580.281 537.033 1664.08
1232000 548.728 582.857 537.953 1669.54
1233000 547.616 579.892 536.603 1664.11
1234000 547.486 578.37 537.398 1663.25
1235000 550.028 583.242 540.793 1674.06
1236000 551.783 585.519 542.868 1680.17
1237000 551.038 584.39 543.887 1679.32
1238000 551.455 585.691 544.083 1681.23
1239000 551.257 582.027 542.332 1675.62
1240000 554.703 584.583 546.447 1685.73
1241000 553.443 583.452 545.581 1682.48
1242000 556.309 586.2 546.807 1689.32
1243000 556.833 586.463 547.301 1690.6
1244000 559.3 587.165 550.773 1697.24
1245000 557.331 586.588 549.339 1693.26
1246000 561.616 589.941 552.321 1703.88
1247000 560.368 588.925 553.242 1702.53
1248000 558.376 590.287 554.673 1703.34
1249000 559.149 590.905 555.352 1705.41
1250000 562.785 594.284 556.713 1713.78
1251000 564.014 596.202 556.908 1717.12
1252000 564.504 596.771 556.524 1717.8
1253000 567.628 601.581 561.174 1730.38
1254000 569.204 602.367 563.103 1734.67
1255000 570.678 600.957 563.931 1735.57
1256000 570.268 599.885 563.957 1734.11
1257000 568.878 599.015 561.935 1729.83
1258000 570.415 599.536 562.557 1732.51
1259000 571.752 600.34 561.244 1733.34
1260000 574.363 600.648 562.717 1737.73
1261000 573.826 598.491 560.836 1733.15
1262000 573.928 596.867 560.232 1731.03
1263000 577.671 600.186 563.922 1741.78
1264000 577.354 598.076 563.151 1738.58
1265000 579.856 599.732 562.992 1742.58
1266000 582.293 599.792 567.233 1749.32
1267000 583.579 601.789 567.794 1753.16
1268000 586.24 604.024 567.484 1757.75
1269000 588.225 605.567 567.364 1761.16
1270000 590.259 609.562 567.747 1767.57
1271000 586.654 608.2 565.908 1760.76
1272000 589.869 612.996 570.089 1772.95
1273000 588.259 609.038 565.924 1763.22
1274000 589.456 609.148 566.436 1765.04
1275000 593.03 614.005 570.455 1777.49
1276000 595.169 617.458 574.235 1786.86
1277000 595.129 619.055 575.925 1790.11
1278000 593.632 620.063 575.254 1788.95
1279000 593.574 617.665 573.709 1784.95
1280000 598.616 622.075 576.258 1796.95
1281000 600.139 622.53 577.983 1800.65
1282000 601.012 621.601 578.807 1801.42
1283000 601.832 622.971 580.905 1805.71
1284000 605.047 623.404 581.795 1810.25
1285000 603.129 617.544 579.181 1799.85
1286000 606.06 617.848 581.909 1805.82
1287000 608.253 621.489 583.786 1813.53
1288000 606.951 618.542 581.289 1806.78
1289000 605.207 618.114 579.965 1803.28
1290000 605.418 615.529 578.151 1799.1
1291000 607.365 616.787 579.161 1803.31
1292000 611.097 621.532 582.634 1815.26
1293000 610.564 619.487 579.147 1809.2
1294000 611.054 618.143 576.562 1805.76
1295000 615.143 622.234 578.946 1816.32
1296000 618.258 624.615 581.056 1823.93
1297000 620.86 625.822 583.852 1830.53
1298000 620.755 625.471 583.427 1829.65
1299000 623.502 626.952 585.171 1835.62
1300000 625.174 630.271 586.239 1841.69
1301000 623.33 630.073 587.093 1840.5
1302000 623.2 631.667 587.849 1842.72
1303000 623.943 635.327 589.895 1849.16
1304000 624.596 636.056 590.2 1850.85
1305000 626.157 636.076 590.075 1852.31
1306000 628.779 637.383 592.616 1858.78
1307000 624.197 632.631 589.79 1846.62
1308000 623.538 633.134 589.317 1845.99
1309000 626.911 639.684 593.601 1860.2
1310000 631.211 642.549 595.236 1869
1311000 628.243 640.4 592.483 1861.13
1312000 625.939 639.309 590.362 1855.61
1313000 625.98 639.423 590.571 1855.97
1314000 625.353 640.033 589.951 1855.34
1315000 628.785 643.912 592.862 1865.56
1316000 629.012 645.652 592.924 1867.59
1317000 626.8 644.159 593.02 1863.98
1318000 630.69 649.933 597.278 1877.9
1319000 630.427 648.082 593.84 1872.35
1320000 631.784 650.656 594.526 1876.97
1321000 631.764 650.925 594.426 1877.12
1322000 636.433 655.593 598.369 1890.39
1323000 637.804 656.426 599.944 1894.17
1324000 638.83 658.934 600.5 1898.26
1325000 642.26 660.541 598.879 1901.68
1326000 643.224 661.83 599.701 1904.75
1327000 643.66 663.551 599.609 1906.82
1328000 643.471 660.068 599.296 1902.84
1329000 642.829 658.075 596.387 1897.29
1330000 644.573 658.613 598.069 1901.26
1331000 645.272 660.733 601.438 1907.44
1332000 644.759 664.225 603.851 1912.84
1333000 645.482 665.704 606.443 1917.63
1334000 644.584 664.985 606.913 1916.48
1335000 647.049 668.123 608.825 1924
1336000 646.283 667.627 607.518 1921.43
1337000 645.282 668.121 607.081 1920.48
1338000 646.793 668.501 609.413 1924.71
1339000 648.222 669.63 612.189 1930.04
1340000 648.983 669.046 612.165 1930.19
1341000 649.472 668.374 611.218 1929.06
1342000 647.624 665.953 608.131 1921.71
1343000 649.437 670.477 609.734 1929.65
1344000 651.742 673.551 610.211 1935.5
1345000 652.198 675.499 611.311 1939.01
1346000 656.004 678.419 614.489 1948.91
1347000 654.675 678.052 612.569 1945.3
1348000 653.22 675.754 610.054 1939.03
1349000 654.88 676.924 611.53 1943.33
1350000 657.78 678.828 614.737 1951.35
1351000 660.269 677.745 615.321 1953.34
1352000 662.143 681.641 618.852 1962.64
1353000 659.785 680.648 615.614 1956.05
1354000 663.612 684.004 617.291 1964.91
1355000 664.267 684.432 617.206 1965.9
1356000 662.103 683.208 616.324 1961.63
1357000 665.132 685.276 617.838 1968.25
1358000 661.619 680.887 614.324 1956.83
1359000 664.35 687.024 618.13 1969.5
1360000 665.3 688.061 619.643 1973
1361000 664.714 687.402 619.359 1971.47
1362000 666.539 692.174 623.516 1982.23
1363000 664.992 690.619 623.039 1978.65
1364000 667.196 692.086 625.14 1984.42
1365000 667.565 690.937 626.523 1985.03
1366000 666.156 691.184 627.715 1985.06
1367000 667.118 691.357 627.843 1986.32
1368000 669.056 692.581 629.756 1991.39
1369000 672.721 692.81 630.615 1996.15
1370000 672.616 691.984 631.045 1995.64
1371000 670.506 690.643 629.9 1991.05
1372000 672.658 695.274 633.096 2001.03
1373000 672.889 695.883 633.501 2002.27
1374000 672.288 697.76 631.508 2001.56
1375000 672.461 699.637 629.051 2001.15
1376000 672.582 702.071 630.246 2004.9
1377000 674.519 703.546 631.9 2009.97
1378000 676.884 707.233 632.924 2017.04
1379000 678.908 708.576 633.75 2021.23
1380000 682.446 710.678 635.201 2028.33
1381000 681.107 712.829 637.133 2031.07
1382000 679.463 712.656 636.066 2028.19
1383000 679.111 710.481 635.644 2025.24
1384000 680.599 712.24 637.305 2030.14
1385000 682.926 715.688 639.55 2038.16
1386000 684.429 716.855 640.166 2041.45
1387000 684.532 717.194 640.887 2042.61
1388000 685.578 719.414 642.291 2047.28
1389000 684.067 719.271 641.355 2044.69
1390000 685.406 720.51 642.336 2048.25
1391000 683.726 720.066 642.515 2046.31
1392000 683.841 720.936 642.727 2047.5
1393000 686.776 722.83 643.718 2053.32
1394000 687.405 723.41 642.507 2053.32
1395000 690.751 725.638 643.136 2059.52
1396000 687.003 719.996 640.533 2047.53
1397000 690.065 722.403 640.24 2052.71
1398000 692.998 725.738 642.781 2061.52
1399000 696.027 725.823 644.262 2066.11
1400000 696.394 729.066 643.791 2069.25
1401000 699.234 729.648 644.141 2073.02
1402000 697.691 727.648 643.761 2069.1
1403000 702.247 730.707 647.332 2080.29
1404000 699.261 726.467 644.422 2070.15
1405000 702.765 733.229 648.694 2084.69
1406000 704.493 737.706 653.317 2095.52
1407000 701.829 737.102 652.231 2091.16
1408000 701.303 736.911 655.485 2093.7
1409000 700.44 735.745 656.525 2092.71
1410000 701.112 736.331 657.809 2095.25
1411000 700.994 736.499 657.462 2094.95
1412000 703.447 742.202 662.332 2107.98
1413000 698.406 741.312 662.363 2102.08
1414000 699.816 742.603 664.68 2107.1
1415000 701.49 742.591 663.76 2107.84
1416000 707.992 745.499 667.294 2120.78
1417000 709.519 745.243 666.886 2121.65
1418000 707.852 746.148 668.725 2122.72
1419000 708.939 746.791 670.091 2125.82
1420000 714.235 749.584 674.517 2138.34
1421000 711.28 746.956 672.969 2131.21
1422000 712.847 747.697 673.068 2133.61
1423000 713.015 750.135 674.604 2137.75
1424000 711.454 747.335 675.032 2133.82
1425000 715.184 751.023 677.586 2143.79
1426000 719.717 754.729 681.914 2156.36
1427000 719.171 753.649 682.248 2155.07
1428000 716.653 751.127 681.048 2148.83
1429000 716.806 751.174 679.448 2147.43
1430000 719.244 753.679 681.932 2154.86
1431000 717.644 753.963 679.492 2151.1
1432000 723.141 758.624 682.993 2164.76
1433000 723.409 759.028 685.664 2168.1
1434000 722.1 759.327 687.526 2168.95
1435000 720.746 757.774 685.389 2163.91
1436000 723.016 762.392 690.045 2175.45
1437000 724.954 763.546 691.373 2179.87
1438000 722.067 764.124 689.945 2176.14
1439000 724.703 765.843 691.394 2181.94
1440000 723.521 763.573 690.07 2177.16
1441000 725.509 764.919 692.446 2182.87
1442000 725.812 762.376 690.149 2178.34
1443000 729.156 766.723 693.047 2188.93
1444000 729.851 768.667 693.55 2192.07
1445000 729.35 767.42 692.966 2189.74
1446000 730.756 769.087 693.012 2192.86
1447000 734.752 771.958 694.704 2201.41
1448000 733.666 771.518 693.734 2198.92
1449000 733.118 770.071 692.618 2195.81
1450000 734.507 769.094 690.95 2194.55
1451000 735.777 770.97 689.884 2196.63
1452000 737.48 771.733 690.399 2199.61
1453000 739.555 772.425 691.718 2203.7
1454000 740.577 774.445 694.804 2209.83
1455000 739.954 773.484 693.283 2206.72
1456000 744.651 781.132 698.588 2224.37
1457000 741.675 780.941 696.499 2219.11
1458000 737.832 776.451 692.641 2206.92
1459000 742.233 780.438 695.96 2218.63
1460000 743.109 783.317 697.462 2223.89
1461000 743.707 783.919 699.694 2227.32
1462000 742.995 781.956 697.249 2222.2
1463000 742.384 779.947 695.529 2217.86
1464000 744.829 783.732 699.933 2228.49
1465000 742.821 784.461 698.28 2225.56
1466000 742.08 785.61 696.065 2223.76
1467000 742.611 786.299 699.088 2228
1468000 745.229 787.664 701.136 2234.03
1469000 744.244 786.729 700.938 2231.91
1470000 744.511 787.639 701.661 2233.81
1471000 745.757 790.482 702.991 2239.23
1472000 746.918 789.551 701.99 2238.46
1473000 746.93 790.463 703.641 2241.03
1474000 750.658 793.125 707.229 2251.01
1475000 754.601 795.85 711.377 2261.83
1476000 753.389 794.704 712.508 2260.6
1477000 749.879 793.494 712.095 2255.47
1478000 753.596 797.819 717.408 2268.82
1479000 755.454 799.973 718.367 2273.79
1480000 756.775 799.255 719.426 2275.46
1481000 755.445 798.712 719.662 2273.82
1482000 756.724 798.115 721.697 2276.54
1483000 758.869 801.532 725.812 2286.21
1484000 758.655 802.947 726.437 2288.04
1485000 758.26 800.13 724.056 2282.45
1486000 760.691 802.719 726.379 2289.79
1487000 760.69 800.859 725.673 2287.22
1488000 761.332 800.462 724.494 2286.29
1489000 765.113 801.92 726.072 2293.11
1490000 766.043 803.895 726.77 2296.71
1491000 769.146 806.233 727.526 2302.9
1492000 769.916 805.059 725.077 2300.05
1493000 771.63 807.677 727.513 2306.82
1494000 772.271 810.634 728.084 2310.99
1495000 771.225 810.422 730.526 2312.17
1496000 766.719 807.299 728.663 2302.68
1497000 767.237 806.338 727.773 2301.35
1498000 772.319 809.504 731.984 2313.81
1499000 775.113 814.817 735.797 2325.73
1500000 769.809 812.174 734.773 2316.76
1501000 772.717 815.146 737.531 2325.39
1502000 774.726 818.001 739.655 2332.38
1503000 776.177 819.313 741.764 2337.25
1504000 773.058 816.368 737.626 2327.05
1505000 774.283 817.992 738.528 2330.8
1506000 775.377 819.685 740.128 2335.19
1507000 773.639 819.887 739.246 2332.77
1508000 774.768 823.066 738.498 2336.33
1509000 778.225 828.321 741.576 2348.12
1510000 782.095 833.16 743.844 2359.1
1511000 777.644 828.552 739.334 2345.53
1512000 780.753 829.94 741.999 2352.69
1513000 782.956 831.541 742.158 2356.65
1514000 784.087 831.343 741.643 2357.07
1515000 785.723 831.536 741.956 2359.22
1516000 784.208 832.063 740.82 2357.09
1517000 785.671 833.555 743.195 2362.42
1518000 787.726 834.472 746.269 2368.47
1519000 783.117 829.381 744.574 2357.07
1520000 779.642 828.38 741.885 2349.91
1521000 780.789 832.398 742.82 2356.01
1522000 783.727 833.88 744.013 2361.62
1523000 783.411 834.936 743.357 2361.7
1524000 780.288 832.72 740.339 2353.35
1525000 784.124 835.859 747.384 2367.37
1526000 788.261 840.567 751.905 2380.73
1527000 784.44 836.672 748.008 2369.12
1528000 785.55 837.836 749.59 2372.98
1529000 783.953 836.624 749.85 2370.43
1530000 782.583 836.083 748.445 2367.11
1531000 786.282 841.438 753.742 2381.46
1532000 787.781 843.207 754.726 2385.71
1533000 785.658 843.397 755.78 2384.83
1534000 787.245 846.171 757.589 2391.01
1535000 789.573 848.809 759.793 2398.18
1536000 790.932 850.593 760.69 2402.22
1537000 791.336 851.262 760.829 2403.43
1538000 792.094 853.04 761.974 2407.11
1539000 791.426 852.88 761.621 2405.93
1540000 794.062 854.551 766.116 2414.73
1541000 792.865 852.52 763.724 2409.11
1542000 794.618 855.952 767.722 2418.29
1543000 798.659 859.921 770.187 2428.77
1544000 797.504 858.353 768.268 2424.12
1545000 797.858 859.662 765.883 2423.4
1546000 796.332 856.092 762.455 2414.88
1547000 795.757 859.692 762.298 2417.75
1548000 799.823 864.731 764.896 2429.45
1549000 802.21 866.472 764.603 2433.28
1550000 802.995 868.209 765.73 2436.93
1551000 802.695 865.977 765.307 2433.98
1552000 808.669 869.89 767.961 2446.52
1553000 812.349 871.609 768.922 2452.88
1554000 808.857 864.188 765.415 2438.46
1555000 811.051 865.99 767.372 2444.41
1556000 811.822 864.878 767.955 2444.65
1557000 816.769 867.076 769.916 2453.76
1558000 817.998 868.81 770.871 2457.68
1559000 818.286 870.841 770.239 2459.37
1560000 819.177 871.155 771.673 2462
1561000 816.818 870.479 770.92 2458.22
1562000 816.013 868.874 770.603 2455.49
1563000 816.423 869.574 770.742 2456.74
1564000 819.892 873.352 776.761 2470
1565000 820.622 872.221 776.306 2469.15
1566000 824.156 876.861 778.951 2479.97
1567000 828.273 882.217 783.602 2494.09
1568000 829.415 883.222 784.381 2497.02
1569000 828.793 882.459 782.199 2493.45
1570000 830.218 884.993 785.418 2500.63
1571000 825.959 879.373 784.376 2489.71
1572000 830.331 882.352 786.713 2499.4
1573000 830.013 881.444 787.601 2499.06
1574000 829.292 879.994 785.587 2494.87
1575000 831.211 881.794 787.936 2500.94
1576000 833.142 881.246 788.782 2503.17
1577000 832.831 879.938 788.576 2501.35
1578000 835.166 884.882 791.127 2511.18
1579000 834.727 884.882 790.8 2510.41
1580000 836.386 885.151 792.379 2513.92
1581000 838.55 883.095 793.081 2514.73
1582000 839.669 882.587 792.386 2514.64
1583000 842.395 887.444 797.256 2527.09
1584000 840.736 884.929 797.536 2523.2
1585000 839.173 885.81 796.017 2521
1586000 845.116 890.486 798.176 2533.78
1587000 845.844 892.13 798.898 2536.87
1588000 847.21 893.933 799.705 2540.85
1589000 847.924 893.896 798.789 2540.61
1590000 846.139 894.036 798.189 2538.36
1591000 844.949 894.226 798.866 2538.04
1592000 846.91 898.399 802.932 2548.24
1593000 846.575 896.521 802.689 2545.78
1594000 844.738 894.591 801.67 2541
1595000 845.676 897.362 805.208 2548.25
1596000 852.036 903.543 811.21 2566.79
1597000 850.609 901.887 809.164 2561.66
1598000 849.783 900.001 809.021 2558.81
1599000 854.072 904.009 813.491 2571.57
1600000 852.352 903.026 813.025 2568.4
1601000 852.963 905.492 814.254 2572.71
1602000 854.426 906.155 814.874 2575.45
1603000 856.509 907.469 817.054 2581.03
1604000 858.639 909.373 819.284 2587.3
1605000 856.285 905.172 816.704 2578.16
1606000 858.166 909.114 819.164 2586.44
1607000 857.303 908.72 817.62 2583.64
1608000 862.046 911.252 822.26 2595.56
1609000 864.149 913.243 824.086 2601.48
1610000 866.533 915.861 825.319 2607.71
1611000 867.746 917.184 826.744 2611.67
1612000 863.967 913.907 825.281 2603.15
1613000 863.867 913.428 827.485 2604.78
1614000 866.833 915.035 830.38 2612.25
1615000 869.869 918.834 834.201 2622.9
1616000 869.355 918.951 832.126 2620.43
1617000 872.899 921.24 835.049 2629.19
1618000 876.918 925.365 838.155 2640.44
1619000 878.853 927.262 837.659 2643.77
1620000 879.112 927.955 835.595 2642.66
1621000 873.376 923.31 833.427 2630.11
1622000 872.191 922.789 833.042 2628.02
1623000 872.75 925.468 834.945 2633.16
1624000 866.259 919.676 833.803 2619.74
1625000 868.682 922.444 838.98 2630.11
1626000 870.786 924.246 842.319 2637.35
1627000 870.521 922.705 841.969 2635.19
1628000 874.329 927.398 847.591 2649.32
1629000 874.493 928.112 847.6 2650.2
1630000 873.793 927.365 848.013 2649.17
1631000 870.681 923.146 845.426 2639.25
1632000 871.612 924.16 846.392 2642.16
1633000 869.287 919.38 844.039 2632.71
1634000 876.23 924.129 849.088 2649.45
1635000 878.379 926.945 851.699 2657.02
1636000 880.156 929.613 852.949 2662.72
1637000 882.779 932.308 853.626 2668.71
1638000 879.143 928.512 850.848 2658.5
1639000 878.54 929.731 852.964 2661.24
1640000 876.784 930.692 851.197 2658.67
1641000 882.88 935.14 855.324 2673.34
1642000 881.127 932.915 855.127 2669.17
1643000 881.082 929.849 853.206 2664.14
1644000 887.888 935.872 860.092 2683.85
1645000 891.246 938.695 863.213 2693.15
1646000 891.667 938.087 860.422 2690.18
1647000 891.228 936.936 860.738 2688.9
1648000 890.4 939.365 861.124 2690.89
1649000 888.093 937.149 860.288 2685.53
1650000 888.303 935.973 858.287 2682.56
1651000 888.369 936.115 858.995 2683.48
1652000 891.564 936.404 861.604 2689.57
1653000 892.783 933.521 858.948 2685.25
1654000 898.208 937.61 863.66 2699.48
1655000 897.277 937.539 865.591 2700.41
1656000 893.389 934.717 862.905 2691.01
1657000 896.371 940.493 866.967 2703.83
1658000 900.251 946.864 871.602 2718.72
1659000 900.693 945.979 872.345 2719.02
1660000 900.075 948.49 873.534 2722.1
1661000 902.618 951.303 873.533 2727.45
1662000 904.897 953.35 877.683 2735.93
1663000 903.89 953.318 878.431 2735.64
1664000 902.219 951.403 876.897 2730.52
1665000 901.606 949.566 877.328 2728.5
1666000 898.407 945.962 876.374 2720.74
1667000 902.611 949.047 878.522 2730.18
1668000 907.147 954.16 883.141 2744.45
1669000 906.775 955.775 883.582 2746.13
1670000 909.537 960.077 887.104 2756.72
1671000 912.825 962.262 890.134 2765.22
1672000 910.658 960.459 888.517 2759.63
1673000 908.879 959.876 886.534 2755.29
1674000 905.071 957.72 883.291 2746.08
1675000 908.896 964.451 889.719 2763.07
1676000 913.27 967.938 894.191 2775.4
1677000 916.271 970.586 893.703 2780.56
1678000 915.521 971.876 889.919 2777.32
1679000 909.859 965.995 883.449 2759.3
1680000 914.11 966.684 888.404 2769.2
1681000 915.337 965.1 888.593 2769.03
1682000 914.946 964.909 888.632 2768.49
1683000 916.052 965.603 888.251 2769.91
1684000 918.911 968.381 890.742 2778.03
1685000 917.345 967.5 887.582 2772.43
1686000 917.318 968.893 890.93 2777.14
1687000 920.198 970.513 892.407 2783.12
1688000 920.768 967.514 890.511 2778.79
1689000 927.052 970.227 895.305 2792.58
1690000 927.177 968.452 895.766 2791.39
1691000 928.983 968.947 895.789 2793.72
1692000 930.204 969.768 897.687 2797.66
1693000 934.396 973.883 900.852 2809.13
1694000 933.737 972.767 899.213 2805.72
1695000 930.703 969.949 899.175 2799.83
1696000 929.51 968.802 896.777 2795.09
1697000 931.551 969.722 896.337 2797.61
1698000 933.816 972.589 897.867 2804.27
1699000 930.904 971.717 895.216 2797.84
1700000 932.368 975.751 898.295 2806.41
1701000 933.888 977.366 900.396 2811.65
1702000 936.288 981.57 902.344 2820.2
1703000 931.962 975.197 895.801 2802.96
1704000 931.909 976.247 897.369 2805.52
1705000 933.591 976.999 901.593 2812.18
1706000 929.963 971.051 896.8 2797.81
1707000 936.136 977.486 903.374 2817
1708000 936.697 978.378 905.808 2820.88
1709000 937.796 977.159 905.482 2820.44
1710000 937.25 974.785 905.432 2817.47
1711000 938.604 973.128 906.722 2818.45
1712000 938.338 971.301 905.902 2815.54
1713000 938.415 972.216 905.272 2815.9
1714000 940.479 973.831 904.916 2819.23
1715000 944.662 979.196 909.038 2832.9
1716000 944.913 980.167 910.608 2835.69
1717000 945.125 982.142 911.786 2839.05
1718000 947.292 984.555 913.413 2845.26
1719000 941.138 978.664 909.674 2829.48
1720000 946.339 983.335 913.587 2843.26
1721000 948.894 987.811 915.236 2851.94
1722000 948.588 987.358 914.948 2850.89
1723000 951.225 988.853 917.219 2857.3
1724000 952.787 988.679 918.072 2859.54
1725000 951.962 988.531 916.858 2857.35
1726000 952.268 988.874 917.526 2858.67
1727000 946.778 983.989 911.822 2842.59
1728000 951.534 988.002 917.799 2857.34
1729000 954.137 989.267 919.514 2862.92
1730000 952.543 987.582 919.303 2859.43
1731000 957.63 992.785 925.526 2875.94
1732000 956.079 989.462 924.188 2869.73
1733000 957.446 989.012 926.612 2873.07
1734000 956.695 986.528 926.026 2869.25
1735000 961.412 993.733 931.022 2886.17
1736000 959.842 992.257 928.891 2880.99
1737000 962.883 992.438 928.902 2884.22
1738000 965.005 992.919 930.254 2888.18
1739000 961.597 988.635 929.453 2879.68
1740000 958.029 984.897 927.491 2870.42
1741000 964.454 986.616 929.806 2880.88
1742000 967.142 985.224 929.177 2881.54
1743000 970.911 988.917 932.004 2891.83
1744000 971.338 989.702 931.845 2892.89
1745000 969.994 989.967 931.32 2891.28
1746000 972.489 992.497 935.725 2900.71
1747000 967.741 990.422 931.638 2889.8
1748000 965.619 991.795 932.497 2889.91
1749000 964.463 993.689 934.281 2892.43
1750000 966.457 995.701 935.691 2897.85
1751000 970.457 997.41 938.34 2906.21
1752000 976.836 1001.61 945.852 2924.3
1753000 974.415 1000.53 943.536 2918.48
1754000 975.579 999.597 944.203 2919.38
1755000 972.603 992.317 941.988 2906.91
1756000 973.271 990.085 941.442 2904.8
1757000 980.193 994.804 946.675 2921.67
1758000 974.425 993.421 943.877 2911.72
1759000 976.806 995.937 944.501 2917.24
1760000 983.39 1002 949.766 2935.16
1761000 980.43 998.894 948.88 2928.2
1762000 981.452 999.99 951.4 2932.84
1763000 982.955 1000.45 953.891 2937.3
1764000 980.835 998.811 951.625 2931.27
1765000 976.854 994.464 949.661 2920.98
1766000 977.785 997.717 951.656 2927.16
1767000 982.436 1002.64 953.423 2938.5
1768000 987.524 1007.94 954.742 2950.2
1769000 987.08 1007.98 954.258 2949.32
1770000 986.913 1011.58 953.287 2951.78
1771000 989.857 1013.93 952.157 2955.94
1772000 991.099 1013.19 951.332 2955.62
1773000 989.676 1012.56 951.288 2953.53
1774000 985.922 1008.07 943.149 2937.14
1775000 987.934 1010.43 944.774 2943.14
1776000 981.906 1007.41 943.15 2932.47
1777000 986.659 1010.06 946.202 2942.92
1778000 987.633 1011.6 945.701 2944.94
1779000 992.207 1016.92 950.349 2959.48
1780000 991.653 1016.35 948.038 2956.05
1781000 998.213 1023.31 952.568 2974.09
1782000 998.528 1023.12 952.468 2974.12
1783000 992.558 1020.81 946.979 2960.35
1784000 993.748 1024.22 949.622 2967.59
1785000 995.111 1027.45 951.287 2973.85
1786000 996.736 1027.85 951.882 2976.46
1787000 991.348 1020.85 944.967 2957.17
1788000 995.822 1022.86 947.847 2966.53
1789000 996.205 1022.98 948.418 2967.6
1790000 998.517 1021.72 949.112 2969.34
1791000 996.793 1020.26 950.826 2967.88
1792000 991.664 1019.41 950.795 2961.87
1793000 996.914 1023.67 956.391 2976.98
1794000 997.363 1022.82 954.185 2974.37
1795000 999.496 1023.57 953.196 2976.26
1796000 1005.21 1028.39 957.245 2990.85
1797000 1006.8 1026.31 957.807 2990.91
1798000 1002.73 1022.42 954.597 2979.75
1799000 999.509 1020.27 952.918 2972.7
1800000 1005.67 1023.61 959.177 2988.46
1801000 1005.36 1025.12 960.03 2990.51
1802000 1005.16 1024.27 961.189 2990.62
1803000 1004.58 1024.47 963.59 2992.64
1804000 1006.77 1025.81 965.687 2998.27
1805000 1003.49 1022.36 963.293 2989.14
1806000 1005.66 1020.46 964.583 2990.7
1807000 1009.68 1023.6 966.7 2999.98
1808000 1015.02 1029.13 972.691 3016.83
1809000 1010.47 1026.81 970.75 3008.02
1810000 1010.25 1025.57 968.67 3004.49
1811000 1012.43 1027.29 970.725 3010.44
1812000 1015.35 1029.63 973.468 3018.45
1813000 1011.33 1027.81 971.747 3010.89
1814000 1014.03 1031.4 975.591 3021.02
1815000 1017.26 1034.36 978.632 3030.26
1816000 1016.62 1032.76 978.521 3027.9
1817000 1016.3 1034.12 979.04 3029.46
1818000 1017.93 1033.67 978.929 3030.52
1819000 1022.75 1036.75 980.81 3040.31
1820000 1018.31 1037.01 977.932 3033.25
1821000 1020.72 1035.17 978.016 3033.91
1822000 1021.82 1036.94 979.371 3038.13
1823000 1024.83 1040.35 983.709 3048.9
1824000 1027.16 1043.93 986.617 3057.71
1825000 1021.49 1039.84 979.804 3041.13
1826000 1024.63 1047.19 983.654 3055.48
1827000 1029.67 1054.97 989.193 3073.83
1828000 1027.74 1054.25 988.746 3070.73
1829000 1023.47 1052.19 985.402 3061.07
1830000 1023.92 1055.91 987.87 3067.7
1831000 1025.11 1057.37 990.728 3073.22
1832000 1028.02 1057.17 992.864 3078.06
1833000 1024.03 1054.35 988.695 3067.08
1834000 1023.09 1052 988.809 3063.91
1835000 1021.4 1052.89 989.731 3064.02
1836000 1018.93 1053.68 990.685 3063.29
1837000 1023.37 1058.54 993.094 3075
1838000 1026.39 1061.84 996.26 3084.5
1839000 1022.46 1060.87 993.064 3076.39
1840000 1025.53 1061.27 993.859 3080.66
1841000 1030.16 1065.64 999.399 3095.2
1842000 1030.25 1063.56 998.289 3092.1
1843000 1027.61 1061.6 994.607 3083.82
1844000 1032.07 1064.63 995.716 3092.42
1845000 1037.03 1067.99 998.528 3103.55
1846000 1036.22 1068.9 996.75 3101.86
1847000 1037.72 1070.13 998.807 3106.65
1848000 1035.9 1071.65 999.267 3106.82
1849000 1036.61 1069.97 999.726 3106.31
1850000 1036.79 1068.86 999.025 3104.68
1851000 1042.15 1075.28 1004.4 3121.83
1852000 1041.77 1075.77 1003.2 3120.75
1853000 1041.41 1073.02 1001.01 3115.44
1854000 1042.36 1069.6 1003.39 3115.35
1855000 1047.34 1071.28 1003.27 3121.89
1856000 1050.61 1073.08 1005.37 3129.06
1857000 1045.77 1068.68 1002.45 3116.9
1858000 1048.16 1070.72 1005.65 3124.53
1859000 1052.83 1074.17 1010.97 3137.96
1860000 1054.19 1077.41 1013.23 3144.82
1861000 1052.58 1075.11 1010.31 3138
1862000 1055.14 1077.77 1013.33 3146.24
1863000 1056.53 1077.92 1015.26 3149.72
1864000 1053.13 1078.38 1016 3147.5
1865000 1051.67 1079.04 1017.4 3148.11
1866000 1058.3 1082.09 1020.45 3160.84
1867000 1057.65 1082.09 1019.16 3158.9
1868000 1060.21 1086.06 1019.96 3166.23
1869000 1063.87 1088.92 1024.26 3177.05
1870000 1058.7 1083.53 1017.6 3159.83
1871000 1062.19 1086.78 1021.27 3170.23
1872000 1060.46 1086.83 1021.93 3169.22
1873000 1061.11 1088.16 1022.66 3171.93
1874000 1062.82 1090.07 1022.94 3175.83
1875000 1060.02 1086.34 1021.84 3168.2
1876000 1061.7 1085.59 1023.98 3171.26
1877000 1064.93 1088.88 1025.61 3179.42
1878000 1070.11 1093.35 1026.85 3190.31
1879000 1065.22 1088.99 1025.2 3179.42
1880000 1063.27 1085.12 1025.35 3173.74
1881000 1065.2 1085.34 1024.35 3174.88
1882000 1066.53 1085.65 1025.77 3177.94
1883000 1067.2 1086.26 1025.92 3179.38
1884000 1064.37 1081.32 1020.82 3166.51
1885000 1071.33 1088.3 1027.88 3187.51
1886000 1073.06 1087.54 1030.01 3190.61
1887000 1073.42 1086.68 1028.35 3188.45
1888000 1074.83 1089.65 1030 3194.47
1889000 1075.07 1090.31 1031.21 3196.58
1890000 1073.14 1089.12 1032.9 3195.16
1891000 1078.82 1092.72 1038.41 3209.95
1892000 1080.07 1092.78 1040.42 3213.28
1893000 1078.67 1092.96 1040.25 3211.88
1894000 1079.67 1096.33 1043.59 3219.59
1895000 1077.66 1095.04 1040.35 3213.05
1896000 1077.83 1094.94 1040.54 3213.3
1897000 1085.39 1102.28 1046.21 3233.89
1898000 1084.41 1102.95 1045.16 3232.53
1899000 1083.57 1102.92 1047.8 3234.29
1900000 1091.11 1110.32 1056.52 3257.95
1901000 1086.21 1104.76 1051.75 3242.72
1902000 1085.01 1104.84 1054.53 3244.39
1903000 1086.32 1109.44 1057.17 3252.92
1904000 1086.9 1111 1055.7 3253.59
1905000 1086.39 1111.98 1055.86 3254.23
1906000 1090.98 1117.54 1060.68 3269.2
1907000 1090.86 1119.36 1061.47 3271.69
1908000 1088.67 1117.13 1057.43 3263.23
1909000 1085.97 1114.33 1055.4 3255.71
1910000 1094.06 1125.64 1064.14 3283.84
1911000 1088.37 1120.41 1059.5 3268.27
1912000 1090.23 1119.3 1063.21 3272.74
1913000 1092.4 1119.55 1064.16 3276.11
1914000 1097.18 1121.56 1068.59 3287.32
1915000 1099.92 1127.41 1070.42 3297.75
1916000 1090.67 1118.6 1063.46 3272.73
1917000 1095.18 1122.06 1068.14 3285.38
1918000 1096.35 1121.82 1067.65 3285.82
1919000 1100.47 1125.62 1071.35 3297.45
1920000 1100.1 1124.71 1071.52 3296.34
1921000 1101.56 1127.59 1073.96 3303.1
1922000 1103.77 1129.62 1075.9 3309.28
1923000 1106.23 1134.71 1078.29 3319.23
1924000 1106.04 1132.93 1074.68 3313.64
1925000 1104.23 1130.41 1068.93 3303.58
1926000 1104.95 1131.4 1066.96 3303.31
1927000 1106.87 1133.66 1070.02 3310.54
1928000 1115.48 1140.83 1076.14 3332.45
1929000 1113.99 1139.72 1074.61 3328.31
1930000 1115.51 1139.69 1075.85 3331.05
1931000 1121.56 1141.06 1078.45 3341.07
1932000 1122.36 1142.09 1079.12 3343.57
1933000 1123.22 1141.72 1079.19 3344.13
1934000 1122.49 1141.79 1080.35 3344.63
1935000 1125.66 1144.75 1083.68 3354.09
1936000 1122.06 1139.67 1079.06 3340.79
1937000 1127.37 1142.22 1084.51 3354.1
1938000 1126.96 1142.13 1082.34 3351.43
1939000 1134.43 1145.33 1085.17 3364.92
1940000 1135.97 1143.56 1085.55 3365.08
1941000 1142.07 1147.4 1088.63 3378.1
1942000 1146.41 1151.63 1093.16 3391.21
1943000 1144.57 1150.49 1092.5 3387.56
1944000 1141.27 1149.78 1093.79 3384.84
1945000 1135.11 1143.96 1090.09 3369.17
1946000 1139.32 1145.79 1093.83 3378.94
1947000 1141.37 1147.48 1095.91 3384.76
1948000 1143.93 1152.5 1097.62 3394.05
1949000 1137.12 1148.99 1093.2 3379.31
1950000 1132.7 1146.84 1089.93 3369.47
1951000 1137.07 1147.83 1095.54 3380.44
1952000 1142.05 1152.43 1097.09 3391.57
1953000 1139.98 1148.67 1095.99 3384.64
1954000 1138.44 1147.42 1094.31 3380.18
1955000 1145.05 1153.07 1099.02 3397.14
1956000 1148.43 1151.48 1099.09 3399
1957000 1151.89 1157.02 1102.15 3411.06
1958000 1149.48 1156.82 1101.54 3407.85
1959000 1143.69 1155.19 1101.26 3400.14
1960000 1150.16 1162.88 1109.89 3422.93
1961000 1152.01 1162.89 1109.15 3424.05
1962000 1150.75 1157.38 1106.79 3414.92
1963000 1155.59 1160.95 1110.12 3426.65
1964000 1155.29 1157.79 1108.69 3421.76
1965000 1158.35 1162.48 1112.06 3432.89
1966000 1159.74 1163.19 1112.63 3435.56
1967000 1161.89 1168.43 1116.26 3446.58
1968000 1158.04 1164.6 1113.18 3435.82
1969000 1163.71 1168.44 1120.05 3452.2
1970000 1159.36 1162.91 1117.55 3439.83
1971000 1160.44 1163.4 1120.18 3444.01
1972000 1162.6 1164.15 1119.46 3446.22
1973000 1166.21 1165.86 1121.46 3453.54
1974000 1165.87 1164.07 1120.6 3450.54
1975000 1164.96 1165.26 1118.35 3448.57
1976000 1165.96 1167.42 1118.61 3451.99
1977000 1171.69 1176.98 1124.04 3472.71
1978000 1170.87 1176.47 1122.99 3470.33
1979000 1173.3 1179.67 1126.49 3479.46
1980000 1172.89 1178.91 1127.63 3479.43
1981000 1178.43 1183.31 1130.18 3491.92
1982000 1176.85 1183.11 1125.67 3485.63
1983000 1173.18 1181.4 1122.69 3477.28
1984000 1174.26 1185.78 1122.91 3482.95
1985000 1175.34 1189.57 1125.16 3490.07
1986000 1171.14 1189 1123.07 3483.2
1987000 1169.85 1189.52 1123.89 3483.26
1988000 1170.37 1187.77 1124.38 3482.51
1989000 1174.39 1195.56 1128.37 3498.32
1990000 1176.39 1195.42 1132.59 3504.41
1991000 1171.97 1189.4 1128.56 3489.92
1992000 1170.18 1186.67 1129.12 3485.97
1993000 1170.53 1185.92 1128.4 3484.85
1994000 1170.19 1185.75 1128.2 3484.14
1995000 1176.21 1191.48 1135.78 3503.47
1996000 1173.15 1187.48 1132.97 3493.6
1997000 1173.96 1187.63 1135.09 3496.68
1998000 1174.21 1191.15 1137.96 3503.32
1999000 1177.31 1196.14 1143.04 3516.49
2000000 1177.71 1195.14 1144.96 3517.81
2001000 1180.17 1197.18 1143.83 3521.18
2002000 1178.77 1196.85 1143.79 3519.41
2003000 1173.73 1192.48 1141.42 3507.63
2004000 1177.58 1196.38 1147.51 3521.46
2005000 1180.8 1201.15 1149.02 3530.97
2006000 1181.13 1204.55 1147.97 3533.65
2007000 1183.01 1205.68 1149.58 3538.27
2008000 1183.22 1205.32 1151.45 3540
2009000 1182.48 1206.96 1154.39 3543.82
2010000 1184.8 1211.14 1158.2 3554.14
2011000 1184.94 1210.4 1155.09 3550.43
2012000 1186.8 1212 1155.88 3554.67
2013000 1186.59 1210.7 1157.65 3554.94
2014000 1186.67 1211.07 1159.4 3557.14
2015000 1183.79 1212.42 1160.47 3556.67
2016000 1185.13 1215.45 1162.56 3563.15
2017000 1185.81 1214.68 1163.5 3564
2018000 1186.57 1213.06 1158.15 3557.78
2019000 1187.87 1214.92 1159.88 3562.67
2020000 1183.71 1209.89 1154.19 3547.79
2021000 1183.73 1208.55 1154.09 3546.36
2022000 1186.32 1210.75 1160.25 3557.32
2023000 1188.75 1214.72 1164.7 3568.16
2024000 1194.98 1218.91 1169.57 3583.46
2025000 1196.01 1222.14 1170.04 3588.19
2026000 1191.91 1221.78 1168.36 3582.05
2027000 1191.91 1221.28 1168.68 3581.87
2028000 1191.18 1222.9 1169.09 3583.18
2029000 1189.23 1219.29 1168.59 3577.11
2030000 1193.62 1226.65 1176.49 3596.76
2031000 1188.98 1221.26 1173.38 3583.61
2032000 1190.02 1223.39 1174.88 3588.29
2033000 1191.45 1224.1 1178.71 3594.26
2034000 1191.03 1219.85 1178.77 3589.65
2035000 1193.11 1223.36 1182.37 3598.84
2036000 1193.43 1226.21 1183.18 3602.82
2037000 1201.4 1232.67 1189.38 3623.44
2038000 1195.9 1226.75 1186.91 3609.56
2039000 1200.71 1231.94 1191.69 3624.34
2040000 1198.43 1230.86 1188.65 3617.94
2041000 1200.77 1230.93 1188.13 3619.83
2042000 1206.11 1236.98 1192.01 3635.1
2043000 1197.75 1228.23 1188.3 3614.29
2044000 1199.11 1228.75 1192.75 3620.62
2045000 1201.32 1229.27 1196.41 3627
2046000 1203.86 1231.27 1199.94 3635.07
2047000 1208.03 1234.69 1205.87 3648.59
2048000 1206.17 1234.05 1206.12 3646.35
2049000 1206.73 1233.84 1207.62 3648.19
2050000 1203.7 1231.33 1201.75 3636.77
2051000 1203.91 1233.89 1203.13 3640.92
2052000 1200.04 1230.38 1200.38 3630.8
2053000 1219.38 1248.89 1216.83 3685.1
2054000 1214.61 1241.02 1207.74 3663.37
2055000 1214.91 1242.98 1208.5 3666.39
2056000 1214.16 1241.7 1206.43 3662.29
2057000 1214.63 1244.1 1209.15 3667.88
2058000 1221.49 1250.01 1214.96 3686.46
2059000 1218.9 1246.56 1211.32 3676.78
2060000 1218.96 1248.24 1212.94 3680.13
2061000 1216.2 1247.24 1210.61 3674.05
2062000 1211.68 1241.85 1205.55 3659.09
2063000 1220.85 1251.54 1216.66 3689.06
2064000 1217.34 1244.94 1213.69 3675.98
2065000 1220.01 1251.13 1216.76 3687.9
2066000 1217.85 1251.63 1220.73 3690.21
2067000 1217.77 1253.61 1221.66 3693.03
2068000 1214.92 1252.55 1218.87 3686.35
2069000 1218.42 1255 1222.81 3696.23
2070000 1216.94 1249.88 1217.12 3683.95
2071000 1223.48 1256.28 1225.23 3704.99
2072000 1221.29 1254 1225.88 3701.17
2073000 1227.64 1260.38 1230.03 3718.05
2074000 1227.47 1257.29 1227.18 3711.94
2075000 1228.7 1259.51 1230.69 3718.9
2076000 1233.43 1262.73 1233.56 3729.72
2077000 1232.09 1258.8 1234.02 3724.9
2078000 1230.81 1260.11 1235.37 3726.29
2079000 1235.02 1263.82 1240.58 3739.42
2080000 1234.03 1264.08 1241.5 3739.61
2081000 1236.26 1265.4 1244.21 3745.87
2082000 1235.88 1262.92 1246.69 3745.48
2083000 1230.06 1256.18 1242.7 3728.93
2084000 1232.45 1254.28 1242.04 3728.77
2085000 1235.55 1256.88 1247.73 3740.17
2086000 1237.07 1258.07 1248.84 3743.98
2087000 1239.03 1254.04 1246.28 3739.35
2088000 1239.69 1258.06 1250.89 3748.64
2089000 1239.95 1259.94 1254 3753.88
2090000 1240.43 1262.05 1256.15 3758.63
2091000 1243.3 1266.94 1261.49 3771.72
2092000 1239.29 1262.49 1260.13 3761.9
2093000 1242.83 1265.55 1264.14 3772.51
2094000 1237.77 1260.34 1260.32 3758.44
2095000 1247.66 1272.15 1267.92 3787.73
2096000 1247.43 1271.85 1267.18 3786.46
2097000 1252.6 1275.39 1271.56 3799.55
2098000 1251.79 1273.32 1270.96 3796.06
2099000 1256.97 1277.41 1271.18 3805.55
2100000 1255.1 1278.11 1268.99 3802.2
2101000 1251.24 1279.27 1268.5 3799.01
2102000 1255.35 1284.19 1271.96 3811.49
2103000 1259.85 1285.86 1274.64 3820.35
2104000 1259.58 1284.74 1274.43 3818.74
2105000 1259.29 1284.17 1276.69 3820.15
2106000 1259.89 1284.3 1274.39 3818.58
2107000 1262.35 1287.96 1277.22 3827.53
2108000 1257.34 1280.76 1271.34 3809.44
2109000 1263.99 1285.49 1279.05 3828.52
2110000 1263.11 1283.4 1279.77 3826.27
2111000 1262.97 1280.79 1281.54 3825.3
2112000 1263.63 1282.46 1280.76 3826.84
2113000 1266.79 1286.03 1285.46 3838.28
2114000 1267.36 1287.53 1284.25 3839.13
2115000 1271.59 1292.41 1289.74 3853.73
2116000 1269.36 1291.19 1287.93 3848.49
2117000 1270.91 1295.6 1289.12 3855.64
2118000 1269.69 1297.93 1293.1 3860.72
2119000 1265.06 1294.64 1288.82 3848.53
2120000 1264.59 1293.92 1286.99 3845.51
2121000 1264.03 1293.99 1288.38 3846.4
2122000 1270.46 1299.04 1294.88 3864.38
2123000 1269.09 1297.86 1293.34 3860.29
2124000 1268.52 1296.83 1293.59 3858.95
2125000 1273.53 1299.2 1295.89 3868.61
2126000 1271.54 1294.81 1294.49 3860.83
2127000 1263.95 1288.28 1288.7 3840.93
2128000 1271.32 1296.51 1293.76 3861.6
2129000 1276.15 1302.15 1299.14 3877.44
2130000 1274.72 1294.54 1295.55 3864.82
2131000 1277.93 1295.38 1298.28 3871.59
2132000 1279.86 1295.41 1299.06 3874.33
2133000 1282.6 1293.48 1301.2 3877.28
2134000 1274.8 1285.28 1293.67 3853.75
2135000 1276.09 1287.4 1296.45 3859.94
2136000 1284.85 1291.02 1299.33 3875.2
2137000 1287.67 1291.53 1298.46 3877.65
2138000 1290.91 1292.67 1301.26 3884.84
2139000 1292.07 1293.37 1303.75 3889.2
2140000 1289.7 1292.07 1306.62 3888.39
2141000 1292.56 1295.95 1310.17 3898.68
2142000 1289.33 1295.02 1310.52 3894.87
2143000 1288.74 1296.54 1312.41 3897.68
2144000 1291.02 1300.38 1316.43 3907.83
2145000 1293.25 1302.77 1319.82 3915.83
2146000 1290.46 1298.29 1315.66 3904.41
2147000 1290.7 1295.57 1314.92 3901.18
2148000 1294.54 1297.55 1315.61 3907.7
2149000 1302.43 1307.04 1321.38 3930.84
2150000 1300.76 1303.89 1318.25 3922.9
2151000 1306.78 1308.99 1323.83 3939.6
2152000 1302.9 1301.96 1322.07 3926.93
2153000 1298.52 1298.96 1318.37 3915.84
2154000 1302.37 1305.18 1322.72 3930.27
2155000 1304.75 1309.7 1328.22 3942.67
2156000 1306.2 1312.15 1332.33 3950.68
2157000 1298.12 1302.7 1323.84 3924.66
2158000 1299.91 1302.79 1321.72 3924.42
2159000 1302.2 1307.04 1323.11 3932.35
2160000 1303.55 1309.84 1326.75 3940.14
2161000 1308.79 1311.82 1330.19 3950.79
2162000 1306.87 1308.68 1328.95 3944.5
2163000 1307.76 1309.42 1328.75 3945.93
2164000 1310.03 1312 1329.68 3951.72
2165000 1312.25 1313.52 1330.58 3956.36
2166000 1316.45 1316.04 1334.62 3967.1
2167000 1318.35 1316.14 1336.78 3971.27
2168000 1322.76 1317.28 1336.8 3976.85
2169000 1321.8 1316.28 1335.06 3973.14
2170000 1321.5 1314.73 1335.41 3971.64
2171000 1324.03 1315.97 1338.98 3978.99
2172000 1323.54 1316.28 1335.55 3975.37
2173000 1324.86 1318.08 1336.42 3979.37
2174000 1327.55 1323.66 1338.34 3989.55
2175000 1331.43 1327.47 1339.57 3998.47
2176000 1325.4 1321.19 1333.05 3979.64
2177000 1327.19 1321.98 1336.09 3985.26
2178000 1329.29 1325.29 1341.2 3995.78
2179000 1334.38 1328.26 1343.76 4006.4
2180000 1325.71 1321.67 1336.4 3983.78
2181000 1326.33 1320.55 1336.47 3983.35
2182000 1330.03 1323.42 1339.49 3992.94
2183000 1327.03 1322.21 1338.56 3987.8
2184000 1332.22 1329.96 1342.7 4004.88
2185000 1332.94 1329.12 1342.43 4004.49
2186000 1331.24 1328.45 1338.58 3998.27
2187000 1329.64 1328.46 1338.46 3996.56
2188000 1331.47 1330.76 1341.7 4003.94
2189000 1331.67 1331.2 1341.87 4004.74
2190000 1334.38 1335.31 1345.16 4014.85
2191000 1327.14 1326.49 1338.57 3992.2
2192000 1331.44 1334.24 1342.65 4008.33
2193000 1334.31 1336.8 1347.16 4018.27
2194000 1341.28 1339.11 1350.05 4030.44
2195000 1349.52 1346.03 1358.34 4053.9
2196000 1347.04 1341.64 1356.83 4045.5
2197000 1346.34 1342.24 1358.25 4046.83
2198000 1338.97 1332.23 1353.61 4024.81
2199000 1348.92 1338.8 1362.48 4050.2
2200000 1348.56 1339.36 1362.53 4050.45
2201000 1354.13 1343.01 1365 4062.14
2202000 1350.37 1336.59 1360.58 4047.53
2203000 1354.2 1341.29 1362.04 4057.53
2204000 1356.27 1340.67 1362.35 4059.29
2205000 1357.89 1340.64 1364.48 4063.02
2206000 1358 1340.15 1367.4 4065.55
2207000 1358.46 1342.63 1366.18 4067.28
2208000 1354.08 1340.87 1362.27 4057.21
2209000 1363.31 1349.97 1370.95 4084.23
2210000 1356.61 1342.53 1364.39 4063.53
2211000 1355.92 1339.89 1363.89 4059.71
2212000 1358.58 1345.86 1364.99 4069.43
2213000 1358.13 1345.01 1363.16 4066.3
2214000 1355.65 1342.98 1358.96 4057.58
2215000 1354.22 1339.94 1354.53 4048.69
2216000 1361.12 1343.84 1358.25 4063.21
2217000 1365.19 1346.2 1360.63 4072.01
2218000 1367.1 1350.58 1365.44 4083.12
2219000 1366.9 1351.63 1366.73 4085.26
2220000 1362.96 1349.43 1363.9 4076.29
2221000 1360.95 1347.53 1361.95 4070.43
2222000 1369.12 1352.54 1368.28 4089.94
2223000 1371.07 1354.91 1371.63 4097.61
2224000 1373.81 1360.28 1378.02 4112.11
2225000 1373.09 1362.47 1378.4 4113.96
2226000 1375.81 1363.9 1380.6 4120.32
2227000 1380.8 1369.79 1387.47 4138.06
2228000 1376.17 1365.29 1384.86 4126.32
2229000 1371.04 1361.98 1380.12 4113.14
2230000 1370.73 1361.14 1379.92 4111.79
2231000 1375.77 1369.29 1386.45 4131.51
2232000 1374.69 1370.59 1386.14 4131.41
2233000 1376.6 1373.06 1385.12 4134.77
2234000 1379.68 1378.64 1386.94 4145.26
2235000 1377.77 1377.01 1384.66 4139.44
2236000 1380.59 1381 1389.19 4150.79
2237000 1387.03 1385.58 1392.18 4164.79
2238000 1384.72 1383.15 1387.58 4155.45
2239000 1383.74 1379.16 1384.01 4146.91
2240000 1384.87 1380.72 1388.34 4153.93
2241000 1384.39 1381.32 1388.22 4153.93
2242000 1380.47 1378.74 1384.11 4143.32
2243000 1388.69 1386.91 1391.54 4167.14
2244000 1378.6 1381.84 1382.98 4143.41
2245000 1381.64 1385.78 1388.49 4155.91
2246000 1383.29 1387.17 1392.17 4162.63
2247000 1391.41 1393.89 1397.14 4182.44
2248000 1384.32 1386.39 1389.18 4159.9
2249000 1384 1385.73 1391.78 4161.51
2250000 1387.85 1389.01 1394.8 4171.66
2251000 1390.99 1395.03 1399.96 4185.98
2252000 1388.76 1392.21 1396.58 4177.54
2253000 1387.23 1390.06 1393.85 4171.13
2254000 1396.73 1398.52 1402 4197.24
2255000 1396.96 1400.96 1402.81 4200.74
2256000 1397.44 1403.15 1403.87 4204.47
2257000 1398.49 1408.31 1404.17 4210.97
2258000 1398.08 1407.88 1403.35 4209.31
2259000 1397.05 1406.93 1400.66 4204.64
2260000 1398.79 1412.62 1402.01 4213.42
2261000 1400.62 1416.94 1403.43 4221
2262000 1399.38 1416.75 1401.99 4218.12
2263000 1403.3 1422.37 1406.89 4232.57
2264000 1401.56 1421.03 1402.7 4225.29
2265000 1399.01 1421.23 1398.4 4218.63
2266000 1398.29 1423.81 1400.8 4222.9
2267000 1401.34 1424.94 1404.18 4230.46
2268000 1408.79 1429.36 1407.05 4245.2
2269000 1411.13 1431.07 1406.81 4249.01
2270000 1416.25 1434.96 1410.4 4261.6
2271000 1418.25 1437.49 1412.17 4267.91
2272000 1425.1 1441.43 1417.65 4284.18
2273000 1427.04 1440.71 1420.62 4288.37
2274000 1426.02 1437.55 1417.18 4280.75
2275000 1425.59 1434.53 1413.15 4273.27
2276000 1425.74 1434.02 1409.41 4269.16
2277000 1425.82 1436.28 1410.1 4272.21
2278000 1425.6 1440.3 1410.91 4276.82
2279000 1432.14 1447.26 1416.92 4296.32
2280000 1432.94 1449.44 1419.83 4302.21
2281000 1427.09 1445.67 1414.48 4287.23
2282000 1435 1451.59 1422.92 4309.51
2283000 1438.98 1454.31 1425.25 4318.53
2284000 1432.66 1450.89 1420.05 4303.6
2285000 1433.57 1454.02 1426.48 4314.08
2286000 1431.27 1453.32 1425.7 4310.3
2287000 1431.87 1455.77 1427.37 4315
2288000 1428.49 1451.11 1423.83 4303.43
2289000 1428.99 1451.86 1425.48 4306.32
2290000 1432.36 1451.79 1429.3 4313.45
2291000 1438.79 1454.71 1433.03 4326.54
2292000 1442.69 1454.08 1433.76 4330.53
2293000 1443.91 1455.83 1435.59 4335.33
2294000 1450.54 1460.36 1440.73 4351.62
2295000 1445.76 1455.08 1435.61 4336.46
2296000 1443.59 1453.6 1434.44 4331.62
2297000 1452.04 1457.27 1438.02 4347.34
2298000 1451.69 1459.57 1441.5 4352.76
2299000 1453.74 1459.06 1441.13 4353.93
2300000 1453.59 1458.42 1440.5 4352.51
2301000 1457.94 1464.33 1444.37 4366.64
2302000 1463.65 1467.54 1449.16 4380.35
2303000 1458.94 1464.06 1444.43 4367.43
2304000 1456.86 1464.85 1443.87 4365.58
2305000 1457.5 1465.63 1445.72 4368.85
2306000 1463.85 1474.61 1450.73 4389.19
2307000 1457.25 1468.7 1445.03 4370.98
2308000 1460.2 1472.2 1451.23 4383.63
2309000 1462.06 1474.97 1458.94 4395.97
2310000 1465 1477.01 1462.62 4404.63
2311000 1462.12 1474.02 1459.63 4395.77
2312000 1465.06 1475.12 1460.55 4400.73
2313000 1472.05 1481.37 1463.4 4416.82
2314000 1465.69 1478.52 1459.92 4404.12
2315000 1468.09 1480.33 1463.08 4411.49
2316000 1464.17 1479.14 1461.74 4405.06
2317000 1461.07 1478.43 1459.56 4399.06
2318000 1469.21 1487.25 1465.69 4422.16
2319000 1459.01 1477.98 1459.6 4396.59
2320000 1463.62 1483.6 1465.62 4412.85
2321000 1471.25 1490.33 1473.13 4434.71
2322000 1471.36 1486.98 1472.14 4430.48
2323000 1472.39 1484.71 1471.88 4428.98
2324000 1471.01 1481.51 1466.18 4418.7
2325000 1469.67 1483.41 1466.79 4419.87
2326000 1470.1 1485.36 1468.76 4424.22
2327000 1471.61 1486.65 1470.1 4428.37
2328000 1476.1 1489.24 1471.46 4436.81
2329000 1486.24 1496.64 1479.13 4462.01
2330000 1486.04 1497.89 1479.78 4463.71
2331000 1485.33 1499.55 1477.17 4462.04
2332000 1478.15 1497.36 1474.38 4449.89
2333000 1481.04 1503.72 1480.71 4465.48
2334000 1482.33 1507.15 1483.01 4472.49
2335000 1478.55 1505.07 1479.77 4463.39
2336000 1480.93 1511.3 1481.23 4473.45
2337000 1483.46 1514.73 1485.54 4483.73
2338000 1479.47 1511.98 1482.06 4473.51
2339000 1474.77 1507.51 1478.76 4461.05
2340000 1481.95 1508.34 1483.39 4473.67
2341000 1481.29 1507.03 1484.72 4473.04
2342000 1485.86 1509.09 1493.08 4488.02
2343000 1484.04 1509.94 1491.7 4485.68
2344000 1487.44 1512.36 1491.37 4491.17
2345000 1484.76 1507.3 1488.94 4481
2346000 1485.04 1506.61 1490.88 4482.53
2347000 1483.6 1506.06 1490.4 4480.06
2348000 1481.55 1504.81 1488.47 4474.83
2349000 1483.46 1508.49 1494.22 4486.17
2350000 1482.5 1504.24 1495.8 4482.53
2351000 1486.39 1509.47 1503.02 4498.87
2352000 1490.54 1511.58 1508.81 4510.93
2353000 1488.22 1509.31 1508.26 4505.79
2354000 1497.02 1513.99 1513.49 4524.5
2355000 1499.95 1514.24 1515.51 4529.7
2356000 1494.24 1508.72 1514 4516.96
2357000 1486.84 1505.09 1510.43 4502.35
2358000 1482.92 1503.78 1508.13 4494.83
2359000 1489.92 1510.48 1514.39 4514.79
2360000 1500.68 1521.93 1523.73 4546.34
2361000 1499.15 1525.36 1522.22 4546.73
2362000 1495.59 1520.41 1518.7 4534.7
2363000 1497.11 1522.55 1518.44 4538.09
2364000 1489.35 1517.3 1512.07 4518.72
2365000 1493.06 1518.2 1515.1 4526.36
2366000 1498.53 1523.21 1519.88 4541.62
2367000 1491.58 1516.68 1514 4522.27
2368000 1502.71 1527.47 1523.47 4553.65
2369000 1504.58 1527.64 1525.7 4557.92
2370000 1496.56 1520.86 1521.32 4538.74
2371000 1504.13 1529.47 1527.77 4561.38
2372000 1499.37 1525.77 1527.07 4552.21
2373000 1506.82 1534.57 1532.63 4574.02
2374000 1507.08 1540.02 1534.99 4582.09
2375000 1501.96 1535.8 1530.53 4568.3
2376000 1499.95 1535.19 1528.8 4563.94
2377000 1497.67 1532.88 1524.32 4554.87
2378000 1499.48 1536.85 1526.51 4562.84
2379000 1499.86 1541.33 1529.11 4570.3
2380000 1504.29 1547.27 1532.47 4584.04
2381000 1507.12 1549.36 1530.53 4587.01
2382000 1506.2 1548.02 1529.6 4583.82
2383000 1513.48 1551.1 1537.28 4601.85
2384000 1522.74 1558.78 1545.45 4626.97
2385000 1515.93 1552.08 1539.07 4607.08
2386000 1515.34 1546.62 1537.42 4599.38
2387000 1517.33 1547.98 1536.57 4601.88
2388000 1512.31 1542.82 1530.15 4585.28
2389000 1504.37 1532.9 1521.86 4559.13
2390000 1511.75 1541.98 1532.74 4586.48
2391000 1512.14 1540.76 1533.51 4586.41
2392000 1507.08 1538.85 1530.9 4576.84
2393000 1516.84 1548.68 1539.29 4604.81
2394000 1511.75 1544.32 1535.76 4591.83
2395000 1518.64 1550.65 1541.23 4610.52
2396000 1520.41 1554 1542.19 4616.6
2397000 1512.74 1544.98 1534.57 4592.28
2398000 1507.4 1542.99 1531.33 4581.72
2399000 1509.04 1547.58 1535.18 4591.8
2400000 1513.83 1552.44 1543.06 4609.33
2401000 1518.98 1559.43 1546.14 4624.55
2402000 1512.49 1556.19 1536.65 4605.33
2403000 1510.96 1555.45 1539.54 4605.95
2404000 1509.2 1557.35 1540.03 4606.58
2405000 1504.82 1554.45 1532.46 4591.74
2406000 1513.88 1565.35 1542.52 4621.74
2407000 1514.91 1567.83 1543.95 4626.7
2408000 1522.93 1574.28 1549.96 4647.17
2409000 1526.09 1576.67 1554 4656.75
2410000 1525.86 1573.8 1553.53 4653.2
2411000 1524.66 1572.24 1552.13 4649.02
2412000 1526.55 1574.84 1554.71 4656.11
2413000 1527.87 1576.5 1554.75 4659.12
2414000 1528.88 1580.89 1559.57 4669.34
2415000 1531.9 1586.73 1563.65 4682.28
2416000 1531.35 1582.84 1560.5 4674.69
2417000 1528.71 1581.7 1557.1 4667.52
2418000 1530.87 1582.35 1557.32 4670.54
2419000 1532.92 1585.36 1560.74 4679.02
2420000 1529.65 1580.29 1556.94 4666.88
2421000 1533.19 1583.89 1561.88 4678.96
2422000 1537.72 1587.34 1566.38 4691.44
2423000 1536.32 1585.07 1566.29 4687.68
2424000 1534.48 1584.4 1566.75 4685.64
2425000 1542.95 1592.77 1575.48 4711.2
2426000 1546.16 1594.83 1580.04 4721.03
2427000 1546.53 1590.81 1579.66 4716.99
2428000 1544.21 1587.21 1578.17 4709.59
2429000 1549.88 1593.57 1585.36 4728.81
2430000 1553.11 1594.57 1584.33 4732.02
2431000 1547.94 1589.24 1578.67 4715.86
2432000 1558.29 1601.76 1589.13 4749.19
2433000 1552.07 1593.77 1582.06 4727.9
2434000 1551.16 1594.2 1583.37 4728.74
2435000 1554.57 1602.91 1590.37 4747.84
2436000 1551.25 1598.66 1584.51 4734.42
2437000 1542.75 1591.25 1575.89 4709.89
2438000 1543.89 1593.17 1578.12 4715.19
2439000 1550.01 1598.68 1585.89 4734.57
2440000 1552.47 1599.4 1588.81 4740.68
2441000 1549.39 1593.38 1583.19 4725.96
2442000 1555.76 1600.39 1593.7 4749.85
2443000 1557.73 1601.89 1594.28 4753.9
2444000 1555.86 1601.15 1591.77 4748.78
2445000 1555.86 1597.7 1592.8 4746.35
2446000 1554.97 1596.49 1590.01 4741.48
2447000 1550.77 1590.48 1586.48 4727.72
2448000 1557.52 1594.92 1589.45 4741.89
2449000 1569.62 1606.25 1598.23 4774.1
2450000 1573.79 1605.95 1601.53 4781.27
2451000 1575.98 1609.12 1604.94 4790.04
2452000 1576.51 1613.09 1606.4 4796
2453000 1576.55 1609.63 1604.54 4790.72
2454000 1579.49 1607.74 1602.66 4789.89
2455000 1585.81 1613.08 1609.95 4808.84
2456000 1582.76 1614.67 1610.09 4807.52
2457000 1581.99 1615.92 1615.68 4813.59
2458000 1581.86 1616.91 1617.68 4816.45
2459000 1583.11 1617.47 1619.86 4820.44
2460000 1575.53 1611.21 1615.38 4802.13
2461000 1575.96 1611.68 1616.69 4804.33
2462000 1580.71 1616.75 1622.5 4819.96
2463000 1581.8 1616.02 1621.15 4818.97
2464000 1586.37 1619.1 1625.09 4830.56
2465000 1585.16 1619.85 1624.12 4829.13
2466000 1580.31 1615.83 1621.73 4817.86
2467000 1578.76 1615.06 1621.59 4815.41
2468000 1585.43 1623.8 1624.95 4834.18
2469000 1592.63 1629.18 1629.36 4851.18
2470000 1591.21 1626.85 1627.52 4845.58
2471000 1599.26 1633.15 1635.15 4867.56
2472000 1593.46 1626.59 1628.58 4848.64
2473000 1598.76 1627.77 1631.08 4857.61
2474000 1596.51 1625.88 1626.97 4849.36
2475000 1597.6 1627.75 1626.25 4851.59
2476000 1600.49 1630.08 1628.61 4859.18
2477000 1603.38 1632.29 1630.65 4866.33
2478000 1601.16 1628.09 1628.14 4857.38
2479000 1596.91 1620.7 1624.88 4842.48
2480000 1604.91 1628.84 1632.65 4866.4
2481000 1614.23 1636.86 1642.08 4893.17
2482000 1614.37 1634.3 1641.62 4890.28
2483000 1614.15 1631.51 1639.71 4885.38
2484000 1621.55 1638.14 1643.88 4903.57
2485000 1614.61 1632.35 1636.64 4883.6
2486000 1615.92 1634.78 1639.27 4889.97
2487000 1615.9 1639.08 1643.83 4898.81
2488000 1612.46 1635.2 1644.28 4891.94
2489000 1616.92 1639.09 1650.91 4906.92
2490000 1613.92 1638.02 1648.03 4899.97
2491000 1613.86 1636.75 1648.07 4898.68
2492000 1611.68 1635.55 1647.94 4895.18
2493000 1620.02 1641.52 1657.76 4919.3
2494000 1617.7 1640 1657.1 4914.8
2495000 1622.32 1642.05 1658.51 4922.88
2496000 1620.78 1639.84 1657.81 4918.44
2497000 1620.82 1643.38 1660.67 4924.88
2498000 1625.45 1648.12 1668.55 4942.13
2499000 1615.35 1641.06 1663.37 4919.79
2500000 1624.85 1650.47 1671.32 4946.63
2501000 1620.73 1646.22 1666.03 4932.97
2502000 1621.74 1647.33 1666.65 4935.73
2503000 1625.88 1648.64 1670.07 4944.59
2504000 1631.22 1649.67 1674.11 4955
2505000 1633.12 1649.77 1678.56 4961.45
2506000 1638.34 1653.31 1688.26 4979.91
2507000 1639.56 1650.9 1689.44 4979.9
2508000 1633.05 1644.66 1681.41 4959.12
2509000 1635.97 1650.03 1683.9 4969.9
2510000 1636.44 1649.51 1679.18 4965.13
2511000 1648.14 1663.26 1691.28 5002.68
2512000 1645.86 1661.64 1692.76 5000.26
2513000 1635.92 1656.48 1685.54 4977.94
2514000 1637.72 1659.41 1688.09 4985.21
2515000 1635.51 1659.86 1688.75 4984.13
2516000 1639.67 1667.51 1693.59 5000.77
2517000 1636.66 1664.97 1689.44 4991.07
2518000 1634.87 1668.26 1689.74 4992.87
2519000 1638.51 1672.44 1694.25 5005.19
2520000 1642.92 1677.71 1697.23 5017.86
2521000 1641.64 1673.8 1694.15 5009.58
2522000 1632.39 1668.27 1685.8 4986.46
2523000 1632.21 1670.08 1687.58 4989.87
2524000 1633.63 1673.7 1690.05 4997.38
2525000 1641.24 1681.15 1692.52 5014.91
2526000 1650.26 1689.7 1699.26 5039.22
2527000 1650.54 1687.59 1694.25 5032.39
2528000 1644.81 1679.56 1683.86 5008.24
2529000 1642.34 1678.36 1682.55 5003.24
2530000 1642.67 1677.43 1683.29 5003.39
2531000 1648.17 1679.24 1690.3 5017.71
2532000 1654.34 1681.79 1693.38 5029.51
2533000 1649.37 1677.07 1687.3 5013.75
2534000 1654.71 1681.37 1691.67 5027.76
2535000 1655.16 1684.76 1695.68 5035.61
2536000 1655.42 1684.94 1696.84 5037.2
2537000 1654.42 1682.15 1696.91 5033.48
2538000 1649.87 1679.23 1692.44 5021.53
2539000 1645.79 1675.41 1688.92 5010.12
2540000 1652.33 1683.27 1696.12 5031.72
2541000 1657.7 1687.34 1705.36 5050.39
2542000 1660.77 1690.21 1710.48 5061.46
2543000 1660.04 1685.17 1707.77 5052.98
2544000 1665.45 1687.91 1711.3 5064.67
2545000 1660.77 1685.35 1708.77 5054.88
2546000 1663.04 1690 1714.6 5067.65
2547000 1666.28 1690.55 1716.97 5073.8
2548000 1669.22 1690.77 1716.75 5076.74
2549000 1669.1 1690.82 1716.27 5076.19
2550000 1666.38 1688.39 1712.04 5066.81
2551000 1667.85 1687.42 1713.53 5068.8
2552000 1673.98 1691.73 1720.28 5085.99
2553000 1676.32 1696.94 1723.53 5096.8
2554000 1671.12 1689.86 1718.85 5079.83
2555000 1675.64 1695.65 1724.39 5095.68
2556000 1674.5 1698.11 1726.82 5099.43
2557000 1676.85 1701.58 1729.32 5107.75
2558000 1676.38 1705.28 1729.67 5111.33
2559000 1684.2 1713.85 1737.64 5135.69
2560000 1683.6 1712.61 1738.11 5134.31
2561000 1685.79 1714.01 1735.75 5135.55
2562000 1681.34 1706.64 1727.26 5115.24
2563000 1685.27 1708.91 1728.53 5122.71
2564000 1686.76 1704.57 1730.17 5121.51
2565000 1689 1703.62 1729.06 5121.69
2566000 1690.34 1704.62 1729.53 5124.49
2567000 1699.72 1711.21 1738.24 5149.17
2568000 1702.32 1716.03 1743.35 5161.7
2569000 1701.71 1714.76 1747.02 5163.5
2570000 1695.72 1708.91 1739.6 5144.22
2571000 1707.87 1719.5 1752.28 5179.64
2572000 1707.45 1718.58 1753.22 5179.25
2573000 1704.38 1719.04 1746.99 5170.41
2574000 1705.89 1720.55 1746.83 5173.26
2575000 1699.76 1717.63 1743.49 5160.88
2576000 1705.78 1724.61 1747.86 5178.25
2577000 1697.63 1718.21 1739.86 5155.7
2578000 1695.77 1716.87 1735.24 5147.88
2579000 1701.79 1724.63 1742.3 5168.72
2580000 1711.51 1736.15 1754.48 5202.14
2581000 1707.48 1733.25 1750.88 5191.61
2582000 1709.74 1734.55 1752.01 5196.3
2583000 1712.03 1735.95 1755.39 5203.38
2584000 1711.33 1733.52 1753.75 5198.6
2585000 1717.2 1739.43 1762.31 5218.94
2586000 1716.63 1738.04 1760.83 5215.49
2587000 1713.14 1735.67 1756.35 5205.16
2588000 1709.95 1734.61 1757.13 5201.7
2589000 1715.35 1740.23 1765.54 5221.13
2590000 1717.85 1744.5 1768.81 5231.16
2591000 1724.45 1753.43 1775.54 5253.43
2592000 1721.07 1751.05 1772.92 5245.04
2593000 1717.02 1747.74 1768.23 5233
2594000 1714.41 1748.33 1770.1 5232.85
2595000 1722.19 1755.37 1779.42 5256.99
2596000 1722.32 1756.61 1776.33 5255.26
2597000 1724.1 1755.59 1775.69 5255.38
2598000 1716.09 1747.66 1768.67 5232.43
2599000 1717.88 1748.94 1767.52 5234.34
2600000 1722.87 1751.66 1763.83 5238.35
