# Time-averaged data for fix thermo_avg_npt
# TimeStep v_epsilon_co v_temp v_press v_pe v_ke v_etotal v_vol v_dens
101000 0.35 301.258 -5.72065 -20695.3 3370.17 -17325.2 54517.5 1.04641
102000 0.35 299.487 53.2839 -20735.9 3350.35 -17385.6 54746.8 1.04202
103000 0.35 301.077 -124.975 -20762.8 3368.15 -17394.7 54652 1.04383
104000 0.35 300.26 207.832 -20794.6 3359 -17435.6 54439.5 1.04791
105000 0.35 299.182 105.106 -20722.4 3346.94 -17375.5 54609.3 1.04468
106000 0.35 299.242 -414.102 -20692.2 3347.62 -17344.6 55578.1 1.02644
107000 0.35 298.988 -51.3467 -20812.6 3344.77 -17467.8 54666.1 1.04361
108000 0.35 299.765 214.179 -20837 3353.46 -17483.6 54280.2 1.05099
109000 0.35 300.297 -339.531 -20781.6 3359.42 -17422.2 54716.1 1.04261
110000 0.35 299.358 162.313 -20800.5 3348.91 -17451.6 54460.3 1.04751
111000 0.35 301.223 179.645 -20764.4 3369.78 -17394.7 54538.9 1.046
112000 0.35 300.3 -203.429 -20743.9 3359.45 -17384.4 54928.5 1.03858
113000 0.35 299.16 -6.12647 -20765.8 3346.7 -17419 55010.4 1.03703
114000 0.35 300.221 79.0294 -20763.6 3358.56 -17405.1 54639.3 1.04408
115000 0.35 302.074 -9.54898 -20800.3 3379.29 -17421 54645.2 1.04397
116000 0.35 299.512 -121.477 -20765.3 3350.64 -17414.7 54669.9 1.04351
117000 0.35 300.157 362.284 -20758.5 3357.85 -17400.6 54126.4 1.05397
118000 0.35 300.695 -309.817 -20748.5 3363.87 -17384.7 54601.1 1.04482
119000 0.35 298.284 -106.344 -20759.6 3336.89 -17422.7 54723.6 1.04247
120000 0.35 301.631 143.274 -20744.9 3374.34 -17370.6 54598.8 1.04486
121000 0.35 297.543 -24.0782 -20747.5 3328.6 -17418.9 55027.2 1.03672
122000 0.35 298.203 397.124 -20797.9 3335.99 -17461.9 54198.5 1.05258
123000 0.35 299.674 -85.7963 -20737.1 3352.44 -17384.6 54812.5 1.04081
124000 0.35 300.056 -48.1034 -20703.5 3356.72 -17346.8 55069.1 1.03593
125000 0.35 299.163 -68.5977 -20644.1 3346.73 -17297.4 54955.2 1.03807
126000 0.35 302.03 57.9978 -20716.3 3378.8 -17337.5 54629.4 1.04427
127000 0.35 300.353 154.225 -20722 3360.04 -17362 54474.7 1.04723
128000 0.35 300.763 -360.861 -20725.4 3364.63 -17360.8 54900.8 1.0391
129000 0.35 299.854 194.401 -20733 3354.46 -17378.6 54500 1.04676
130000 0.35 300.139 -152.122 -20733.5 3357.64 -17375.9 54337.2 1.04989
131000 0.35 298.163 346.1 -20758.3 3335.54 -17422.7 54503.3 1.04668
132000 0.35 299.264 -196.17 -20755.2 3347.86 -17407.4 54669.9 1.04349
133000 0.35 300.193 51.9596 -20816.2 3358.25 -17458 54933.8 1.03848
134000 0.35 300.642 65.8868 -20782 3363.28 -17418.7 55137.5 1.03464
135000 0.35 300.056 11.3335 -20770.7 3356.72 -17414 55177.6 1.03389
136000 0.35 300.111 68.1724 -20756.6 3357.34 -17399.3 54794.3 1.04113
137000 0.35 301.162 109.203 -20816.6 3369.09 -17447.5 54309.5 1.05042
138000 0.35 301.072 240.235 -20769.8 3368.08 -17401.7 54528.5 1.0462
139000 0.35 298.855 -196.203 -20690.4 3343.29 -17347.2 55199.1 1.03349
140000 0.35 302.39 98.7235 -20791.5 3382.83 -17408.6 55137.4 1.03464
141000 0.35 299.048 -289.158 -20758.2 3345.45 -17412.8 55026.4 1.03673
142000 0.35 298.879 113.532 -20742.3 3343.55 -17398.7 54641 1.04405
143000 0.35 298.496 -227.187 -20846.9 3339.27 -17507.7 54682 1.04326
144000 0.35 301.176 19.2605 -20838.2 3369.25 -17468.9 54628.9 1.04427
145000 0.35 299.002 -74.2625 -20776 3344.93 -17431.1 54486.6 1.04701
146000 0.35 301.733 385.085 -20728.2 3375.48 -17352.8 54477.7 1.04718
147000 0.35 299.411 100.637 -20742.9 3349.51 -17393.4 54563.2 1.04553
148000 0.35 300.707 58.2945 -20774.8 3364 -17410.8 54883.3 1.03945
149000 0.35 299.551 -231.286 -20731 3351.07 -17379.9 55295.9 1.03168
150000 0.35 299.953 -62.2867 -20831.3 3355.57 -17475.7 54738.1 1.04222
151000 0.35 301.809 252.871 -20771.4 3376.33 -17395 54383.7 1.04899
152000 0.35 298.793 -103.081 -20806.9 3342.59 -17464.3 55046.9 1.03635
153000 0.35 301.687 -218.878 -20685.5 3374.97 -17310.6 55141.4 1.03457
154000 0.35 300.759 102.975 -20733.5 3364.59 -17368.9 54779.5 1.0414
155000 0.35 299.23 36.5657 -20783.7 3347.47 -17436.2 54744.3 1.04207
156000 0.35 300.468 242.592 -20778.5 3361.33 -17417.2 54581 1.04519
157000 0.35 301.091 -225.755 -20770.1 3368.3 -17401.8 54875.7 1.03959
158000 0.35 300.101 -102.577 -20743 3357.23 -17385.8 55128.9 1.0348
159000 0.35 302.595 131.697 -20799.8 3385.12 -17414.7 54679.1 1.04332
160000 0.35 298.846 225.94 -20832.2 3343.19 -17489 54398.8 1.04869
161000 0.35 298.95 74.6653 -20743.5 3344.34 -17399.2 54800.5 1.04102
162000 0.35 299.86 105.88 -20770.2 3354.53 -17415.7 54915.4 1.03883
163000 0.35 300.932 108.575 -20802.1 3366.52 -17435.6 54447.2 1.04776
164000 0.35 301.211 -224.138 -20688.9 3369.65 -17319.2 55007.2 1.03711
165000 0.35 301.77 -265.716 -20768.8 3375.9 -17392.9 55020.7 1.03685
166000 0.35 299.144 379.821 -20812.8 3346.51 -17466.3 54492.3 1.04689
167000 0.35 299.328 -92.2189 -20791.5 3348.58 -17443 54897.1 1.03918
168000 0.35 299.865 -229.402 -20714.4 3354.58 -17359.8 55362.2 1.03044
169000 0.35 299.27 -278.318 -20811.7 3347.93 -17463.8 55106.6 1.03523
170000 0.35 297.89 241.385 -20772.5 3332.48 -17440 54645.9 1.04395
171000 0.35 301.029 -5.70381 -20723.9 3367.6 -17356.3 54537.9 1.04602
172000 0.35 301.586 -220.154 -20722.5 3373.84 -17348.6 54682.1 1.04326
173000 0.35 298.948 141.753 -20734 3344.33 -17389.7 54886.2 1.03938
174000 0.35 298.827 -32.6437 -20765.3 3342.98 -17422.3 54977.3 1.03765
175000 0.35 299.118 158.39 -20778.3 3346.22 -17432.1 54640.8 1.04405
176000 0.35 299.751 72.6328 -20764.2 3353.31 -17410.9 54751.7 1.04194
177000 0.35 302.085 -150.129 -20766.3 3379.42 -17386.8 55041.2 1.03645
178000 0.35 299.783 -108.401 -20786.8 3353.67 -17433.1 54687.5 1.04316
179000 0.35 300.872 -54.4013 -20838.8 3365.85 -17472.9 54728.1 1.04238
180000 0.35 298.9 -179.976 -20835.6 3343.79 -17491.8 55235.9 1.0328
181000 0.35 301.476 180.414 -20747.6 3372.6 -17375 55119.4 1.03499
182000 0.35 300.686 62.9451 -20734.5 3363.77 -17370.7 54579.1 1.04523
183000 0.35 299.022 -75.3063 -20784 3345.16 -17438.8 54812.6 1.04078
184000 0.35 298.276 104.216 -20735 3336.81 -17398.2 55010.4 1.03703
185000 0.35 301.745 -135.64 -20694.6 3375.61 -17319 54720.4 1.04253
186000 0.35 301.271 381.525 -20781.8 3370.32 -17411.5 54545.7 1.04588
187000 0.35 299.947 -441.449 -20823.5 3355.5 -17468 55489.5 1.02809
188000 0.35 300.421 8.25053 -20798.6 3360.81 -17437.8 55012.8 1.03701
189000 0.35 299.176 46.4302 -20808.2 3346.87 -17461.4 54535.2 1.04607
190000 0.35 299.327 40.4715 -20720.7 3348.56 -17372.1 54436.7 1.04796
191000 0.35 300.64 -25.9319 -20750.9 3363.25 -17387.7 54486.5 1.047
192000 0.35 301.253 113.792 -20735.6 3370.11 -17365.5 54596.4 1.0449
193000 0.35 300.268 -236.607 -20773 3359.09 -17413.9 55071.7 1.03588
194000 0.35 300.306 -62.7635 -20660 3359.52 -17300.5 54976.6 1.03767
195000 0.35 299.558 58.4366 -20750.2 3351.15 -17399 54465.7 1.04741
196000 0.35 300.7 358.337 -20746 3363.92 -17382.1 53825.8 1.05986
197000 0.35 300.335 -16.3238 -20846.5 3359.84 -17486.7 54274.6 1.0511
198000 0.35 299.43 -55.1385 -20756 3349.72 -17406.3 54715.5 1.04262
199000 0.35 299.993 25.1698 -20744.7 3356.02 -17388.7 54473.5 1.04725
200000 0.35 301.993 31.8741 -20682.3 3378.39 -17303.9 54418.3 1.04832
201000 0.35 298.678 -5.51042 -20749 3341.31 -17407.6 54558.7 1.04562
202000 0.35 299.161 -4.91347 -20682.1 3346.7 -17335.4 54386.6 1.04893
203000 0.35 298.711 132.302 -20788.7 3341.67 -17447 54238 1.0518
204000 0.35 299.493 52.0958 -20786.8 3350.42 -17436.3 54530.6 1.04616
205000 0.35 301.9 -190.47 -20745.6 3377.35 -17368.3 54476.7 1.04719
206000 0.35 302.316 88.4867 -20816.4 3382 -17434.4 54501.1 1.04673
207000 0.35 300.151 -22.7405 -20762.2 3357.79 -17404.4 54667.6 1.04354
208000 0.35 298.976 11.3171 -20789.2 3344.64 -17444.6 54413.6 1.04841
209000 0.35 299.732 -65.7596 -20764.5 3353.09 -17411.4 54515.7 1.04645
210000 0.35 300.743 -190.98 -20819.9 3364.41 -17455.5 55247.1 1.0326
211000 0.35 300.698 24.9753 -20802.2 3363.91 -17438.3 55123.2 1.03493
212000 0.35 299.977 30.5483 -20816.6 3355.84 -17460.8 54531.4 1.04614
213000 0.35 299.219 133.565 -20780.8 3347.35 -17433.5 54382.4 1.04901
214000 0.35 300.24 125.352 -20728.8 3358.77 -17370.1 54684.8 1.04321
215000 0.35 299.909 -89.985 -20733.1 3355.08 -17378.1 54993.2 1.03736
216000 0.35 300.385 -114.176 -20729.5 3360.4 -17369.1 55071.8 1.03587
217000 0.35 298.61 108.45 -20758.6 3340.55 -17418.1 54654.9 1.04379
218000 0.35 299.677 72.1378 -20797.4 3352.48 -17444.9 54705.7 1.04282
219000 0.35 299.483 -134.121 -20788.7 3350.31 -17438.4 55040.2 1.03647
220000 0.35 299.62 -100.609 -20766.4 3351.84 -17414.6 54889.4 1.03932
221000 0.35 300.974 104.793 -20788 3366.99 -17421 54832.7 1.04039
222000 0.35 302.164 113.471 -20749.8 3380.3 -17369.5 54781.2 1.04137
223000 0.35 299.19 -55.8229 -20721.4 3347.04 -17374.4 54778.9 1.04141
224000 0.35 299.464 -17.4497 -20791.6 3350.09 -17441.5 54879.1 1.03952
225000 0.35 298.005 5.02633 -20700.2 3333.78 -17366.4 55189.3 1.03367
226000 0.35 299.545 44.0401 -20753.5 3351.01 -17402.5 55190.5 1.03365
227000 0.35 300.278 46.1717 -20759.8 3359.21 -17400.6 54791.3 1.04119
228000 0.35 299.389 -31.7085 -20757.7 3349.25 -17408.4 54424.8 1.04819
229000 0.35 301.441 -109.812 -20813.8 3372.21 -17441.5 54298.8 1.05062
230000 0.35 299.069 -172.586 -20710.6 3345.68 -17365 54988 1.03747
231000 0.35 301.003 -63.316 -20735 3367.32 -17367.6 55361.4 1.03046
232000 0.35 300.23 87.3226 -20681 3358.66 -17322.4 54744.4 1.0421
233000 0.35 299.894 205.356 -20739.5 3354.91 -17384.6 54339.9 1.04983
234000 0.35 301.565 -150.463 -20683.5 3373.6 -17309.9 54609.4 1.04465
235000 0.35 299.576 -82.9817 -20676.7 3351.35 -17325.4 54908.1 1.03896
236000 0.35 300.068 101.332 -20778.2 3356.86 -17421.3 54430.7 1.04811
237000 0.35 299.062 24.9074 -20829.1 3345.6 -17483.5 54015.5 1.05613
238000 0.35 300.399 -117.449 -20766.2 3360.56 -17405.7 54633 1.04423
239000 0.35 301.786 -224.01 -20742 3376.07 -17366 54966.7 1.03786
240000 0.35 300.516 356.444 -20731.1 3361.87 -17369.2 54385.9 1.04894
241000 0.35 300.817 -2.70213 -20767.8 3365.24 -17402.5 54863.2 1.03984
242000 0.35 300.833 77.0368 -20785.7 3365.42 -17420.3 55251 1.03251
243000 0.35 300.317 0.231923 -20791.9 3359.64 -17432.2 54986.7 1.03748
244000 0.35 300.966 -48.5678 -20818.1 3366.9 -17451.2 54711.3 1.0427
245000 0.35 299.543 243.627 -20809.8 3350.98 -17458.8 54920.9 1.03873
246000 0.35 299.863 10.45 -20771.7 3354.56 -17417.1 55202.7 1.03342
247000 0.35 299.549 -160.356 -20681.6 3351.05 -17330.6 54983.9 1.03753
248000 0.35 298.177 -143.972 -20721.4 3335.7 -17385.7 54815.7 1.04072
249000 0.35 300.019 5.9371 -20702.8 3356.31 -17346.5 54278.1 1.05103
250000 0.35 298.308 36.197 -20795.4 3337.17 -17458.2 54441.1 1.04788
251000 0.35 301.246 35.076 -20732.1 3370.04 -17362 54797.1 1.04107
252000 0.35 299.789 14.275 -20752.5 3353.73 -17398.7 54896.9 1.03917
253000 0.35 300.984 -11.778 -20796.8 3367.11 -17429.7 54778.9 1.04141
254000 0.35 298.823 -19.7038 -20777.5 3342.93 -17434.6 54525 1.04627
255000 0.35 300.576 182.896 -20700.6 3362.54 -17338.1 54577.8 1.04526
256000 0.35 299.98 -458.019 -20722.7 3355.87 -17366.8 54962 1.03795
257000 0.35 299.203 -35.9718 -20750.5 3347.18 -17403.3 54245 1.05168
258000 0.35 299.514 253.75 -20774.9 3350.66 -17424.3 54027.6 1.0559
259000 0.35 301.186 -307.899 -20762.1 3369.36 -17392.7 54772.5 1.04155
260000 0.35 300.172 -260.872 -20789.6 3358.02 -17431.6 54828.5 1.04047
261000 0.35 299.65 -99.619 -20836.9 3352.17 -17484.7 54690.7 1.04309
262000 0.35 300.947 -52.2644 -20799 3366.69 -17432.4 54768.8 1.04161
263000 0.35 298.334 -62.4307 -20756.4 3337.46 -17419 54697.8 1.04296
264000 0.35 299.584 105.728 -20736 3351.44 -17384.6 54696.2 1.04299
265000 0.35 299.922 115.14 -20761.2 3355.22 -17406 54890.7 1.03929
266000 0.35 299.509 -1.11975 -20693.9 3350.6 -17343.3 55237.8 1.03276
267000 0.35 299.384 -94.3966 -20750.5 3349.21 -17401.3 54927.5 1.03861
268000 0.35 299.942 150.739 -20757.5 3355.44 -17402.1 54460.3 1.04751
269000 0.35 300.422 -177.104 -20707.4 3360.81 -17346.6 54887.3 1.03936
270000 0.35 298.204 174.216 -20775.6 3336 -17439.6 54399.3 1.04871
271000 0.35 299.976 365.011 -20738.8 3355.82 -17382.9 54156 1.05341
272000 0.35 297.788 -40.0349 -20668.5 3331.35 -17337.1 54932.4 1.03851
273000 0.35 301.056 -322.35 -20773.3 3367.91 -17405.4 55046.1 1.03636
274000 0.35 301.931 227.408 -20852.7 3377.69 -17475 54777.4 1.04145
275000 0.35 298.719 127.966 -20824 3341.77 -17482.2 54814.7 1.04073
276000 0.35 299.523 -489.982 -20703 3350.76 -17352.3 55224.1 1.03302
277000 0.35 298.521 -37.3677 -20764.3 3339.54 -17424.8 54527.7 1.04624
278000 0.35 301.294 288.752 -20784.8 3370.57 -17414.2 54151.7 1.05348
279000 0.35 298.794 -146.377 -20715.8 3342.6 -17373.2 54693.8 1.04305
280000 0.35 298.932 180.546 -20787.2 3344.15 -17443 54701.2 1.0429
281000 0.35 301.34 96.3221 -20804.4 3371.09 -17433.3 54631.1 1.04423
282000 0.35 299.405 148.511 -20724.4 3349.44 -17374.9 54647.5 1.04392
283000 0.35 299.634 -78.6066 -20790.9 3352 -17438.9 54888.1 1.03935
284000 0.35 300.519 -127.849 -20826.3 3361.9 -17464.4 55129.2 1.0348
285000 0.35 300.929 -137.941 -20752.1 3366.48 -17385.6 55295.6 1.03168
286000 0.35 298.451 -62.1072 -20744.2 3338.76 -17405.5 55005.7 1.03712
287000 0.35 300.203 139.754 -20752.8 3358.36 -17394.4 54588.4 1.04505
288000 0.35 301.279 -64.8327 -20696 3370.4 -17325.5 54906.5 1.03903
289000 0.35 298.528 -200.666 -20726.5 3339.63 -17386.9 55336.8 1.03092
290000 0.35 300.594 62.9842 -20822.5 3362.74 -17459.8 54924.9 1.03865
291000 0.35 298.973 -80.0435 -20725.7 3344.6 -17381.1 54685.2 1.0432
292000 0.35 300.406 -155.417 -20821.7 3360.64 -17461.1 54717.7 1.04259
293000 0.35 300.077 -168.16 -20773.7 3356.95 -17416.7 55157.2 1.03427
294000 0.35 300.584 114.685 -20731.1 3362.63 -17368.5 54689.4 1.04312
295000 0.35 302.113 199.085 -20794.7 3379.73 -17414.9 54562.9 1.04554
296000 0.35 299.03 -232.055 -20793.8 3345.25 -17448.6 55190.1 1.03366
297000 0.35 299.679 -133.791 -20790.7 3352.5 -17438.2 55072.6 1.03587
298000 0.35 298.766 176.023 -20780.6 3342.29 -17438.3 54963.6 1.03792
299000 0.35 298.699 -190.887 -20786.5 3341.54 -17445 55390.9 1.02991
300000 0.35 300.579 311.756 -20745 3362.57 -17382.4 54787.7 1.04127
301000 0.35 299.426 178.455 -20768.6 3349.68 -17418.9 54644.6 1.04399
302000 0.35 298.777 135.395 -20755.5 3342.41 -17413.1 54527.8 1.04621
303000 0.35 300.647 72.8854 -20749.7 3363.33 -17386.3 54789.3 1.04122
304000 0.35 300.237 -70.2258 -20771 3358.74 -17412.2 54722.4 1.0425
305000 0.35 300.456 -103.669 -20749.3 3361.2 -17388.1 54817.1 1.04071
306000 0.35 299.059 119.527 -20746.8 3345.57 -17401.2 54571.1 1.0454
307000 0.35 300.014 -35.2881 -20782.2 3356.25 -17425.9 54447.4 1.04779
308000 0.35 302.053 172.888 -20761.5 3379.06 -17382.5 54928.3 1.03859
309000 0.35 299.573 137.283 -20755.5 3351.31 -17404.2 54980.7 1.03762
310000 0.35 300.938 -162.852 -20756.3 3366.58 -17389.7 54718.5 1.04258
311000 0.35 300.109 42.393 -20750.2 3357.32 -17392.9 54712.6 1.04268
312000 0.35 301.782 80.2056 -20776.3 3376.02 -17400.3 54791.5 1.04118
313000 0.35 300.7 24.8766 -20783.8 3363.93 -17419.9 54751.7 1.04194
314000 0.35 300.572 -160.072 -20816.8 3362.5 -17454.3 54576.8 1.04527
315000 0.35 300.945 32.8418 -20833.7 3366.67 -17467 54857.8 1.03994
316000 0.35 298.283 -28.3234 -20856.8 3336.89 -17519.9 55256.3 1.03243
317000 0.35 299.895 183.027 -20804.8 3354.92 -17449.8 54598.3 1.04487
318000 0.35 301.053 137.258 -20799.2 3367.87 -17431.3 54564.7 1.04552
319000 0.35 299.324 -94.9142 -20781.6 3348.53 -17433.1 55058.1 1.03615
320000 0.35 302.346 113.044 -20770.2 3382.34 -17387.8 54900.8 1.03911
321000 0.35 299.013 -128.794 -20802.3 3345.05 -17457.3 54703.4 1.04287
322000 0.35 300.369 47.2947 -20774.3 3360.22 -17414.1 55076.4 1.03579
323000 0.35 299.777 24.461 -20839.4 3353.6 -17485.8 54846.3 1.04017
324000 0.35 301.659 158.046 -20800 3374.65 -17425.3 54711.6 1.04272
325000 0.35 300.641 -59.733 -20767.9 3363.27 -17404.6 54976.2 1.0377
326000 0.35 299.911 -95.7141 -20709.8 3355.1 -17354.7 54638.9 1.0441
327000 0.35 301.819 -198.264 -20784.4 3376.44 -17408 55073.2 1.03588
328000 0.35 299.517 142.19 -20815.3 3350.69 -17464.6 54509.7 1.04656
329000 0.35 299.779 201.493 -20806.1 3353.62 -17452.5 54698.3 1.04297
330000 0.35 298.651 64.8317 -20763.3 3341 -17422.3 54846.9 1.04014
331000 0.35 300.996 -144.777 -20703.9 3367.23 -17336.7 54989.4 1.03743
332000 0.35 300.86 114.732 -20805.6 3365.71 -17439.9 54548.1 1.04583
333000 0.35 299.876 -9.85435 -20800.6 3354.71 -17445.9 54442.4 1.04785
334000 0.35 298.433 217.515 -20737.5 3338.56 -17399 54671.3 1.04348
335000 0.35 301.382 22.9429 -20798.9 3371.55 -17427.4 54449.1 1.04773
336000 0.35 300.372 12.3163 -20732.7 3360.25 -17372.5 54904.3 1.03907
337000 0.35 299.92 111.813 -20736.2 3355.2 -17381 54500.2 1.04678
338000 0.35 300.232 71.3173 -20842 3358.69 -17483.3 54889.8 1.03932
339000 0.35 297.712 64.3916 -20804.8 3330.49 -17474.3 54659.5 1.0437
340000 0.35 300.936 -275.144 -20806.6 3366.56 -17440.1 54998.4 1.03727
341000 0.35 298.815 185.362 -20860.5 3342.84 -17517.6 54589.3 1.04504
342000 0.35 299.971 -126.235 -20764.7 3355.77 -17409 54954.7 1.03808
343000 0.35 300.05 101.898 -20765.7 3356.65 -17409.1 54781.5 1.04139
344000 0.35 298.42 -61.9502 -20807.3 3338.42 -17468.9 54635.5 1.04416
345000 0.35 299.947 95.635 -20840.2 3355.5 -17484.7 54800.9 1.041
346000 0.35 300.578 -187.514 -20830 3362.56 -17467.4 54888.7 1.03934
347000 0.35 298.708 -46.3878 -20807.7 3341.64 -17466 54707.7 1.0428
348000 0.35 301.033 -13.0167 -20819.8 3367.65 -17452.1 54601.3 1.04483
349000 0.35 300.502 72.1467 -20705.1 3361.71 -17343.4 54858.4 1.03993
350000 0.35 301.076 -28.3354 -20784 3368.13 -17415.8 54575.8 1.0453
351000 0.35 300.721 -115.08 -20756.9 3364.16 -17392.7 55247.8 1.03258
352000 0.35 302.129 -19.1025 -20772.6 3379.91 -17392.7 54854.8 1.04
353000 0.35 297.184 -168.87 -20804.1 3324.59 -17479.5 54978.8 1.03763
354000 0.35 300.016 189.303 -20814.5 3356.27 -17458.2 54772.1 1.04155
355000 0.35 297.306 150.394 -20743.4 3325.95 -17417.5 55153.7 1.0344
356000 0.35 300.422 -57.3845 -20795.2 3360.82 -17434.4 54862.6 1.03983
357000 0.35 300.049 -33.0264 -20732.4 3356.65 -17375.8 55068.6 1.03595
358000 0.35 299.907 34.229 -20740.8 3355.05 -17385.8 54982.5 1.03756
359000 0.35 299.824 -65.3237 -20796.1 3354.13 -17442 54924.4 1.03868
360000 0.35 301.314 82.3739 -20798 3370.79 -17427.3 55101.8 1.03531
361000 0.35 299.433 -43.9472 -20760.6 3349.75 -17410.9 54900.7 1.03913
362000 0.35 299.097 -287.159 -20774.4 3345.99 -17428.4 54459.7 1.04755
363000 0.35 297.248 134.569 -20807.5 3325.31 -17482.2 54578.2 1.04531
364000 0.35 300.348 115.899 -20734.3 3359.99 -17374.3 55092.8 1.03548
365000 0.35 300.394 -173.63 -20775.5 3360.5 -17415 55007.7 1.03709
366000 0.35 300.356 -27.0712 -20792.3 3360.08 -17432.3 54603.5 1.04476
367000 0.35 298.078 200.192 -20693.8 3334.6 -17359.2 54241.4 1.05177
368000 0.35 299.673 56.5448 -20776 3352.43 -17423.6 54697.2 1.04298
369000 0.35 300.288 92.1714 -20748.9 3359.32 -17389.5 54506.1 1.04665
370000 0.35 299.995 -68.8011 -20712.2 3356.04 -17356.2 54241.9 1.05173
371000 0.35 299.835 164.955 -20740.1 3354.25 -17385.8 54605.5 1.04472
372000 0.35 299.09 -76.3896 -20697.7 3345.91 -17351.8 55015.5 1.03697
373000 0.35 302.462 63.2762 -20815.5 3383.63 -17431.8 54975.6 1.03772
374000 0.35 296.954 46.8333 -20761 3322.02 -17438.9 54785.8 1.04129
375000 0.35 301.12 -20.3285 -20724.5 3368.62 -17355.9 54343.6 1.04978
376000 0.35 298.462 169.127 -20750.3 3338.89 -17411.4 54602.9 1.04479
377000 0.35 299.981 40.6248 -20775.6 3355.88 -17419.8 54662.5 1.04367
378000 0.35 301.468 -356.738 -20760.7 3372.52 -17388.2 54854.7 1.04
379000 0.35 299.398 124.936 -20774.1 3349.36 -17424.8 54728.6 1.04237
380000 0.35 300.057 6.04063 -20807.6 3356.74 -17450.9 54680.8 1.0433
381000 0.35 298.845 155.917 -20820.2 3343.17 -17477 54552.3 1.04574
382000 0.35 300.228 -65.5529 -20740.3 3358.65 -17381.6 54747.2 1.04202
383000 0.35 301.546 -45.503 -20774.1 3373.38 -17400.7 54790.2 1.0412
384000 0.35 299.445 26.0252 -20749.5 3349.88 -17399.6 55238.3 1.03277
385000 0.35 298.879 -168.096 -20729.7 3343.55 -17386.1 54680.6 1.04329
386000 0.35 299.031 -77.116 -20720.6 3345.25 -17375.4 54481 1.04714
387000 0.35 300.39 -42.0147 -20720.1 3360.46 -17359.7 54305.2 1.0505
388000 0.35 299.732 30.0006 -20724.2 3353.09 -17371.1 54607.5 1.04472
389000 0.35 301.114 -182.662 -20747.1 3368.55 -17378.5 54859.9 1.03992
390000 0.35 299.262 52.4532 -20756.6 3347.83 -17408.8 54858.1 1.03992
391000 0.35 300.254 -31.4389 -20829.6 3358.94 -17470.6 54983.2 1.03757
392000 0.35 298.137 225.01 -20759.3 3335.25 -17424.1 54918.7 1.03878
393000 0.35 300.411 -227.308 -20727.6 3360.69 -17366.9 54697.6 1.04299
394000 0.35 297.041 173.316 -20780.3 3322.99 -17457.3 54231.1 1.05195
395000 0.35 301.264 -0.120372 -20781.8 3370.23 -17411.6 54544.7 1.04591
396000 0.35 299.934 13.2352 -20718.2 3355.35 -17362.8 54472.8 1.04727
397000 0.35 299.322 -77.2065 -20720.3 3348.51 -17371.8 54514.6 1.04647
398000 0.35 298.964 21.3868 -20787.3 3344.51 -17442.8 54527.3 1.04624
399000 0.35 299.744 -23.0346 -20772.4 3353.23 -17419.2 54724.2 1.04246
400000 0.35 300.479 209.118 -20749.4 3361.45 -17388 54704.8 1.04283
401000 0.35 300.01 -141.225 -20756 3356.2 -17399.8 54603.4 1.04481
402000 0.35 300.202 8.69133 -20750.7 3358.36 -17392.3 54198.6 1.05258
403000 0.35 298.068 -108.322 -20748.5 3334.49 -17414.1 54693.4 1.0431
404000 0.35 298.682 37.3197 -20727.9 3341.35 -17386.6 54778.9 1.0415
405000 0.35 302.678 -165.862 -20768.1 3386.05 -17382 54583.9 1.04515
406000 0.35 300.295 278.869 -20766 3359.4 -17406.6 54372.3 1.04922
407000 0.35 299.306 21.2426 -20768.1 3348.33 -17419.8 54499.2 1.04676
408000 0.35 299.119 -137.215 -20792.5 3346.24 -17446.2 54829.8 1.04046
409000 0.35 302.285 -49.8876 -20800.6 3381.65 -17418.9 54846.5 1.04017
410000 0.35 299.49 253.554 -20787.6 3350.39 -17437.2 54635.4 1.04415
411000 0.35 301.751 -188.729 -20744.1 3375.68 -17368.5 54910.7 1.03891
412000 0.35 299.523 -137.228 -20712.2 3350.76 -17361.4 54985.6 1.03751
413000 0.35 299.605 94.8179 -20651.6 3351.68 -17300 54541.4 1.04595
414000 0.35 300.011 -15.0877 -20793.9 3356.22 -17437.7 54513.9 1.04648
415000 0.35 299.154 62.7646 -20775.7 3346.63 -17429.1 54498.9 1.04677
416000 0.35 300.79 -27.1416 -20773.4 3364.93 -17408.5 55035.1 1.03659
417000 0.35 299.69 -172.797 -20753.1 3352.62 -17400.5 54969.1 1.03786
418000 0.35 299.12 109.301 -20761.5 3346.24 -17415.2 54811.6 1.04081
419000 0.35 298.311 -56.0859 -20776.6 3337.2 -17439.4 54687.5 1.04316
420000 0.35 301.184 258.259 -20828.3 3369.34 -17459 54718.2 1.04266
421000 0.35 300.223 27.2613 -20826.8 3358.59 -17468.2 55079.5 1.03576
422000 0.35 301.343 160.59 -20784.8 3371.12 -17413.7 54488 1.04703
423000 0.35 299.451 -224.841 -20761.5 3349.95 -17411.6 54864.8 1.03978
424000 0.35 297.77 20.342 -20800.3 3331.15 -17469.1 54989.1 1.03744
425000 0.35 299.158 -98.5719 -20823.4 3346.67 -17476.7 54652.4 1.04383
426000 0.35 300.629 114.04 -20823.8 3363.13 -17460.7 54933.5 1.0385
427000 0.35 297.791 96.8828 -20866 3331.38 -17534.6 54727.4 1.04241
428000 0.35 299.846 -14.0266 -20815.3 3354.37 -17460.9 55002.3 1.03719
429000 0.35 300.323 59.7488 -20759.6 3359.7 -17399.9 54626.3 1.04433
430000 0.35 299.991 179.854 -20767.5 3356 -17411.5 54535 1.04609
431000 0.35 299.473 25.7751 -20776.4 3350.2 -17426.2 54831.7 1.04042
432000 0.35 299.888 143.129 -20780.6 3354.85 -17425.7 54419.1 1.04831
433000 0.35 300.357 -133.051 -20783.2 3360.09 -17423.1 54384.9 1.04896
434000 0.35 301.591 -286.523 -20748.3 3373.89 -17374.4 54633.4 1.04429
435000 0.35 301.723 -133.33 -20735.7 3375.37 -17360.3 54747.9 1.04202
436000 0.35 300.932 -117.608 -20762.1 3366.52 -17395.6 54719 1.04256
437000 0.35 300.575 105.157 -20738.7 3362.53 -17376.2 54381 1.04908
438000 0.35 300.649 -155.267 -20762.6 3363.35 -17399.2 54473.6 1.04725
439000 0.35 300.084 -57.083 -20874.8 3357.04 -17517.8 54383 1.049
440000 0.35 300.397 -2.51408 -20744.5 3360.53 -17384 54717.8 1.0426
441000 0.35 300.319 -54.0562 -20788.2 3359.66 -17428.6 54347 1.0497
442000 0.35 300.267 239.924 -20811.4 3359.08 -17452.3 54589.5 1.04508
443000 0.35 298.915 35.129 -20797.3 3343.96 -17453.3 54907.5 1.03898
444000 0.35 299.473 76.8785 -20766.5 3350.2 -17416.3 54589.8 1.04504
445000 0.35 299.591 1.41177 -20810.6 3351.52 -17459.1 54783.4 1.04134
446000 0.35 297.985 -98.0434 -20784.3 3333.56 -17450.8 54808.7 1.04085
447000 0.35 301.452 77.4648 -20767.3 3372.34 -17395 55088.1 1.03558
448000 0.35 300.313 83.6739 -20803.1 3359.6 -17443.5 54613.8 1.04459
449000 0.35 299.52 -218.58 -20736.5 3350.73 -17385.8 55187.1 1.03372
450000 0.35 300.366 64.6271 -20777.8 3360.19 -17417.6 54687 1.04318
451000 0.35 299.7 139.189 -20759.7 3352.74 -17406.9 54897.9 1.03916
452000 0.35 300.397 59.1126 -20770.1 3360.53 -17409.6 55165.1 1.03413
453000 0.35 300.114 30.4441 -20753.2 3357.37 -17395.8 54916.6 1.03883
454000 0.35 299.572 15.1583 -20747.2 3351.31 -17395.9 54419.8 1.04829
455000 0.35 298.951 -46.3109 -20696 3344.36 -17351.7 54521.4 1.04635
456000 0.35 301.696 175.002 -20724.6 3375.06 -17349.6 54457.5 1.04759
457000 0.35 299.821 -72.0025 -20769.7 3354.09 -17415.6 54687.6 1.04317
458000 0.35 299.708 36.8732 -20809.4 3352.82 -17456.6 54790 1.04124
459000 0.35 302.155 -98.0572 -20757.4 3380.2 -17377.2 54803.7 1.04094
460000 0.35 299.255 -222.504 -20730.6 3347.76 -17382.8 54794.9 1.04111
461000 0.35 300.516 198.014 -20734.3 3361.87 -17372.5 54725.2 1.04244
462000 0.35 297.969 -7.15382 -20794.4 3333.37 -17461.1 54787.8 1.04126
463000 0.35 298.545 -78.5934 -20796 3339.81 -17456.2 55056.7 1.03616
464000 0.35 300.304 11.6841 -20829.1 3359.49 -17469.6 55098.8 1.03537
465000 0.35 299.891 -145.577 -20788.3 3354.87 -17433.5 55124.6 1.03489
466000 0.35 299.217 -75.4838 -20813.8 3347.34 -17466.5 54969.1 1.03783
467000 0.35 300.251 -13.1679 -20833.5 3358.9 -17474.6 54696.3 1.04299
468000 0.35 299.4 7.88643 -20792.4 3349.39 -17443 54838.7 1.0403
469000 0.35 298.991 80.3586 -20780.5 3344.81 -17435.7 54258.3 1.05141
470000 0.35 302.199 -112.331 -20784.4 3380.69 -17403.7 54127.2 1.05398
471000 0.35 299.736 25.1693 -20785.5 3353.14 -17432.4 53916.3 1.0581
472000 0.35 298.363 -4.52345 -20735.1 3337.78 -17397.3 54809.3 1.04086
473000 0.35 299.77 -101.633 -20772.4 3353.52 -17418.9 54947.4 1.03822
474000 0.35 300.098 -77.4165 -20755.9 3357.2 -17398.7 54948.3 1.03821
475000 0.35 299.811 129.115 -20780.5 3353.98 -17426.5 54913.7 1.03887
476000 0.35 300.278 -199.978 -20811.1 3359.21 -17451.9 55310.5 1.03141
477000 0.35 299.639 184.839 -20797.4 3352.05 -17445.3 54875.7 1.03963
478000 0.35 300.06 -119.866 -20824.9 3356.76 -17468.1 54986.6 1.03749
479000 0.35 299.03 172.266 -20780.4 3345.25 -17435.1 55016.9 1.03691
480000 0.35 300.024 56.9465 -20822.9 3356.36 -17466.5 55190.9 1.03365
481000 0.35 300.161 93.1718 -20789.4 3357.9 -17431.5 54960.4 1.03798
482000 0.35 300.668 -81.0316 -20744.7 3363.57 -17381.1 54777.4 1.04145
483000 0.35 300.759 -156.666 -20789.1 3364.59 -17424.5 54755.7 1.04187
484000 0.35 299.358 82.3502 -20764.2 3348.92 -17415.3 54592.5 1.04498
485000 0.35 299.552 171.08 -20806 3351.09 -17455 54446.2 1.04779
486000 0.35 301.798 -110.677 -20789.7 3376.21 -17413.5 54362.3 1.0494
487000 0.35 299.079 -500.185 -20792.1 3345.79 -17446.3 54634.6 1.04417
488000 0.35 302.059 118.273 -20773.8 3379.13 -17394.7 54152.2 1.05348
489000 0.35 302.017 9.76616 -20802.6 3378.66 -17423.9 54604.9 1.04474
490000 0.35 300.523 -76.0793 -20820.9 3361.94 -17459 54499.1 1.04679
491000 0.35 302.093 -139.797 -20747.9 3379.51 -17368.4 54622.8 1.04441
492000 0.35 300.099 -49.3211 -20712.7 3357.2 -17355.5 55063.9 1.03604
493000 0.35 301.131 -22.4111 -20721.5 3368.75 -17352.8 55118.6 1.03501
494000 0.35 300.008 134.895 -20746.1 3356.18 -17389.9 54770.1 1.04159
495000 0.35 300.679 12.4336 -20769.3 3363.69 -17405.6 54564.6 1.04555
496000 0.35 298.645 -141.339 -20755.2 3340.93 -17414.3 54839 1.04028
497000 0.35 301.579 74.195 -20780.5 3373.76 -17406.7 54868 1.03977
498000 0.35 301.568 -247.942 -20722.9 3373.64 -17349.3 54823.9 1.04058
499000 0.35 299.516 4.5528 -20745.7 3350.68 -17395 54287.3 1.05086
500000 0.35 299.927 -115.718 -20757.7 3355.28 -17402.4 54587.2 1.04511
501000 0.35 298.313 -191.222 -20738.3 3337.22 -17401 54789 1.04122
502000 0.35 299.076 76.8653 -20697.8 3345.76 -17352 54821.5 1.04062
503000 0.35 300.42 352.276 -20736.5 3360.8 -17375.7 54563.9 1.04554
504000 0.35 299.983 -73.3069 -20757 3355.9 -17401.1 55102.3 1.03533
505000 0.35 300.471 -79.8307 -20732.3 3361.36 -17370.9 54990.6 1.03743
506000 0.35 300.538 -82.865 -20697 3362.11 -17334.9 54804.4 1.04094
507000 0.35 301.584 -200.47 -20735.5 3373.82 -17361.7 54966.7 1.03786
508000 0.35 300.505 -8.24613 -20758 3361.75 -17396.3 54757.4 1.04182
509000 0.35 301.642 2.81859 -20807.5 3374.46 -17433 54772.6 1.04154
510000 0.35 302.13 -88.0456 -20781.7 3379.92 -17401.8 55088.1 1.03557
511000 0.35 299.633 46.9941 -20780.5 3351.99 -17428.5 54921.3 1.03874
512000 0.35 300.734 -70.3955 -20804.4 3364.31 -17440.1 54866.8 1.03975
513000 0.35 299.099 -39.5041 -20796.4 3346.01 -17450.3 55131.5 1.03476
514000 0.35 297.449 -50.3118 -20828.5 3327.56 -17500.9 54565.7 1.04551
515000 0.35 301.028 5.33233 -20814.1 3367.6 -17446.5 54742 1.04212
516000 0.35 301.518 70.0961 -20808.2 3373.08 -17435.2 54844.9 1.04017
517000 0.35 299.521 -7.73139 -20763.5 3350.74 -17412.8 54304.9 1.05051
518000 0.35 299.688 -159.334 -20810.4 3352.6 -17457.8 55114.9 1.03508
519000 0.35 301.518 -234.781 -20828.3 3373.08 -17455.2 54760.4 1.04178
520000 0.35 302.166 137.565 -20792.2 3380.32 -17411.9 54267.4 1.05124
521000 0.35 300.86 61.9281 -20789.3 3365.71 -17423.6 54503.3 1.04668
522000 0.35 301.72 -188.706 -20739.9 3375.33 -17364.5 54975.9 1.03768
523000 0.35 298.841 135.659 -20814.3 3343.12 -17471.1 54752.4 1.04193
524000 0.35 300.142 -20.3882 -20821.3 3357.69 -17463.7 54977 1.03768
525000 0.35 300.543 -64.7463 -20772.6 3362.17 -17410.4 54610.3 1.04464
526000 0.35 300.773 -231.573 -20729 3364.74 -17364.2 54572.1 1.04541
527000 0.35 298.687 -31.5035 -20761.7 3341.41 -17420.3 54970 1.0378
528000 0.35 300.08 29.884 -20794.7 3356.98 -17437.7 54833.8 1.04037
529000 0.35 300.428 194.276 -20777 3360.88 -17416.1 55121.7 1.03494
530000 0.35 300.891 -27.521 -20696.2 3366.07 -17330.1 54849.5 1.04011
531000 0.35 300.81 -26.7537 -20711.5 3365.16 -17346.3 54899 1.03914
532000 0.35 299.163 133.181 -20768.9 3346.73 -17422.1 54593 1.04496
533000 0.35 300.08 -177.826 -20798.5 3356.99 -17441.5 54675.5 1.04339
534000 0.35 302.421 58.1126 -20763.2 3383.18 -17380 54821.3 1.04061
535000 0.35 300.995 35.2027 -20699.7 3367.23 -17332.5 54799.2 1.04103
536000 0.35 299.585 -28.1414 -20807.3 3351.45 -17455.8 54402.3 1.04862
537000 0.35 299.784 -90.7412 -20826.6 3353.68 -17472.9 54317 1.05029
538000 0.35 299.532 -153.405 -20787.3 3350.86 -17436.5 54664 1.04364
539000 0.35 302.055 -326.222 -20703.4 3379.08 -17324.3 54403.7 1.04866
540000 0.35 297.527 69.1928 -20792.4 3328.43 -17464 54459.6 1.04752
541000 0.35 300.853 -1.19 -20788.1 3365.63 -17422.5 54973 1.03776
542000 0.35 300.689 -21.7934 -20723.8 3363.8 -17360 54962.9 1.03793
543000 0.35 300.726 131.023 -20744 3364.21 -17379.8 54432.8 1.04806
544000 0.35 301.549 -89.0129 -20743.7 3373.42 -17370.3 54799.9 1.04105
545000 0.35 299.977 -153.275 -20729.8 3355.83 -17374 55197.2 1.03353
546000 0.35 299.707 111.899 -20723.8 3352.81 -17370.9 55119 1.03499
547000 0.35 300.247 -214.775 -20779.7 3358.86 -17420.9 55102.3 1.03531
548000 0.35 300.75 -101.526 -20745.2 3364.48 -17380.7 54732 1.04232
549000 0.35 299.987 88.4557 -20762 3355.95 -17406.1 54528.7 1.04622
550000 0.35 298.572 104.198 -20750.6 3340.12 -17410.5 54732.3 1.04233
551000 0.35 299.325 -51.648 -20813.7 3348.54 -17465.2 54887.1 1.03938
552000 0.35 300.506 242.53 -20828.2 3361.75 -17466.4 54709.3 1.04275
553000 0.35 298.594 -42.0459 -20776.1 3340.37 -17435.7 54486.2 1.04702
554000 0.35 298.838 30.8841 -20734.2 3343.09 -17391.1 54495.1 1.04686
555000 0.35 300.872 -282.725 -20691.9 3365.85 -17326 55076.8 1.03584
556000 0.35 299.415 166.974 -20763 3349.55 -17413.5 55032.8 1.03662
557000 0.35 299.856 -122.062 -20800.2 3354.49 -17445.7 54856.9 1.03996
558000 0.35 298.582 40.6687 -20746 3340.23 -17405.7 54810.1 1.04083
559000 0.35 300.351 59.7252 -20817.8 3360.02 -17457.8 54750.8 1.04197
560000 0.35 299.085 6.11412 -20787.2 3345.86 -17441.3 54717.6 1.0426
561000 0.35 299.142 43.276 -20752.4 3346.5 -17405.9 54949.8 1.03818
562000 0.35 300.862 -63.3913 -20766.5 3365.74 -17400.8 55183.4 1.03383
563000 0.35 298.728 113.597 -20819.5 3341.86 -17477.6 54975.5 1.03771
564000 0.35 300 14.4166 -20804.9 3356.1 -17448.8 55251 1.03252
565000 0.35 298.712 -97.2007 -20771.1 3341.69 -17429.4 54976.1 1.03769
566000 0.35 302.082 -202.234 -20798.8 3379.38 -17419.4 54827.8 1.0405
567000 0.35 301.395 -7.25534 -20793.8 3371.69 -17422.1 54455.6 1.04764
568000 0.35 299.94 -27.5583 -20754.9 3355.42 -17399.5 54760 1.04178
569000 0.35 299.821 179.604 -20746.9 3354.09 -17392.8 54461.5 1.04749
570000 0.35 299.561 299.163 -20785.8 3351.19 -17434.6 54761.1 1.04176
571000 0.35 299.286 -86.7696 -20762 3348.1 -17413.9 55097.2 1.0354
572000 0.35 299.575 -97.3607 -20798.6 3351.33 -17447.3 54873.1 1.03963
573000 0.35 296.929 -125.754 -20792.2 3321.74 -17470.5 54938.4 1.03839
574000 0.35 298.864 234.222 -20756.6 3343.38 -17413.3 55089.7 1.03556
575000 0.35 299.929 -150.799 -20767 3355.3 -17411.7 54757.8 1.04183
576000 0.35 298.838 36.5507 -20780.3 3343.1 -17437.2 54683.6 1.04325
577000 0.35 299.448 -40.7714 -20831 3349.91 -17481.1 54634.5 1.0442
578000 0.35 300.093 80.5234 -20794.1 3357.14 -17437 54732.5 1.04231
579000 0.35 300.511 268.952 -20786.7 3361.81 -17424.9 54566.3 1.04549
580000 0.35 300.303 9.52095 -20789.5 3359.48 -17430.1 54731.5 1.04233
581000 0.35 298.418 -185.484 -20797.1 3338.4 -17458.7 54781.1 1.04137
582000 0.35 300.561 -11.6745 -20796.9 3362.37 -17434.6 54399.7 1.0487
583000 0.35 299.553 -135.062 -20760.9 3351.1 -17409.8 54354.4 1.04956
584000 0.35 302.279 -22.7448 -20793.3 3381.59 -17411.7 54666.6 1.0436
585000 0.35 300.492 122.262 -20746.8 3361.59 -17385.3 54475.7 1.04723
586000 0.35 300.911 -86.8789 -20712.3 3366.29 -17346 54596.8 1.0449
587000 0.35 299.99 219.594 -20749.9 3355.98 -17393.9 54642.1 1.04403
588000 0.35 299.884 188.464 -20810.6 3354.8 -17455.8 54730 1.04235
589000 0.35 300.585 93.4477 -20763.2 3362.64 -17400.6 54700.9 1.04292
590000 0.35 300.706 187.375 -20758.3 3363.99 -17394.3 54539.7 1.04603
591000 0.35 298.391 175.931 -20753.8 3338.1 -17415.7 55026 1.03675
592000 0.35 301.563 -6.45019 -20792 3373.58 -17418.4 54947.6 1.03823
593000 0.35 299.853 -32.7297 -20716.8 3354.45 -17362.4 54481.2 1.04711
594000 0.35 300.828 154.747 -20833.3 3365.35 -17468 54819.8 1.04066
595000 0.35 299.013 128.893 -20802.2 3345.05 -17457.1 54725.1 1.04244
596000 0.35 299.055 -26.9083 -20754.8 3345.52 -17409.3 54510.3 1.04656
597000 0.35 299.956 -88.1586 -20657.3 3355.6 -17301.7 54993.3 1.03736
598000 0.35 300.736 106.895 -20794.5 3364.33 -17430.2 54518 1.04644
599000 0.35 300.653 157.86 -20860.7 3363.4 -17497.3 54456.3 1.0476
600000 0.35 301.467 -49.775 -20763.5 3372.5 -17391 54671.6 1.04346
