# Time-averaged data for fix msd_avg
# TimeStep c_msd_water[1] c_msd_water[2] c_msd_water[3] c_msd_water[4]
601000 0.704927 0.722955 0.66222 2.0901
602000 1.78102 1.88509 1.62916 5.29526
603000 2.77087 2.88889 2.60735 8.26711
604000 3.70972 3.76051 3.43366 10.9039
605000 4.37362 4.38429 4.19366 12.9516
606000 5.31988 5.21394 5.23738 15.7712
607000 6.21513 6.06612 5.87191 18.1532
608000 7.13073 6.81946 6.82867 20.7789
609000 7.94137 7.67397 7.66399 23.2793
610000 8.85597 8.40018 8.8213 26.0774
611000 9.6241 9.22524 9.76799 28.6173
612000 10.5782 10.144 11.0459 31.768
613000 11.338 11.0926 12.6745 35.1051
614000 12.3918 11.5319 13.8088 37.7325
615000 13.2062 12.0812 14.7714 40.0588
616000 13.8095 13.0232 15.4701 42.3028
617000 14.7635 13.9755 16.4196 45.1586
618000 15.8579 14.863 17.2192 47.9401
619000 16.8324 15.3562 17.827 50.0156
620000 17.9918 16.0883 17.8883 51.9685
621000 19.7438 17.4457 18.8056 55.9951
622000 20.9757 18.3695 20.4748 59.8199
623000 21.8366 19.0773 21.0751 61.989
624000 22.7613 19.9306 22.0819 64.7737
625000 23.8066 20.9966 22.9065 67.7096
626000 24.2739 22.0061 23.8807 70.1606
627000 24.7786 22.5597 24.7281 72.0664
628000 25.7914 23.3827 25.7775 74.9516
629000 26.6561 23.9922 26.5569 77.2051
630000 27.5176 24.7962 27.5562 79.8699
631000 28.5054 25.9371 28.7334 83.1758
632000 29.8461 26.3959 29.6159 85.8579
633000 30.9303 27.4372 31.0281 89.3955
634000 31.8598 28.0645 31.6625 91.5869
635000 32.5502 29.5488 32.4682 94.5672
636000 33.676 30.9158 33.5428 98.1346
637000 34.5859 31.94 34.7605 101.286
638000 35.3487 33.1057 35.8985 104.353
639000 35.8386 34.0547 36.7702 106.663
640000 36.9632 35.278 38.2643 110.506
641000 38.2529 36.6704 39.5115 114.435
642000 38.5158 37.4306 40.5874 116.534
643000 39.2615 37.5959 41.5947 118.452
644000 39.8066 38.1015 43.2544 121.163
645000 40.8525 39.379 44.3626 124.594
646000 41.3777 40.5901 45.2305 127.198
647000 42.4448 41.3271 46.2748 130.047
648000 43.1501 41.857 47.2977 132.305
649000 44.36 42.7216 47.7907 134.872
650000 45.9789 43.6986 48.6225 138.3
651000 47.4858 44.9585 49.2918 141.736
652000 48.3785 45.9608 49.9334 144.273
653000 48.7705 46.2736 50.6978 145.742
654000 49.396 47.1934 52.2971 148.886
655000 50.1864 47.3599 53.4944 151.041
656000 50.9612 48.8219 54.4062 154.189
657000 51.3935 50.2824 56.1881 157.864
658000 51.8529 51.0853 57.2944 160.233
659000 51.922 51.9634 58.1465 162.032
660000 51.8751 53.1894 57.7302 162.795
661000 52.6976 53.9506 58.3243 164.972
662000 54.3894 55.5944 59.3111 169.295
663000 55.496 56.4733 60.3161 172.285
664000 56.6884 57.6516 62.8904 177.23
665000 57.3688 57.6111 62.5377 177.518
666000 58.9203 58.6758 62.5938 180.19
667000 59.8596 59.8453 63.2703 182.975
668000 60.666 59.9481 64.499 185.113
669000 61.5671 60.9132 65.2162 187.696
670000 61.9973 62.008 66.1481 190.153
671000 61.9656 62.7203 67.5984 192.284
672000 62.0805 64.6397 68.0009 194.721
673000 62.4771 66.6841 69.0721 198.233
674000 63.3917 68.0816 69.8345 201.308
675000 64.7582 70.7602 70.6232 206.142
676000 65.5826 72.5296 71.0097 209.122
677000 66.4603 73.505 72.2994 212.265
678000 67.6231 74.8483 73.3988 215.87
679000 68.344 76.0966 75.0497 219.49
680000 68.9995 77.0183 75.7106 221.728
681000 69.3211 77.0815 76.5471 222.95
682000 69.5375 77.5189 76.5868 223.643
683000 70.4532 77.9202 78.3577 226.731
684000 70.8542 80.0035 79.0711 229.929
685000 70.8213 81.3567 80.0697 232.248
686000 71.6478 82.1287 81.5261 235.303
687000 73.4326 82.7968 82.116 238.345
688000 74.2514 83.6718 82.7313 240.655
689000 74.9649 85.3567 83.9809 244.303
690000 76.6139 86.3552 84.8116 247.781
691000 77.175 86.6998 86.5659 250.441
692000 77.8193 87.3614 87.38 252.561
693000 78.4404 87.7557 88.2397 254.436
694000 79.2982 88.0446 89.2902 256.633
695000 80.2301 88.7099 89.6168 258.557
696000 80.8461 89.4317 90.1861 260.464
697000 82.1755 90.6637 91.42 264.259
698000 82.6689 91.7892 92.2294 266.687
699000 83.6016 92.4136 94.3137 270.329
700000 86.0096 93.235 95.5559 274.801
701000 86.8728 93.869 95.9807 276.723
702000 88.2664 94.2333 98.121 280.621
703000 87.9664 94.5815 98.424 280.972
704000 89.948 95.2495 99.2902 284.488
705000 91.1906 95.6743 100.1 286.965
706000 92.6673 96.4746 101.071 290.213
707000 93.502 98.1752 102.53 294.207
708000 94.078 99.5913 103.86 297.53
709000 94.9556 100.803 105.023 300.781
710000 95.68 101.538 105.673 302.89
711000 95.8287 102.844 107.247 305.92
712000 97.093 104.322 108.338 309.753
713000 98.1696 104.948 109.714 312.831
714000 99.039 104.946 109.565 313.549
715000 100.823 105.017 110.3 316.14
716000 101.571 105.071 111.347 317.99
717000 102.177 105.179 112.641 319.997
718000 102.458 106.623 114.363 323.444
719000 102.823 107.919 115.338 326.081
720000 104.133 108.184 115.874 328.19
721000 104.117 108.618 115.662 328.397
722000 106.065 109.427 117.876 333.368
723000 107.404 110.384 118.238 336.026
724000 108.144 111.108 118.837 338.09
725000 109.039 111.424 120.3 340.763
726000 109.474 111.587 121.254 342.315
727000 109.857 113.556 123.319 346.732
728000 111.578 115.087 124.937 351.602
729000 111.325 115.467 124.172 350.964
730000 112.659 116.144 125.218 354.021
731000 113.897 116.346 126.286 356.529
732000 114.992 116.749 127.504 359.245
733000 115.728 116.939 127.478 360.146
734000 116.729 117.817 126.643 361.189
735000 116.952 119.203 127.892 364.048
736000 118.19 120.345 128.819 367.355
737000 119.211 123.454 130.026 372.692
738000 120.743 123.274 130.663 374.68
739000 122.581 124.046 130.938 377.565
740000 122.259 124.408 131.344 378.011
741000 122.884 124.826 132.712 380.422
742000 122.688 125.116 133.234 381.038
743000 123.472 125.375 133.546 382.394
744000 124.257 125.708 133.523 383.489
745000 125.417 127.218 135.691 388.326
746000 126.821 129.317 137.089 393.226
747000 127.368 130.092 137.373 394.833
748000 128.7 131.144 138.918 398.762
749000 129.722 131.131 139.672 400.525
750000 131.51 131.991 141.114 404.614
751000 131.808 133.092 141.698 406.598
752000 132.48 134.031 141.82 408.332
753000 133.555 135.184 141.874 410.612
754000 134.839 135.48 142.996 413.315
755000 133.996 135.735 142.582 412.313
756000 134.989 136.637 144.105 415.731
757000 136.498 137.609 145.895 420.002
758000 137.475 138.305 146.23 422.01
759000 138.01 138.316 145.662 421.988
760000 139.348 139.935 147.28 426.563
761000 139.444 141.398 148.511 429.353
762000 140.132 142.337 149.563 432.033
763000 140.923 142.654 150.778 434.354
764000 141.689 141.769 150.737 434.195
765000 143.328 142.643 151.625 437.596
766000 143.875 142.887 153.006 439.768
767000 145.652 143.966 154.19 443.808
768000 147.042 145.194 154.193 446.429
769000 148.676 146.245 155.248 450.17
770000 150.939 147.35 156.07 454.359
771000 153.366 148.849 157.434 459.649
772000 155.279 150.999 158.377 464.654
773000 155.715 152.445 158.334 466.494
774000 156.825 152.345 159.243 468.413
775000 158.41 152.105 159.548 470.062
776000 158.882 152.555 161.212 472.649
777000 159.298 154.378 161.913 475.589
778000 160.138 156.284 162.997 479.419
779000 162.159 157.603 164.744 484.505
780000 163.562 159.249 165.728 488.539
781000 164.894 160.497 166.432 491.823
782000 166.548 161.828 166.243 494.618
783000 167.731 161.615 167.468 496.813
784000 168.319 162.355 168.844 499.518
785000 169.31 163.263 168.906 501.478
786000 171.291 164.904 170.217 506.412
787000 171.472 166.356 171.468 509.296
788000 172.132 166.342 171.783 510.258
789000 173.099 166.993 172.144 512.236
790000 173.025 165.584 172.979 511.588
791000 173.077 166.526 175.143 514.747
792000 174.006 168.365 177.804 520.175
793000 175.809 169.507 178.158 523.473
794000 177.115 170.052 178.637 525.804
795000 176.743 170.798 179.049 526.59
796000 177.562 171.401 179.595 528.558
797000 178.74 172.476 180.557 531.773
798000 180.019 174.003 181.331 535.353
799000 181.297 175.78 182.218 539.294
800000 181.705 176.522 182.307 540.535
801000 182.105 177.386 183.51 543.001
802000 182.909 177.693 183.752 544.354
803000 183.591 177.842 184.021 545.454
804000 184.105 178.258 184.012 546.375
805000 185.168 179.71 184.756 549.634
806000 186.176 181.119 185.649 552.944
807000 186.514 181.89 186.443 554.848
808000 187.493 182.421 188.678 558.592
809000 189.186 183.578 190.477 563.241
810000 191.074 185.145 190.784 567.003
811000 193.968 186.453 192.219 572.64
812000 194.85 187.878 192.929 575.658
813000 195.484 187.966 192.709 576.158
814000 196.836 187.401 192.723 576.959
815000 198.027 190.15 194.596 582.772
816000 197.07 191.112 194.808 582.99
817000 198.446 193.745 196.024 588.215
818000 199.222 195.355 197.36 591.937
819000 199.021 194.296 197.196 590.514
820000 200.95 194.537 197.874 593.361
821000 203.403 196.524 199.859 599.786
822000 202.685 197.379 199.651 599.715
823000 204.272 199.29 200.041 603.604
824000 203.167 198.451 200.151 601.769
825000 203.551 199.179 201.002 603.733
826000 205.01 201.213 202.328 608.551
827000 207.265 203.381 204.352 614.997
828000 207.259 204.351 205.027 616.637
829000 206.694 203.281 205.002 614.978
830000 208.153 204.253 207.46 619.866
831000 208.806 204.797 208.909 622.512
832000 208.499 205.208 210.496 624.203
833000 209.7 206.597 213.485 629.782
834000 209.072 207.621 214.631 631.324
835000 208.611 208.129 217.07 633.81
836000 208.937 208.844 218.367 636.148
837000 209.57 209.183 220.56 639.313
838000 210.977 210.565 222.594 644.136
839000 212.827 212.528 224.222 649.578
840000 211.813 212.708 224.027 648.549
841000 212.189 213.854 225.144 651.187
842000 211.316 214.782 224.296 650.394
843000 212.729 215.715 224.988 653.431
844000 214.166 217.521 225.151 656.837
845000 214.36 219.249 225.264 658.873
846000 215.356 220.798 225.429 661.583
847000 216.429 222.691 226.78 665.9
848000 217.576 223.104 226.945 667.625
849000 217.118 223.468 226.8 667.386
850000 217.031 225.017 227.79 669.838
851000 219.111 225.511 228.88 673.502
852000 221.064 226.903 229.701 677.667
853000 221.584 226.154 229.009 676.747
854000 224.609 227.395 230.424 682.428
855000 224.578 227.694 231.199 683.471
856000 224.492 228.127 231.996 684.615
857000 225.503 229.186 232.303 686.992
858000 226.433 229.036 232.783 688.252
859000 228.905 230.504 234.039 693.448
860000 229.764 230.231 236.564 696.56
861000 228.324 230.022 237.409 695.755
862000 229.128 230.099 237.667 696.894
863000 228.189 230.298 237.849 696.336
864000 228.832 232.621 240.292 701.746
865000 230.854 235.106 242.281 708.24
866000 231.112 235.959 242.568 709.638
867000 231.483 237.89 243.893 713.266
868000 234.355 240.602 246.927 721.883
869000 237.039 240.819 248.662 726.519
870000 236.827 240.302 249.789 726.919
871000 236.259 241.236 251.955 729.45
872000 236.773 241.889 253.856 732.517
873000 237.642 243.383 252.917 733.942
874000 239.198 245.125 254.335 738.658
875000 240.631 246.783 254.121 741.536
876000 241.28 246.775 255.307 743.363
877000 240.8 247.743 256.076 744.619
878000 242.189 249.384 256.669 748.242
879000 244.054 250.603 256.597 751.254
880000 245.631 250.429 256.159 752.219
881000 247.129 251.65 257.505 756.284
882000 248.277 252.784 258.046 759.107
883000 248.862 253.442 259.108 761.411
884000 248.428 253.157 259.826 761.411
885000 248.493 253.94 259.34 761.772
886000 249.394 254.133 258.538 762.066
887000 250.166 253.885 258.947 762.998
888000 254.019 256.403 260.884 771.305
889000 255.93 256.277 261.881 774.088
890000 256.997 258.799 263.331 779.127
891000 257.199 258.892 264.011 780.103
892000 258.469 259.779 265.63 783.879
893000 258.103 260.295 265.441 783.838
894000 260.058 261.631 267.25 788.94
895000 260.836 262.291 268.359 791.486
896000 262.073 261.855 268.894 792.822
897000 265.132 264.155 271.263 800.551
898000 264.177 264.763 271.408 800.348
899000 264.669 265.961 271.845 802.475
900000 267.011 267.697 273.858 808.566
901000 266.564 268.062 272.729 807.356
902000 266.311 268.1 273.502 807.913
903000 269.244 270.138 275.444 814.825
904000 269.608 270.383 277.602 817.593
905000 269.423 270.697 278.694 818.813
906000 269.802 271.343 277.62 818.765
907000 268.764 271.319 276.712 816.796
908000 269.93 270.664 276.151 816.745
909000 271.402 272.044 276.81 820.256
910000 271.461 273.585 276.692 821.738
911000 273.366 275.711 278.207 827.284
912000 272.28 277.028 278.813 828.122
913000 272.151 277.522 279.383 829.056
914000 272.528 278.227 280.435 831.19
915000 274.07 281.188 282.503 837.761
916000 275.492 282.385 282.693 840.57
917000 276.896 284.255 283.786 844.938
918000 276.315 285.281 283.03 844.625
919000 277.667 286.936 284.967 849.57
920000 277.928 287.341 284.105 849.373
921000 279.294 289.809 285.908 855.011
922000 280.186 289.813 287.142 857.14
923000 280.748 290.414 289.026 860.188
924000 280.802 291.02 290.011 861.832
925000 280.912 291.756 289.776 862.444
926000 283.474 292.22 291.479 867.173
927000 284.93 292.307 292.22 869.457
928000 286.712 293.309 292.987 873.008
929000 288.958 295.529 295.979 880.466
930000 289.186 296.426 297.931 883.543
931000 290.677 297.77 298.84 887.288
932000 292.347 300.106 300.914 893.367
933000 293.353 300.715 301.335 895.403
934000 294.413 301.64 303.321 899.374
935000 293.9 300.705 301.772 896.377
936000 295.954 300.874 303.195 900.023
937000 297.335 301.362 304.092 902.79
938000 299.48 302.921 305.847 908.248
939000 300.1 303.52 305.345 908.966
940000 300.848 303.845 306.305 910.998
941000 302.39 306.005 309.162 917.557
942000 304.039 307.579 309.731 921.349
943000 306.444 310.28 311.472 928.196
944000 306.391 310.854 312.065 929.31
945000 306.556 309.712 311.895 928.163
946000 308.254 310.911 313.334 932.499
947000 306.527 309.699 311.95 928.176
948000 308.81 311.401 313.884 934.095
949000 309.126 312.209 314.943 936.278
950000 308.577 311.875 313.959 934.411
951000 310.93 313.918 314.426 939.273
952000 311.193 314.484 313.806 939.482
953000 309.99 313.595 312.451 936.037
954000 312.606 315.204 313.47 941.28
955000 313.018 315.212 312.636 940.866
956000 316.387 316.256 315.36 948.004
957000 316.987 316.609 316.61 950.206
958000 317.3 316.64 317.333 951.274
959000 318.459 316.75 317.879 953.088
960000 320.361 318.354 319.993 958.708
961000 321.25 322.021 322.277 965.548
962000 319.794 322.224 322.908 964.927
963000 320.656 323.413 323.894 967.963
964000 320.135 321.901 324.024 966.059
965000 321.422 323.973 326.853 972.248
966000 322.495 325.69 328.41 976.595
967000 325.378 328.049 331.091 984.518
968000 326.145 330.149 331.104 987.398
969000 329.332 332.417 333.179 994.928
970000 330.774 333.619 335.798 1000.19
971000 331.228 334.197 337.522 1002.95
972000 330.288 334.07 338.302 1002.66
973000 332.16 335.502 339.531 1007.19
974000 331.563 335.002 340.633 1007.2
975000 333.826 336.091 342.97 1012.89
976000 333.97 335.777 344.2 1013.95
977000 334.088 336.214 344.915 1015.22
978000 336.166 338.649 348.534 1023.35
979000 335.304 339.419 349.042 1023.77
980000 337.355 341.322 350.495 1029.17
981000 337.735 344.368 350.875 1032.98
982000 337.381 344.741 349.069 1031.19
983000 338.939 344.847 348.952 1032.74
984000 340.694 345.281 349.124 1035.1
985000 342.462 346.566 351.465 1040.49
986000 343.486 348.381 351.469 1043.34
987000 345.254 349.996 352.897 1048.15
988000 346.668 352.995 353.558 1053.22
989000 347.224 353.728 355.025 1055.98
990000 345.505 353.913 356.062 1055.48
991000 345.829 353.537 356.859 1056.22
992000 348.158 354.309 360.109 1062.58
993000 350.564 354.957 363.257 1068.78
994000 353.371 356.397 363.814 1073.58
995000 352.108 354.1 364.132 1070.34
996000 352.451 355.366 364.894 1072.71
997000 353.014 355.958 365.661 1074.63
998000 354.247 357.701 366.158 1078.11
999000 353.237 358.462 366.303 1078
1000000 352.208 357.036 365.888 1075.13
1001000 353.918 357.18 367.248 1078.35
1002000 359.259 360.461 371.927 1091.65
1003000 360.017 360.629 372.87 1093.52
1004000 359.8 360.455 373.514 1093.77
1005000 362.517 362.555 376.165 1101.24
1006000 362.251 359.5 375.07 1096.82
1007000 365.424 359.634 377.256 1102.31
1008000 367.669 359.233 378.407 1105.31
1009000 368.564 358.558 378.821 1105.94
1010000 368.992 357.546 378.808 1105.35
1011000 369.511 356.69 379.553 1105.75
1012000 371.756 356.924 379.672 1108.35
1013000 372.085 357.697 379.546 1109.33
1014000 373.032 358.354 380.543 1111.93
1015000 374.07 358.229 380.988 1113.29
1016000 374.407 357.209 380.521 1112.14
1017000 376.475 360.008 382.97 1119.45
1018000 378.97 363.167 385.238 1127.37
1019000 381.104 364.332 387.82 1133.26
1020000 381.438 364.674 388.129 1134.24
1021000 381.03 365.789 388.556 1135.38
1022000 382.057 368.231 390.121 1140.41
1023000 382.699 369.739 391.767 1144.21
1024000 382.204 369.796 390.536 1142.54
1025000 382.765 369.277 390.427 1142.47
1026000 384.279 370.45 391.827 1146.56
1027000 385.682 371.843 392.911 1150.44
1028000 386.539 372.552 392.257 1151.35
1029000 387.827 373.152 390.928 1151.91
1030000 387.485 373.915 389.899 1151.3
1031000 390.275 376.95 392.614 1159.84
1032000 390.727 377.118 393.475 1161.32
1033000 387.589 375.397 393.784 1156.77
1034000 390.142 377.634 395.68 1163.46
1035000 390.434 378.993 395.326 1164.75
1036000 391.057 378.816 395.716 1165.59
1037000 390.544 379.044 395.134 1164.72
1038000 391.782 381.538 395.782 1169.1
1039000 392.805 383.214 396.682 1172.7
1040000 391.222 382.961 396.267 1170.45
1041000 392.771 385.443 397.868 1176.08
1042000 396.116 388.034 399.739 1183.89
1043000 395.561 388.283 399.444 1183.29
1044000 396.253 390.264 400.419 1186.94
1045000 395.804 390.811 399.974 1186.59
1046000 396.997 392.458 401.904 1191.36
1047000 396.392 390.077 401.67 1188.14
1048000 399.784 392.432 404.606 1196.82
1049000 398.75 393.539 405.124 1197.41
1050000 400.804 394.388 406.258 1201.45
1051000 403.794 396.641 407.452 1207.89
1052000 407.37 397.567 409.224 1214.16
1053000 405.778 398.019 408.742 1212.54
1054000 404.162 397.274 409.866 1211.3
1055000 404.288 396.714 408.286 1209.29
1056000 406.733 400.349 411.028 1218.11
1057000 408.165 400.639 412.34 1221.14
1058000 408.476 400.269 412.504 1221.25
1059000 409.647 401.555 413.828 1225.03
1060000 411.449 404.135 417.443 1233.03
1061000 411.623 403.134 417.334 1232.09
1062000 413.087 404.948 418.346 1236.38
1063000 416.064 407.506 420.339 1243.91
1064000 416.746 408.077 422.572 1247.39
1065000 415.762 407.826 422.935 1246.52
1066000 417.096 407.243 423.612 1247.95
1067000 419.023 408.395 426.312 1253.73
1068000 420.304 407.927 428.171 1256.4
1069000 419.493 408.294 427.759 1255.55
1070000 417.865 408.832 426.885 1253.58
1071000 419.295 410.916 428.697 1258.91
1072000 420.71 413.147 430.753 1264.61
1073000 419.286 412.197 429.986 1261.47
1074000 421.894 412.597 431.159 1265.65
1075000 422.509 413.431 432.137 1268.08
1076000 422.278 414.337 432.974 1269.59
1077000 424.684 417.284 435.934 1277.9
1078000 423.685 416.518 434.169 1274.37
1079000 424.581 416.708 434.277 1275.57
1080000 425.888 416.729 435.02 1277.64
1081000 429.369 418.715 439.524 1287.61
1082000 430.927 418.651 440.629 1290.21
1083000 434.433 420.734 444.908 1300.08
1084000 435.972 421.958 445.2 1303.13
1085000 438.31 422.848 445.027 1306.18
1086000 438.695 422.579 444.266 1305.54
1087000 438.014 422.965 443.119 1304.1
1088000 440.294 423.628 445.789 1309.71
1089000 442.53 424.903 446.911 1314.34
1090000 441.227 423.332 446.81 1311.37
1091000 443.308 425.507 447.732 1316.55
1092000 444.566 426.563 450.137 1321.27
1093000 442.89 424.881 450.074 1317.84
1094000 445.028 428.598 453.274 1326.9
1095000 445.887 429.93 452.743 1328.56
1096000 446.606 430.396 452.908 1329.91
1097000 445.574 428.653 451.651 1325.88
1098000 445.613 429.841 453.023 1328.48
1099000 449.154 432.125 456.287 1337.57
1100000 448.103 432.382 456.162 1336.65
1101000 447.519 432.846 455.909 1336.27
1102000 448.515 434.889 457.116 1340.52
1103000 448.321 433.778 454.521 1336.62
1104000 450.551 435.753 455.049 1341.35
1105000 453.815 438.54 457.325 1349.68
1106000 454.922 439.099 457.095 1351.12
1107000 455.823 438.914 458.208 1352.95
1108000 454.153 437.89 457.657 1349.7
1109000 456.478 439.852 459.069 1355.4
1110000 459.547 441.473 460.231 1361.25
1111000 461.234 443.443 460.856 1365.53
1112000 460.785 443.761 460.849 1365.39
1113000 462.12 446.862 463.319 1372.3
1114000 461.462 445.758 462.293 1369.51
1115000 459.626 445.286 460.78 1365.69
1116000 462.577 449.202 462.563 1374.34
1117000 462.97 449.046 461.553 1373.57
1118000 464.617 450.625 463.559 1378.8
1119000 464.601 452.01 465.106 1381.72
1120000 463.447 453.371 464.895 1381.71
1121000 462.964 452.8 464.84 1380.6
1122000 465.853 455.691 467.007 1388.55
1123000 463.63 455.524 467.333 1386.49
1124000 464.222 457.251 470.459 1391.93
1125000 463.093 458.216 472.562 1393.87
1126000 465.228 460.039 473.997 1399.26
1127000 464.208 456.992 473.071 1394.27
1128000 465.073 456.867 472.865 1394.8
1129000 466.644 458.267 472.819 1397.73
1130000 466.896 458.123 471.715 1396.73
1131000 467.825 458.967 472.222 1399.01
1132000 469.062 458.038 472.809 1399.91
1133000 471.457 462.157 476.146 1409.76
1134000 470.619 462.509 474.405 1407.53
1135000 470.584 462.169 472.677 1405.43
1136000 474.421 465.225 475.207 1414.85
1137000 475.629 465.236 476.504 1417.37
1138000 477.411 466.472 477.468 1421.35
1139000 478.727 467.861 478.694 1425.28
1140000 480.412 468.09 481.2 1429.7
1141000 480.388 470.585 484.109 1435.08
1142000 481.685 473.574 484.624 1439.88
1143000 481.223 473.476 483.253 1437.95
1144000 481.262 475.881 485.921 1443.06
1145000 482.277 475.968 487.374 1445.62
1146000 480.054 474.536 487.538 1442.13
1147000 482.224 474.619 488.428 1445.27
1148000 482.473 475.004 489.097 1446.57
1149000 482.94 473.439 488.643 1445.02
1150000 484.379 473.749 489.669 1447.8
1151000 484.426 474.521 489.457 1448.4
1152000 486.824 476.627 491.254 1454.7
1153000 487.657 478.956 492.401 1459.01
1154000 487.863 478.906 491.22 1457.99
1155000 490.633 482.398 495.523 1468.55
1156000 490.995 482.392 496.615 1470
1157000 494.128 483.964 497.299 1475.39
1158000 491.902 484.178 495.019 1471.1
1159000 494.163 485.545 499.967 1479.68
1160000 492.278 484.912 497.811 1475
1161000 491.181 484.913 497.397 1473.49
1162000 493.066 486.06 500.261 1479.39
1163000 493.987 489.486 503.081 1486.55
1164000 490.781 488.549 500.702 1480.03
1165000 490.142 488.713 499.961 1478.82
1166000 491.977 489.859 501.064 1482.9
1167000 490.739 489.263 502.35 1482.35
1168000 491.611 490.498 504.191 1486.3
1169000 492.801 490.548 506.138 1489.49
1170000 490.742 488.655 506.564 1485.96
1171000 494.12 490.991 508.625 1493.74
1172000 495.81 492.358 509.166 1497.33
1173000 495.326 491.62 509.148 1496.09
1174000 495.476 492.336 508.973 1496.78
1175000 498.826 496.139 510.689 1505.66
1176000 500.877 497.717 512.51 1511.1
1177000 499.25 495.642 511.092 1505.98
1178000 498.923 495.33 510.653 1504.91
1179000 500.682 497.594 513.524 1511.8
1180000 503.401 499.367 516.352 1519.12
1181000 504.091 499.87 515.826 1519.79
1182000 502.292 498.468 513.859 1514.62
1183000 503.992 499.677 514.562 1518.23
1184000 506.138 500.49 516.236 1522.86
1185000 507.397 500.917 516.494 1524.81
1186000 506.863 500.838 515.738 1523.44
1187000 507.418 501.833 515.703 1524.95
1188000 509.217 504.388 516.891 1530.5
1189000 508.239 504.819 517.49 1530.55
1190000 504.683 500.935 514.313 1519.93
1191000 506.257 502.021 517.058 1525.34
1192000 509.941 506.293 519.253 1535.49
1193000 509.913 503.817 516.582 1530.31
1194000 513.338 507.386 519.177 1539.9
1195000 514.112 509.299 519.373 1542.78
1196000 517.105 512.3 521.132 1550.54
1197000 519.383 514.178 523.957 1557.52
1198000 519.766 513.177 525.949 1558.89
1199000 518.251 513.73 524.421 1556.4
1200000 520.076 517.674 526.084 1563.83
1201000 520.068 517.445 525.582 1563.09
1202000 519.507 516.863 523.89 1560.26
1203000 518.304 517.41 525.476 1561.19
1204000 519.821 517.792 528.391 1566
1205000 516.719 516.256 527.82 1560.8
1206000 518.751 516.679 529.602 1565.03
1207000 517.549 514.997 530.772 1563.32
1208000 516.375 515.45 530.197 1562.02
1209000 520.537 519.655 534.69 1574.88
1210000 521.802 520.334 535.587 1577.72
1211000 521.24 520.583 534.791 1576.61
1212000 519.548 521.435 534.448 1575.43
1213000 520.471 523.064 535.834 1579.37
1214000 520.038 521.266 534.014 1575.32
1215000 521.878 522.518 535.122 1579.52
1216000 524.661 525.518 538.089 1588.27
1217000 521.552 526.76 537.084 1585.4
1218000 519.971 527.864 536.295 1584.13
1219000 523.356 530.522 538.478 1592.36
1220000 524.168 532.672 537.985 1594.82
1221000 526.014 531.912 538.32 1596.25
1222000 527.844 532.587 540.453 1600.88
1223000 529.302 532.13 540.396 1601.83
1224000 529.611 532.926 539.925 1602.46
1225000 533.218 536.116 541.203 1610.54
1226000 536.895 539.272 544.635 1620.8
1227000 535.822 538.737 541.773 1616.33
1228000 537.124 539.275 543.702 1620.1
1229000 535.851 537.591 541.913 1615.36
1230000 535.796 537.665 543.298 1616.76
1231000 537.451 538.197 545.763 1621.41
1232000 540.868 539.824 549.241 1629.93
1233000 540.28 540.034 549.034 1629.35
1234000 540.105 540.524 547.548 1628.18
1235000 540.28 540.676 546.548 1627.5
1236000 544.773 545.022 550.104 1639.9
1237000 544.23 544.879 549.474 1638.58
1238000 546.323 544.553 551.017 1641.89
1239000 548.167 546.701 552.87 1647.74
1240000 548.939 548.159 554.38 1651.48
1241000 551.22 549.915 554.276 1655.41
1242000 551.615 549.638 553.521 1654.77
1243000 554.118 551.56 555.066 1660.74
1244000 551.398 549.96 552.586 1653.94
1245000 551.695 550.574 553.315 1655.58
1246000 555.241 554.717 556.633 1666.59
1247000 555.671 554.087 557.7 1667.46
1248000 555.314 553.531 559.44 1668.29
1249000 559.492 555.785 563.64 1678.92
1250000 561.65 558.059 565.83 1685.54
1251000 562.323 558.416 565.358 1686.1
1252000 562.179 557.385 565.114 1684.68
1253000 560.87 554.36 562.458 1677.69
1254000 566.183 555.309 566.281 1687.77
1255000 566.065 558.682 567.054 1691.8
1256000 567.665 560.343 567.18 1695.19
1257000 570.441 561.853 570.129 1702.42
1258000 571.539 562.047 573.211 1706.8
1259000 573.828 564.903 575.321 1714.05
1260000 571.622 561.502 572.546 1705.67
1261000 569.077 560.458 569.907 1699.44
1262000 575.748 567.925 575.152 1718.83
1263000 577.122 567.801 576.509 1721.43
1264000 579.478 567.089 575.479 1722.05
1265000 580.311 567.693 575.262 1723.27
1266000 579.064 568.432 573.114 1720.61
1267000 582.903 575.006 576.173 1734.08
1268000 584.704 577.685 577.817 1740.21
1269000 585.228 576.246 578.278 1739.75
1270000 586.382 576.47 580.551 1743.4
1271000 586.945 576.073 581.304 1744.32
1272000 589.75 576.151 583.372 1749.27
1273000 594.424 579.64 588.93 1762.99
1274000 591.822 578.457 588.785 1759.06
1275000 593.759 580.305 590.509 1764.57
1276000 595.183 581.166 589.934 1766.28
1277000 593.674 580.258 588.713 1762.64
1278000 597.266 582.912 592.738 1772.92
1279000 599.243 585.244 593.901 1778.39
1280000 600.398 585.189 595.973 1781.56
1281000 603.7 586.602 599.069 1789.37
1282000 602.948 587.644 600.049 1790.64
1283000 601.381 589.091 598.782 1789.25
1284000 599.739 586.103 597.275 1783.12
1285000 602.857 589.899 600.804 1793.56
1286000 601.499 588.409 598.727 1788.64
1287000 600.984 589.011 599.322 1789.32
1288000 599.963 590.717 601.26 1791.94
1289000 602.05 594.182 603.701 1799.93
1290000 602.814 594.645 603.766 1801.22
1291000 602.321 596.099 605.022 1803.44
1292000 603.767 595.973 606.964 1806.7
1293000 606.875 597.509 608.471 1812.85
1294000 605.072 596.708 607.18 1808.96
1295000 602.103 595.096 607.77 1804.97
1296000 606.127 598.612 611.884 1816.62
1297000 606.377 597.966 611.676 1816.02
1298000 605.614 598.007 610.764 1814.39
1299000 604.993 597.24 611.863 1814.1
1300000 607.305 596.797 612.558 1816.66
1301000 607.766 596.673 613.627 1818.07
1302000 611.613 600.716 616.711 1829.04
1303000 611.788 600.903 616.549 1829.24
1304000 607.049 597.682 613.937 1818.67
1305000 612.003 602.802 615.724 1830.53
1306000 609.357 600.343 613.847 1823.55
1307000 610.731 598.976 614.143 1823.85
1308000 616.034 600.761 617.381 1834.18
1309000 619.821 602.064 619.897 1841.78
1310000 620.557 599.955 619.808 1840.32
1311000 621.758 602.369 621.713 1845.84
1312000 620.954 601.837 619.282 1842.07
1313000 620.596 601.997 617.384 1839.98
1314000 625.356 604.365 619.92 1849.64
1315000 627.29 604.935 620.941 1853.17
1316000 627.408 604.938 619.562 1851.91
1317000 632.057 609.09 624.249 1865.4
1318000 634.505 611.78 627.882 1874.17
1319000 634.752 609.686 627.017 1871.46
1320000 631.378 607.6 625.356 1864.33
1321000 631.354 610.13 626.908 1868.39
1322000 631.472 614.285 627.528 1873.29
1323000 635.87 619.503 631.169 1886.54
1324000 639.228 622.409 633.57 1895.21
1325000 638.984 619.449 630.676 1889.11
1326000 641.005 622.527 630.994 1894.53
1327000 640.064 622.6 629.747 1892.41
1328000 641.951 622.151 630.348 1894.45
1329000 643.574 622.645 631.371 1897.59
1330000 643.504 622.267 633.296 1899.07
1331000 647.008 625.103 635.734 1907.84
1332000 646.806 626.917 636.861 1910.58
1333000 647.744 627.877 638.791 1914.41
1334000 648.838 628.949 639.211 1917
1335000 647.432 628.579 639.584 1915.6
1336000 646.024 630.743 640.416 1917.18
1337000 648.734 633.346 643.033 1925.11
1338000 649.937 635.263 642.746 1927.95
1339000 649.528 636.292 639.819 1925.64
1340000 652.992 640.351 641.881 1935.22
1341000 651.652 640.635 639.99 1932.28
1342000 653.481 642.051 641.181 1936.71
1343000 651.925 641.644 641.99 1935.56
1344000 653.428 642.98 643.04 1939.45
1345000 654.73 643.267 643.487 1941.48
1346000 657.57 644.508 644.222 1946.3
1347000 657.97 646.023 644.491 1948.48
1348000 658.274 646.317 643.289 1947.88
1349000 657.884 644.776 643.89 1946.55
1350000 660.617 647.101 646.358 1954.08
1351000 660.568 649.336 647.495 1957.4
1352000 662.002 653.415 653.363 1968.78
1353000 662 654.58 653.184 1969.76
1354000 658.688 653.284 650.406 1962.38
1355000 658.028 653.271 652.126 1963.43
1356000 658.8 654.151 652.514 1965.46
1357000 658.139 653.622 652.779 1964.54
1358000 658.98 656.11 655.775 1970.87
1359000 660.809 657.668 657.507 1975.98
1360000 665.585 660.275 660.37 1986.23
1361000 663.447 657.538 658.875 1979.86
1362000 664.869 659.199 661.985 1986.05
1363000 664.81 657.815 661.335 1983.96
1364000 669.153 662.132 664.632 1995.92
1365000 666.478 662.288 665.105 1993.87
1366000 667.491 661.946 665.816 1995.25
1367000 669.946 665.833 669.393 2005.17
1368000 669.875 663.987 668.046 2001.91
1369000 671.975 666.045 669.375 2007.4
1370000 674.359 665.139 669.841 2009.34
1371000 675.156 664.083 667.031 2006.27
1372000 674.407 665.278 667.66 2007.35
1373000 673.003 666.592 667.427 2007.02
1374000 676.433 671.498 672.711 2020.64
1375000 674.846 671.919 671.836 2018.6
1376000 674.963 671.992 671.762 2018.72
1377000 675.125 672.531 672.017 2019.67
1378000 677.771 673.77 675.154 2026.7
1379000 676.51 674.24 676.118 2026.87
1380000 675.905 674.054 677.52 2027.48
1381000 677.899 675.75 677.419 2031.07
1382000 680.895 678.638 681.548 2041.08
1383000 681.44 679.115 681.303 2041.86
1384000 681.972 676.746 679.456 2038.17
1385000 682.495 675.514 677.756 2035.77
1386000 683.993 676.927 679.058 2039.98
1387000 685.646 678.648 682.085 2046.38
1388000 683.822 676.6 679.323 2039.75
1389000 691.934 683.701 684.554 2060.19
1390000 690.613 682.316 682.307 2055.24
1391000 691.475 684.322 684.16 2059.96
1392000 692.479 685.412 686.671 2064.56
1393000 694.519 685.796 689.915 2070.23
1394000 699.046 688.006 695.342 2082.39
1395000 698.402 688.322 695.65 2082.37
1396000 696.287 688.72 694.053 2079.06
1397000 691.901 687.047 690.948 2069.9
1398000 693.255 690.01 692.871 2076.14
1399000 696.024 692.16 695.098 2083.28
1400000 701.83 695.358 699.791 2096.98
1401000 700.496 695.674 699.99 2096.16
1402000 699.235 694.856 699.831 2093.92
1403000 701.391 695.958 702.692 2100.04
1404000 704.505 696.86 704.23 2105.6
1405000 702.891 695.926 701.975 2100.79
1406000 703.123 697.318 701.474 2101.92
1407000 702.51 696.836 702.837 2102.18
1408000 703.754 697.843 704.979 2106.58
1409000 705.368 702.873 707.52 2115.76
1410000 706.76 702.682 710.191 2119.63
1411000 709.672 706.296 713.889 2129.86
1412000 707.674 703.752 711.027 2122.45
1413000 709.876 704.196 710.828 2124.9
1414000 711.361 707.177 713.371 2131.91
1415000 713.733 711.554 718.304 2143.59
1416000 712.142 708.683 712.937 2133.76
1417000 714.203 710.773 715.131 2140.11
1418000 715.55 713.415 718.352 2147.32
1419000 715.025 712.926 717.564 2145.51
1420000 714.199 713.441 719.396 2147.04
1421000 715.176 714.731 721.641 2151.55
1422000 716.579 718.983 725.462 2161.02
1423000 717.928 722.475 726.039 2166.44
1424000 716.931 723.411 724.99 2165.33
1425000 715.364 724.245 726.742 2166.35
1426000 717.553 725.821 728.275 2171.65
1427000 717.132 726.005 727.338 2170.47
1428000 716.235 725.863 727.396 2169.49
1429000 716.029 725.352 727.856 2169.24
1430000 716.538 726.931 726.691 2170.16
1431000 717.472 727.46 727.279 2172.21
1432000 718.796 730.2 731.773 2180.77
1433000 722.266 732.246 733.587 2188.1
1434000 721.682 729.476 729.262 2180.42
1435000 724.895 731.729 730.972 2187.6
1436000 721.07 728.554 727.171 2176.79
1437000 725.756 732.976 729.285 2188.02
1438000 726.107 734.747 731.684 2192.54
1439000 728.372 738.16 732.033 2198.56
1440000 728.223 739.27 730.364 2197.86
1441000 726.987 740.375 729.992 2197.35
1442000 727.396 741.847 730.982 2200.22
1443000 723.751 737.534 727.846 2189.13
1444000 726.808 741.546 733.719 2202.07
1445000 729.331 743.886 735.884 2209.1
1446000 729.808 745.412 736.942 2212.16
1447000 728.221 746.48 738.585 2213.29
1448000 725.948 742.729 735.973 2204.65
1449000 729.845 746.485 740.529 2216.86
1450000 728.811 748.593 742.676 2220.08
1451000 729.105 747.493 742.064 2218.66
1452000 726.881 746.904 743.529 2217.31
1453000 729.098 747.57 744.16 2220.83
1454000 731.136 749.393 745.466 2226
1455000 728.921 745.36 743.863 2218.14
1456000 733.856 750.352 747.322 2231.53
1457000 733.14 750.149 749.689 2232.98
1458000 736.375 752.59 752.679 2241.64
1459000 739.636 753.965 755.169 2248.77
1460000 736.903 750.478 753.093 2240.47
1461000 738.546 753.704 754.767 2247.02
1462000 738.67 754.847 754.191 2247.71
1463000 738.827 758.837 754.086 2251.75
1464000 737.751 758.66 753.772 2250.18
1465000 738.053 759.029 755.307 2252.39
1466000 737.464 757.122 754.68 2249.27
1467000 739.124 758.102 756.624 2253.85
1468000 742.273 758.954 756.91 2258.14
1469000 739.66 758.066 753.721 2251.45
1470000 742.44 761.511 756.036 2259.99
1471000 743.229 763.225 758.715 2265.17
1472000 740.154 759.362 754.978 2254.49
1473000 742.218 759.521 757.358 2259.1
1474000 747.948 764.098 761.524 2273.57
1475000 749.801 764.104 762.319 2276.22
1476000 745.505 763.672 758.031 2267.21
1477000 743.476 765.228 757.371 2266.08
1478000 746.54 767.534 758.603 2272.68
1479000 753.382 771.955 761.865 2287.2
1480000 750.243 767.348 757.305 2274.9
1481000 751.016 767.613 757.875 2276.5
1482000 755.741 771.693 760.307 2287.74
1483000 760.879 776.318 764.873 2302.07
1484000 760.772 774.109 764.851 2299.73
1485000 760.694 774.399 764.797 2299.89
1486000 761.635 775.718 766.533 2303.89
1487000 762.41 775.923 766.782 2305.11
1488000 762.489 773.808 768.162 2304.46
1489000 764.963 776.167 771.02 2312.15
1490000 766.71 777.361 773.442 2317.51
1491000 766.088 778.157 775.891 2320.14
1492000 765.557 777.678 775.402 2318.64
1493000 770.404 781.156 777.453 2329.01
1494000 770.337 780.791 778.579 2329.71
1495000 772.027 782.438 779.322 2333.79
1496000 776.693 785.266 783.401 2345.36
1497000 780.646 786.839 787.212 2354.7
1498000 777.816 785.09 784.071 2346.98
1499000 774.067 780.067 780.515 2334.65
1500000 774.13 779.777 781.435 2335.34
1501000 776.637 779.552 782.376 2338.57
1502000 781.21 781.535 785.088 2347.83
1503000 779.799 784.146 786.442 2350.39
1504000 780.49 783.95 786.255 2350.69
1505000 785.794 789.66 791.997 2367.45
1506000 785.399 784.993 788.936 2359.33
1507000 787.804 786.703 790.458 2364.97
1508000 786.225 787.919 790.43 2364.57
1509000 790.377 791.903 794.33 2376.61
1510000 791.374 790.507 797.144 2379.03
1511000 791.479 791.76 795.403 2378.64
1512000 794.376 792.937 794.226 2381.54
1513000 795.675 792.596 792.599 2380.87
1514000 803.686 797.688 797.72 2399.09
1515000 801.699 795.175 795.061 2391.94
1516000 802.559 797.188 795.052 2394.8
1517000 802.741 799.63 796.716 2399.09
1518000 803.909 799.776 796.206 2399.89
1519000 804.106 802.479 796.182 2402.77
1520000 806.425 803.675 796.563 2406.66
1521000 809.684 805.16 797.861 2412.71
1522000 810.721 805.066 798.658 2414.44
1523000 812.389 805.571 798.621 2416.58
1524000 812.68 807.586 801.277 2421.54
1525000 814.087 810.192 800.742 2425.02
1526000 816.87 817.231 807.6 2441.7
1527000 815.815 815.577 807.513 2438.91
1528000 813.832 811.971 805.325 2431.13
1529000 816.576 813.598 807.897 2438.07
1530000 814.276 811.363 808.754 2434.39
1531000 812.837 810.227 810.473 2433.54
1532000 811.441 807.98 808.772 2428.19
1533000 811.856 809.524 809.486 2430.87
1534000 811.544 810.933 809.284 2431.76
1535000 814.194 817.045 811.606 2442.85
1536000 815.165 817.421 811.922 2444.51
1537000 813.167 814.352 811.835 2439.35
1538000 812.52 815.825 813.893 2442.24
1539000 815.37 818.373 817.022 2450.76
1540000 816.827 817.759 818.648 2453.23
1541000 815.428 814.209 817.596 2447.23
1542000 817.321 816.336 819.869 2453.53
1543000 817.436 817.489 820.271 2455.2
1544000 819.015 819.964 823.493 2462.47
1545000 820.594 821.274 825.194 2467.06
1546000 818.718 817.801 824.377 2460.9
1547000 819.544 817.281 823.248 2460.07
1548000 818.72 817.018 821.578 2457.32
1549000 818.953 816.881 821.143 2456.98
1550000 818.044 818.793 823.194 2460.03
1551000 821.797 823.482 828.114 2473.39
1552000 825.856 823.576 833.178 2482.61
1553000 825.343 823.645 832.704 2481.69
1554000 822.811 822.177 828.691 2473.68
1555000 822.601 823.255 829.473 2475.33
1556000 822.303 823.276 833.522 2479.1
1557000 821.767 824.505 831.662 2477.93
1558000 822.712 826.812 834.405 2483.93
1559000 821.672 825.731 833.39 2480.79
1560000 822.541 825.196 834.854 2482.59
1561000 821.73 823.337 833.567 2478.63
1562000 822.142 823.46 834.14 2479.74
1563000 819.695 822.496 832.376 2474.57
1564000 822.6 827.864 838.361 2488.83
1565000 824.896 833.741 845.403 2504.04
1566000 822.501 832.885 843.693 2499.08
1567000 822.936 832.53 843.275 2498.74
1568000 821.877 829.661 841.211 2492.75
1569000 825.476 830.095 842.957 2498.53
1570000 829.102 836.511 848.632 2514.24
1571000 828.708 838.708 850.285 2517.7
1572000 826.317 835.767 845.414 2507.5
1573000 829.604 839.161 849.92 2518.69
1574000 829.432 837.922 849.696 2517.05
1575000 830.663 840.363 853.655 2524.68
1576000 832.627 844.099 856.63 2533.36
1577000 832.41 842.519 854.328 2529.26
1578000 832.456 841.874 853.831 2528.16
1579000 835.199 842.231 857.276 2534.71
1580000 833.203 840.196 858.774 2532.17
1581000 833.913 841.026 859.131 2534.07
1582000 835.552 843.115 863.682 2542.35
1583000 834.608 841.715 864.191 2540.51
1584000 834.929 842.632 863.128 2540.69
1585000 831.102 842.131 856.644 2529.88
1586000 831.575 843.953 858.548 2534.08
1587000 834.279 846.502 859.097 2539.88
1588000 834.229 847.353 858.7 2540.28
1589000 838.279 851.307 862.091 2551.68
1590000 840.927 853.927 865.538 2560.39
1591000 841.881 855 868.244 2565.12
1592000 839.298 853.981 866.794 2560.07
1593000 840.892 852.824 869.371 2563.09
1594000 844.575 852.683 871.43 2568.69
1595000 845.958 853.383 875.276 2574.62
1596000 844.881 852.518 875.161 2572.56
1597000 847.747 853.101 878.754 2579.6
1598000 846.362 852.505 875.886 2574.75
1599000 850.651 855.658 878.468 2584.78
1600000 849.478 851.724 876.819 2578.02
1601000 851.574 852.256 875.943 2579.77
1602000 853.744 853.371 878.316 2585.43
1603000 855.4 854.309 880.049 2589.76
1604000 858.52 858.787 882.22 2599.53
1605000 857.63 858.695 881.559 2597.88
1606000 861.965 865.152 889.075 2616.19
1607000 858.681 863.445 885.045 2607.17
1608000 862.041 866.142 886.216 2614.4
1609000 861.684 865.285 883.114 2610.08
1610000 863.995 867.592 886.496 2618.08
1611000 859.35 864.962 883.498 2607.81
1612000 859.582 866.931 884.076 2610.59
1613000 862.062 868.565 886.495 2617.12
1614000 859.751 866.283 883.463 2609.5
1615000 863.105 867.22 885.606 2615.93
1616000 868.897 872.14 891.616 2632.65
1617000 869.686 873.481 892.598 2635.77
1618000 867.838 870.853 889.951 2628.64
1619000 870.932 873.863 894.622 2639.42
1620000 869.698 874.626 896.175 2640.5
1621000 867.471 873.339 896.066 2636.88
1622000 871.605 877.792 899.866 2649.26
1623000 869.835 877.619 902.936 2650.39
1624000 872.132 878.802 906.197 2657.13
1625000 870.546 877.672 905.11 2653.33
1626000 871.127 879.399 907.224 2657.75
1627000 876.047 886.011 913.693 2675.75
1628000 878.015 885.774 915.899 2679.69
1629000 877.827 883.95 916.125 2677.9
1630000 877.9 887.17 916.236 2681.31
1631000 877.007 889.051 914.423 2680.48
1632000 880.927 893.357 917.533 2691.82
1633000 877.366 891.207 914.445 2683.02
1634000 878.257 892.131 915.405 2685.79
1635000 880.006 893.354 917.46 2690.82
1636000 881.959 896.536 922.616 2701.11
1637000 880.387 894.9 919.276 2694.56
1638000 882.095 893.442 918.859 2694.4
1639000 887.136 897.111 922.831 2707.08
1640000 886.864 893.154 919.99 2700.01
1641000 884.674 889.704 917.303 2691.68
1642000 887.099 891.043 917.974 2696.12
1643000 893.479 898.599 924.224 2716.3
1644000 890.479 894.52 922.516 2707.52
1645000 892.241 895.062 923.735 2711.04
1646000 891.373 893.498 922.055 2706.93
1647000 894.797 896.836 925.926 2717.56
1648000 894.594 896.235 925.595 2716.42
1649000 896.826 897.874 927.007 2721.71
1650000 897.959 898.191 927.541 2723.69
1651000 894.962 894.739 923.142 2712.84
1652000 897.432 896.271 924.736 2718.44
1653000 903.233 898.408 928.179 2729.82
1654000 907.282 900.621 929.913 2737.82
1655000 906.014 899.921 926.911 2732.85
1656000 909.091 901.791 927.194 2738.08
1657000 907.187 898.393 924.51 2730.09
1658000 908.318 897.69 926.13 2732.14
1659000 910.862 899.598 928.71 2739.17
1660000 911.485 902.04 930.793 2744.32
1661000 914.419 905.992 936.402 2756.81
1662000 920.949 912.154 941.28 2774.38
1663000 914.182 909.289 938.143 2761.61
1664000 915.642 910.743 939.377 2765.76
1665000 916.688 910.577 938.368 2765.63
1666000 918.807 911.913 941.096 2771.82
1667000 918.577 910.571 940.518 2769.67
1668000 919.526 912.067 942.084 2773.68
1669000 920.426 913.97 943.89 2778.29
1670000 924.23 917.506 948.196 2789.93
1671000 923.712 916.155 947.579 2787.45
1672000 925.58 919.303 950.168 2795.05
1673000 927.026 917.353 951.361 2795.74
1674000 927.238 919.807 954.63 2801.68
1675000 923.482 915.964 951.256 2790.7
1676000 925.798 919.74 954.048 2799.59
1677000 929.886 926.416 960.103 2816.4
1678000 930.387 926.951 958.742 2816.08
1679000 933.277 931.207 961.813 2826.3
1680000 927.515 926.708 958.404 2812.63
1681000 923.708 924.209 956.507 2804.42
1682000 925.409 926.961 957.034 2809.4
1683000 926.068 924.834 954.859 2805.76
1684000 929.799 927.206 957.124 2814.13
1685000 929.461 925.385 957.181 2812.03
1686000 932.075 928.354 962.703 2823.13
1687000 937.093 932.349 969.636 2839.08
1688000 937.995 928.63 971.305 2837.93
1689000 938.89 927.464 968.659 2835.01
1690000 942.553 930.357 972.265 2845.17
1691000 935.677 925.768 967.597 2829.04
1692000 937.666 928.904 969.644 2836.21
1693000 936.643 927.517 968.297 2832.46
1694000 943.603 933.575 974.361 2851.54
1695000 939.443 932.264 970.298 2842.01
1696000 941.475 937.342 971.107 2849.92
1697000 942.335 938.797 968.576 2849.71
1698000 942.808 940.568 971.319 2854.69
1699000 946.483 942.876 973.506 2862.86
1700000 945.995 942.791 972.883 2861.67
1701000 946.057 940.425 970.518 2857
1702000 951.077 943.597 974.652 2869.33
1703000 948.033 938.377 968.934 2855.34
1704000 953.158 943.424 973.427 2870.01
1705000 950.356 940.216 968.288 2858.86
1706000 949.722 939.388 967.503 2856.61
1707000 950.885 939.355 968.569 2858.81
1708000 955.507 942.039 971.868 2869.41
1709000 956.094 939.702 971.441 2867.24
1710000 956.135 939.559 971.487 2867.18
1711000 955.923 940.959 973.229 2870.11
1712000 955.614 939.604 972.208 2867.43
1713000 962.032 947.007 978.177 2887.22
1714000 963.47 947.653 977.781 2888.9
1715000 963.635 948.461 975.868 2887.96
1716000 962.671 949.898 975.09 2887.66
1717000 963.32 948.996 975.098 2887.41
1718000 967.572 953.948 980.707 2902.23
1719000 971.664 956.41 984.378 2912.45
1720000 970.216 952.612 980.424 2903.25
1721000 970.428 952.763 981.321 2904.51
1722000 976.658 957.237 986.981 2920.88
1723000 974.283 953.817 982.941 2911.04
1724000 975.381 953.533 984.416 2913.33
1725000 977.569 955.967 988.019 2921.55
1726000 970.539 951.85 980.499 2902.89
1727000 968.783 949.832 978.22 2896.83
1728000 973.869 956.654 976.48 2907
1729000 981.797 961.676 980.834 2924.31
1730000 981.791 964.321 979.995 2926.11
1731000 977.496 960.275 977.656 2915.43
1732000 976.342 958.781 977.989 2913.11
1733000 978.532 961.791 979.722 2920.05
1734000 978.749 963.697 981.173 2923.62
1735000 981.736 971.477 986.983 2940.2
1736000 983.521 972.917 987.785 2944.22
1737000 985.387 972.344 985.227 2942.96
1738000 988.385 975.228 987.731 2951.34
1739000 985.834 972.752 984.349 2942.94
1740000 984.757 972.032 984.127 2940.92
1741000 991.132 978.885 988.247 2958.26
1742000 994.207 980.71 988.679 2963.59
1743000 994.608 979.989 989.227 2963.82
1744000 994.855 979.363 989.988 2964.21
1745000 1001.08 981.316 993.403 2975.8
1746000 993.773 977.127 986.604 2957.5
1747000 991.932 974.599 984.665 2951.2
1748000 994.202 976.815 987.89 2958.91
1749000 998.921 983.276 991.927 2974.12
1750000 1004.47 988.441 996.995 2989.9
1751000 1001.96 986.85 995.739 2984.55
1752000 1000.77 987.702 995.745 2984.22
1753000 1000.1 985.053 995.524 2980.68
1754000 991.914 978.344 989.908 2960.17
1755000 993.344 980.315 992.691 2966.35
1756000 995.187 983.277 994.123 2972.59
1757000 1002.28 990.785 1000.48 2993.55
1758000 1004.39 994.186 1005.22 3003.79
1759000 1002.42 991.62 1002.09 2996.13
1760000 1002.43 991.689 999.443 2993.56
1761000 1000.73 991.931 996.166 2988.82
1762000 1002.55 993.471 998.05 2994.07
1763000 1004.55 994.017 998.759 2997.32
1764000 1006.92 994.912 999.369 3001.2
1765000 1007.67 995.688 998.249 3001.6
1766000 1006.59 993.013 995.983 2995.58
1767000 1010.82 997.369 1000.76 3008.96
1768000 1009.62 994.485 1001.46 3005.57
1769000 1013.4 998.118 1004.69 3016.21
1770000 1014.02 996.545 1005.29 3015.85
1771000 1012.39 992.983 1001.39 3006.77
1772000 1015.02 996.549 1003.75 3015.31
1773000 1012.05 990.927 1000.34 3003.31
1774000 1009.54 989.599 998.478 2997.62
1775000 1010.77 992.805 1004 3007.58
1776000 1016.32 998.482 1010.38 3025.17
1777000 1015.97 995.526 1006.62 3018.11
1778000 1017.72 995.481 1006.65 3019.85
1779000 1021.2 997.539 1010.38 3029.12
1780000 1023.6 1000.82 1012.58 3037
1781000 1026.87 1001.83 1014.59 3043.29
1782000 1026.68 1000.42 1015.22 3042.32
1783000 1032.29 1003.27 1021.54 3057.1
1784000 1029.56 1002.02 1020.12 3051.7
1785000 1027.8 1001.11 1019.45 3048.36
1786000 1029.33 1003.08 1022.52 3054.92
1787000 1028.07 1003.8 1022.91 3054.79
1788000 1028.53 1004.99 1023.56 3057.08
1789000 1025.78 1003.5 1021.13 3050.4
1790000 1028.87 1003.91 1023.87 3056.65
1791000 1027.94 1001.83 1024.81 3054.58
1792000 1027.24 1002.56 1025.44 3055.24
1793000 1026.22 1000.93 1025.03 3052.19
1794000 1036.12 1008.33 1032.64 3077.1
1795000 1035.18 1006.39 1030.79 3072.36
1796000 1038.34 1008.91 1037.72 3084.98
1797000 1036.59 1007.25 1035.88 3079.72
1798000 1036.55 1005.27 1034.46 3076.28
1799000 1035.3 1004.46 1032.39 3072.15
1800000 1037.38 1009.52 1036.48 3083.38
1801000 1033.53 1005.53 1034.73 3073.78
1802000 1039.92 1011.43 1040.7 3092.05
1803000 1038.14 1009.84 1038.76 3086.75
1804000 1043.46 1012.29 1042.66 3098.42
1805000 1046.07 1014.32 1047.88 3108.26
1806000 1043.69 1008.89 1044.75 3097.32
1807000 1045.88 1012.21 1047.76 3105.86
1808000 1044.1 1011.4 1046.48 3101.97
1809000 1043.59 1012.48 1046.27 3102.34
1810000 1044.39 1012.57 1046.68 3103.64
1811000 1047.38 1013.79 1050.68 3111.85
1812000 1051.65 1016.06 1055.47 3123.18
1813000 1053.22 1016.8 1056.58 3126.59
1814000 1058.52 1016.67 1058.89 3134.08
1815000 1058.46 1014.69 1057.06 3130.22
1816000 1058.18 1013.83 1057.06 3129.06
1817000 1056.51 1012.83 1054.88 3124.22
1818000 1067.34 1022.35 1063.45 3153.14
1819000 1065.05 1019.94 1059.85 3144.83
1820000 1061.11 1017.55 1052.23 3130.89
1821000 1064.85 1023.48 1056.53 3144.87
1822000 1064.56 1022.37 1056.41 3143.34
1823000 1070.16 1025.27 1058.62 3154.05
1824000 1071.78 1026.41 1060.99 3159.18
1825000 1069.16 1023.71 1058.57 3151.44
1826000 1072.64 1024.32 1060.65 3157.61
1827000 1075.51 1028.12 1063.65 3167.28
1828000 1076.75 1030.47 1066.08 3173.3
1829000 1079.45 1032.55 1067.34 3179.34
1830000 1079.51 1032.15 1065.58 3177.23
1831000 1082.36 1034.38 1066.47 3183.2
1832000 1079.31 1033.05 1066.41 3178.77
1833000 1078.15 1033.35 1066.61 3178.1
1834000 1073.42 1027.01 1063.39 3163.82
1835000 1073.5 1024.39 1062.17 3160.05
1836000 1076.17 1025.03 1064.72 3165.92
1837000 1078.67 1025.22 1066.79 3170.67
1838000 1076.84 1024.02 1066.03 3166.89
1839000 1075.82 1023.13 1065.28 3164.24
1840000 1080.45 1029.53 1070.83 3180.81
1841000 1083.15 1035.39 1071.64 3190.18
1842000 1076.49 1029.2 1063.51 3169.2
1843000 1086.47 1037.16 1067.97 3191.6
1844000 1085.5 1033.68 1066.95 3186.12
1845000 1090.86 1039.47 1071.38 3201.71
1846000 1088.66 1037.84 1069.13 3195.63
1847000 1087.44 1038.24 1069.71 3195.39
1848000 1089.64 1039.05 1072.76 3201.45
1849000 1089.28 1038.73 1075.39 3203.4
1850000 1096.23 1047.36 1083.36 3226.95
1851000 1093.3 1044.72 1080.78 3218.8
1852000 1091.6 1041.88 1078.75 3212.22
1853000 1093.8 1046.62 1081.73 3222.14
1854000 1094.64 1045.88 1078.22 3218.74
1855000 1093.93 1044.19 1075.32 3213.45
1856000 1094.8 1045.02 1078.53 3218.35
1857000 1091.29 1048.99 1078.67 3218.95
1858000 1092.84 1053.25 1080.59 3226.68
1859000 1094.71 1056.72 1084.21 3235.64
1860000 1092.58 1055.7 1081.9 3230.18
1861000 1092.9 1054.34 1081.79 3229.03
1862000 1099.23 1059.77 1087.31 3246.31
1863000 1098.92 1060.96 1085.68 3245.56
1864000 1095.67 1058.88 1083.26 3237.81
1865000 1104.36 1064.58 1089.45 3258.38
1866000 1099.3 1061.86 1085.49 3246.65
1867000 1094.37 1058.34 1079.83 3232.54
1868000 1102.85 1067.42 1089.91 3260.18
1869000 1099.55 1065.87 1090.13 3255.55
1870000 1101.81 1070.55 1091.11 3263.48
1871000 1101.51 1070.03 1090.51 3262.05
1872000 1105.23 1072.97 1093.5 3271.7
1873000 1105.5 1075.41 1094.45 3275.36
1874000 1106.98 1079.82 1096.9 3283.69
1875000 1106.19 1076.91 1097.57 3280.67
1876000 1106.05 1075.79 1099.38 3281.22
1877000 1106.25 1074.5 1100.53 3281.28
1878000 1106.59 1073.59 1101.48 3281.66
1879000 1104.6 1070.33 1098.2 3273.13
1880000 1107.77 1072.14 1099.37 3279.28
1881000 1112.2 1077.25 1103.12 3292.58
1882000 1112.12 1076.64 1101.36 3290.12
1883000 1105.75 1073.26 1095.01 3274.02
1884000 1107.9 1075.12 1100.69 3283.7
1885000 1108.36 1074.61 1101.61 3284.58
1886000 1112.71 1080.5 1107.69 3300.89
1887000 1116.76 1087.02 1114.26 3318.04
1888000 1116.35 1087.09 1116.8 3320.24
1889000 1114.51 1084.26 1113.2 3311.97
1890000 1112.85 1083.93 1114.08 3310.87
1891000 1112.07 1082.08 1114.2 3308.35
1892000 1113.93 1084.12 1114.02 3312.07
1893000 1118.95 1090.35 1117.33 3326.63
1894000 1121.19 1095.3 1121.95 3338.44
1895000 1120.99 1094.25 1120.24 3335.49
1896000 1125.76 1096.86 1126.69 3349.31
1897000 1120.87 1089.54 1123.63 3334.04
1898000 1124.3 1096.42 1129.61 3350.33
1899000 1124.83 1095.75 1130.7 3351.28
1900000 1127.66 1099.11 1134.11 3360.89
1901000 1125.05 1095.96 1130.08 3351.09
1902000 1127.71 1096.12 1130.3 3354.13
1903000 1124.98 1090.64 1127.22 3342.84
1904000 1126.78 1093.27 1126.86 3346.9
1905000 1129.26 1094.64 1130.2 3354.11
1906000 1132.94 1100.23 1136.48 3369.65
1907000 1130.4 1101.35 1135.64 3367.39
1908000 1129.73 1099.24 1133.51 3362.48
1909000 1133.81 1104.16 1137.35 3375.32
1910000 1134.11 1103.59 1137.38 3375.08
1911000 1135.33 1103.88 1139.12 3378.34
1912000 1138.18 1103.95 1141.09 3383.23
1913000 1139.5 1105.49 1140.53 3385.52
1914000 1140.48 1105.28 1143.85 3389.61
1915000 1143.96 1106.76 1147.97 3398.7
1916000 1142.48 1101.49 1144.79 3388.75
1917000 1147.09 1102.41 1151.37 3400.87
1918000 1152.55 1109.39 1160.13 3422.07
1919000 1149.61 1105.03 1155.77 3410.41
1920000 1151.53 1105.38 1158.16 3415.07
1921000 1151.11 1105.92 1157.8 3414.83
1922000 1153.9 1110.24 1161.33 3425.48
1923000 1155.4 1110.27 1162.57 3428.24
1924000 1151.63 1107.25 1156.75 3415.64
1925000 1154.28 1111.64 1162 3427.92
1926000 1160.8 1118.52 1168.42 3447.74
1927000 1153.86 1111.85 1161.47 3427.18
1928000 1155.15 1109.79 1161.79 3426.73
1929000 1157.99 1109.67 1163.05 3430.71
1930000 1157.29 1110.41 1161.79 3429.49
1931000 1155.06 1110.16 1161.44 3426.66
1932000 1154.64 1110.75 1160.78 3426.17
1933000 1159.5 1117.44 1164.47 3441.41
1934000 1159.01 1119.1 1166.85 3444.96
1935000 1158.73 1118.18 1166.13 3443.03
1936000 1157.21 1115.78 1166.06 3439.05
1937000 1160.96 1118.59 1168.23 3447.78
1938000 1159.26 1119.01 1167.71 3445.99
1939000 1163.98 1122.99 1172.38 3459.34
1940000 1166.15 1125 1177.39 3468.54
1941000 1165.35 1123.59 1174.26 3463.2
1942000 1169.42 1126.19 1178.54 3474.14
1943000 1169 1128.36 1180.36 3477.72
1944000 1166.76 1129.11 1182.92 3478.78
1945000 1169.37 1130.72 1185.3 3485.39
1946000 1166.46 1128.96 1178.94 3474.36
1947000 1174.24 1136.48 1185.76 3496.48
1948000 1168.9 1131.55 1181.14 3481.6
1949000 1172.64 1136.84 1182.63 3492.11
1950000 1172.05 1135.95 1184.74 3492.74
1951000 1171.87 1132.26 1180.28 3484.4
1952000 1173.66 1133.19 1178.94 3485.78
1953000 1178.22 1137.6 1182.46 3498.28
1954000 1175.52 1136.27 1183.06 3494.85
1955000 1174.38 1136.76 1181.81 3492.95
1956000 1175.36 1137.05 1179.75 3492.17
1957000 1175.15 1133.58 1179.81 3488.54
1958000 1180.45 1136.27 1181.08 3497.79
1959000 1186.81 1137.71 1185.84 3510.36
1960000 1190.12 1137.9 1187.44 3515.46
1961000 1191.59 1138.78 1191.57 3521.94
1962000 1190.71 1137.26 1191.21 3519.19
1963000 1189.49 1134.92 1187.77 3512.17
1964000 1195.19 1140.57 1195.09 3530.85
1965000 1196.68 1141.06 1198.44 3536.18
1966000 1199.53 1143.34 1200.91 3543.78
1967000 1195.3 1139.25 1198.76 3533.3
1968000 1197.35 1140.49 1202.39 3540.23
1969000 1201.35 1143.24 1203.49 3548.08
1970000 1202.86 1145.27 1202.27 3550.4
1971000 1209.17 1150.09 1205.35 3564.61
1972000 1205.97 1148.13 1204.04 3558.14
1973000 1209.05 1151.94 1207.82 3568.81
1974000 1208.36 1149.38 1206.91 3564.65
1975000 1208.9 1147.89 1205.51 3562.29
1976000 1209.85 1147.13 1203.92 3560.89
1977000 1213.95 1150.43 1208 3572.38
1978000 1216.71 1151.51 1208.72 3576.94
1979000 1224.01 1155.14 1211.1 3590.25
1980000 1222.68 1152.91 1207.09 3582.69
1981000 1221.76 1153.5 1206.9 3582.15
1982000 1229.32 1161.06 1212.34 3602.72
1983000 1231.09 1160.47 1212.5 3604.05
1984000 1239.67 1167.29 1220.63 3627.58
1985000 1240.64 1170.33 1220.78 3631.75
1986000 1237.55 1165.9 1218.03 3621.48
1987000 1237.64 1168.29 1220.64 3626.56
1988000 1237.82 1167.9 1219.14 3624.86
1989000 1232.45 1161.01 1211.54 3604.99
1990000 1236.58 1168.54 1218.19 3623.3
1991000 1240.71 1169.43 1221.14 3631.28
1992000 1242.31 1170.59 1222.58 3635.48
1993000 1245.73 1171.94 1224.18 3641.86
1994000 1253.06 1179.72 1231.03 3663.82
1995000 1249.32 1175.2 1226.38 3650.9
1996000 1249.48 1174.19 1223.56 3647.23
1997000 1247.18 1173.7 1220.74 3641.61
1998000 1247.25 1172.45 1219.57 3639.27
1999000 1249.2 1174.93 1223.31 3647.44
2000000 1255.46 1181.52 1229.27 3666.26
2001000 1259.73 1186.46 1232.98 3679.17
2002000 1257.33 1183.16 1228.24 3668.73
2003000 1255.47 1181.28 1223.36 3660.12
2004000 1260.8 1183.88 1227.55 3672.23
2005000 1259.5 1183.43 1228.29 3671.22
2006000 1256.84 1182.62 1225.45 3664.91
2007000 1257.81 1187.54 1231.72 3677.07
2008000 1259.56 1191.6 1233.81 3684.97
2009000 1266.24 1195.29 1239.03 3700.56
2010000 1266.7 1193.51 1238.34 3698.55
2011000 1261.44 1185.96 1230.94 3678.34
2012000 1265.2 1188.61 1233.76 3687.57
2013000 1265.64 1191.57 1236.42 3693.64
2014000 1271.1 1194.93 1238.81 3704.84
2015000 1267.49 1192.81 1233.06 3693.36
2016000 1271.76 1199.2 1237.52 3708.48
2017000 1276.21 1203.22 1240.77 3720.2
2018000 1272.25 1196.95 1232.69 3701.89
2019000 1269.23 1196.69 1230.17 3696.09
2020000 1283.11 1209.7 1246.43 3739.24
2021000 1283.54 1209.61 1247.79 3740.93
2022000 1283.23 1209.35 1247.83 3740.42
2023000 1277.96 1204.87 1239.38 3722.21
2024000 1283.29 1211.09 1243.58 3737.96
2025000 1283.64 1211.69 1240.9 3736.23
2026000 1284.55 1212.51 1242.9 3739.97
2027000 1278.02 1209.5 1238.57 3726.09
2028000 1273.79 1206.31 1237.51 3717.61
2029000 1274.51 1208.5 1238.78 3721.8
2030000 1276.75 1210.66 1238.99 3726.4
2031000 1278.62 1211.5 1237.78 3727.9
2032000 1283.44 1215.69 1243.48 3742.61
2033000 1283.33 1214.82 1241.4 3739.55
2034000 1283.05 1214.96 1241.35 3739.36
2035000 1285.5 1214.34 1247.32 3747.16
2036000 1284.62 1213.7 1248.6 3746.92
2037000 1284.37 1212.44 1248.73 3745.55
2038000 1285.16 1212.46 1246.48 3744.09
2039000 1289.6 1218.62 1253.66 3761.88
2040000 1284.5 1217.38 1250.65 3752.53
2041000 1280.39 1215.63 1247.54 3743.56
2042000 1286.45 1219.56 1251.27 3757.28
2043000 1287.59 1221.4 1251.89 3760.88
2044000 1291.52 1226.51 1255.78 3773.8
2045000 1294.64 1228.16 1257.37 3780.16
2046000 1296.47 1229.13 1256.41 3782.01
2047000 1296.05 1229.07 1258.8 3783.92
2048000 1298.52 1231.01 1260.77 3790.31
2049000 1297.59 1235.01 1259.66 3792.26
2050000 1302.5 1236.46 1261.59 3800.56
2051000 1299.8 1234.11 1260.45 3794.36
2052000 1302.69 1238.25 1265.05 3805.99
2053000 1300.79 1237.81 1262.77 3801.37
2054000 1300.75 1239.33 1263.67 3803.76
2055000 1303.3 1243.44 1269.3 3816.04
2056000 1294.21 1236.97 1263 3794.18
2057000 1296.23 1238.57 1262.52 3797.32
2058000 1309.63 1245.46 1266.46 3821.55
2059000 1308.94 1246.83 1265.39 3821.16
2060000 1312.77 1249.91 1269.19 3831.87
2061000 1316.32 1251.57 1272.36 3840.24
2062000 1315.17 1248.87 1273.35 3837.4
2063000 1309.66 1241.57 1268.53 3819.75
2064000 1313.72 1246.32 1271.7 3831.75
2065000 1321.5 1253.47 1280.01 3854.98
2066000 1314.29 1247.83 1274.37 3836.49
2067000 1322.26 1252.94 1280.95 3856.14
2068000 1324.45 1255.97 1283.76 3864.19
2069000 1323.49 1253.67 1282.79 3859.96
2070000 1314.57 1247.61 1276.53 3838.71
2071000 1311.07 1243.12 1272.08 3826.27
2072000 1320.72 1253.61 1280.12 3854.45
2073000 1327.17 1260.79 1285.71 3873.67
2074000 1320.88 1257.72 1280.75 3859.35
2075000 1322 1256.05 1281.01 3859.06
2076000 1323.53 1257.05 1280.95 3861.53
2077000 1323.95 1257.71 1280.04 3861.7
2078000 1325.11 1258.93 1278.71 3862.75
2079000 1331.28 1265.84 1283.39 3880.5
2080000 1327.89 1265.13 1283.85 3876.87
2081000 1323.66 1261.21 1282.39 3867.27
2082000 1330.58 1268.11 1293.32 3892
2083000 1330.25 1266.44 1292.69 3889.37
2084000 1330.5 1269.21 1292.98 3892.69
2085000 1326.63 1265.71 1287.89 3880.23
2086000 1332.12 1267.66 1291.45 3891.23
2087000 1331.85 1268 1290.78 3890.63
2088000 1339.53 1272.48 1298.61 3910.62
2089000 1332.59 1265.49 1294.51 3892.59
2090000 1332.56 1264.32 1294.92 3891.79
2091000 1337.03 1267.06 1299.54 3903.63
2092000 1339.26 1267.68 1299.54 3906.49
2093000 1337.3 1266.04 1298.94 3902.29
2094000 1339.55 1265.49 1297.86 3902.9
2095000 1338.64 1263.48 1294.43 3896.55
2096000 1340.44 1263.07 1296.29 3899.81
2097000 1342.14 1265.99 1297.29 3905.42
2098000 1344.7 1269.18 1298.13 3912.01
2099000 1341.72 1265.45 1295.7 3902.87
2100000 1346.67 1269.87 1303.15 3919.69
2101000 1345.79 1269.18 1302.9 3917.87
2102000 1351.44 1270.48 1306.74 3928.66
2103000 1344.98 1265.45 1304.92 3915.35
2104000 1344.54 1266.98 1306.79 3918.31
2105000 1346.77 1269.01 1309.8 3925.58
2106000 1351.19 1273.49 1316.37 3941.04
2107000 1347.43 1270.86 1314.69 3932.98
2108000 1348.58 1273.01 1315.47 3937.06
2109000 1348.73 1273.81 1315.1 3937.64
2110000 1350.46 1273.37 1316.42 3940.25
2111000 1358.12 1279.18 1319.96 3957.26
2112000 1360.21 1279.37 1322.34 3961.92
2113000 1355.92 1278.6 1321.56 3956.08
2114000 1357.24 1280.79 1323.67 3961.7
2115000 1361.53 1286.26 1332.05 3979.84
2116000 1350.97 1278.35 1324.11 3953.42
2117000 1348.87 1276.65 1320.52 3946.04
2118000 1353.18 1277.98 1319.83 3950.98
2119000 1356.06 1277.44 1322.1 3955.59
2120000 1360.56 1279.91 1326.07 3966.54
2121000 1362.05 1279.56 1325.07 3966.69
2122000 1358.79 1276.51 1320.93 3956.22
2123000 1364.43 1280.7 1324.74 3969.86
2124000 1367.27 1283.68 1324.51 3975.46
2125000 1365.56 1281.65 1321.53 3968.74
2126000 1362.69 1280.31 1320.15 3963.14
2127000 1358.06 1280.34 1316.73 3955.13
2128000 1356.87 1280.9 1317.63 3955.4
2129000 1367.03 1289.35 1324.63 3981
2130000 1368.29 1291.99 1325.34 3985.62
2131000 1370.16 1292.73 1324.71 3987.6
2132000 1373.01 1294.24 1330.15 3997.4
2133000 1368.89 1289.11 1329.07 3987.07
2134000 1371.59 1288.78 1326.14 3986.51
2135000 1369.13 1286.61 1321.93 3977.67
2136000 1375.4 1291.9 1324.33 3991.63
2137000 1379.42 1296.87 1329.24 4005.53
2138000 1379.15 1294.51 1328.72 4002.38
2139000 1378.68 1297.25 1327.79 4003.72
2140000 1388.29 1306.18 1334.82 4029.29
2141000 1385.75 1301.7 1332.6 4020.04
2142000 1395.22 1309.38 1340.04 4044.65
2143000 1392.45 1308.22 1336.14 4036.8
2144000 1393.77 1311.47 1336.84 4042.08
2145000 1387.01 1308.82 1331.39 4027.21
2146000 1390.83 1307.9 1331.45 4030.18
2147000 1389.53 1304.37 1326.18 4020.08
2148000 1398.97 1310.26 1330.99 4040.22
2149000 1406.91 1316.53 1335.16 4058.6
2150000 1397.44 1310.08 1325.36 4032.87
2151000 1395.63 1309.04 1322.33 4027
2152000 1402.32 1311.18 1327.88 4041.38
2153000 1413.74 1315.24 1335.32 4064.29
2154000 1412.16 1313.22 1332.35 4057.73
2155000 1417.81 1314.99 1335.44 4068.24
2156000 1416.78 1314.64 1330.82 4062.24
2157000 1417.18 1315.54 1331.34 4064.07
2158000 1418.88 1320.73 1332.87 4072.48
2159000 1417.03 1319.52 1332.42 4068.97
2160000 1414.31 1320.12 1330.74 4065.17
2161000 1413.56 1320.04 1330.58 4064.17
2162000 1418.61 1324.17 1336.6 4079.38
2163000 1419.09 1327.26 1338.86 4085.22
2164000 1430.36 1334.45 1345.03 4109.84
2165000 1423.88 1328.16 1342.59 4094.63
2166000 1420.55 1327.13 1341.1 4088.79
2167000 1422.5 1330.12 1343.19 4095.81
2168000 1424.53 1331.14 1340.17 4095.84
2169000 1426.56 1330.69 1342.49 4099.73
2170000 1431.29 1331 1344.83 4107.12
2171000 1427.7 1324.19 1340.5 4092.39
2172000 1427.47 1325.74 1344.07 4097.28
2173000 1439.22 1335.35 1353.95 4128.51
2174000 1432.19 1330.78 1349.81 4112.77
2175000 1432.71 1331.28 1347.83 4111.82
2176000 1434.94 1331.79 1347.77 4114.51
2177000 1436.45 1334.94 1351.21 4122.61
2178000 1442.86 1342.07 1358.92 4143.85
2179000 1436.34 1338.58 1354.37 4129.3
2180000 1436.11 1340.46 1355.73 4132.31
2181000 1441.7 1347.89 1359.93 4149.52
2182000 1436.83 1342.12 1353.79 4132.75
2183000 1440.18 1346.64 1356.11 4142.93
2184000 1441.96 1348.36 1359.08 4149.4
2185000 1438.99 1344.57 1355.48 4139.05
2186000 1439.05 1344.44 1357.12 4140.61
2187000 1441.48 1348.44 1360.41 4150.33
2188000 1441.91 1352.89 1363.5 4158.31
2189000 1444.31 1357.48 1368.76 4170.55
2190000 1443.66 1353.72 1367.61 4164.99
2191000 1444.76 1353.75 1370.58 4169.09
2192000 1443.16 1351.37 1368.48 4163
2193000 1439.02 1345.07 1365.06 4149.14
2194000 1442.04 1347.44 1367.69 4157.17
2195000 1446.24 1349.97 1371.39 4167.59
2196000 1444.56 1350.07 1366.96 4161.59
2197000 1448.49 1353.11 1369.76 4171.37
2198000 1447.49 1352.2 1369.14 4168.84
2199000 1445.52 1351.11 1365.43 4162.06
2200000 1448.47 1351.7 1366.01 4166.17
2201000 1447.92 1350.68 1364.66 4163.26
2202000 1451.57 1356.57 1367.37 4175.51
2203000 1448.8 1356.89 1366.28 4171.97
2204000 1438.72 1349.54 1362.19 4150.45
2205000 1448.43 1357.03 1372.49 4177.95
2206000 1451.94 1357.9 1374.87 4184.7
2207000 1454.34 1357.16 1374.82 4186.32
2208000 1456.28 1360.23 1376.35 4192.85
2209000 1451.53 1360.08 1375.5 4187.11
2210000 1454.05 1368.15 1382.76 4204.96
2211000 1450.82 1366.32 1379.23 4196.38
2212000 1455.21 1368.62 1381.34 4205.17
2213000 1462.02 1370.81 1390.17 4223
2214000 1456.93 1364.95 1386.52 4208.4
2215000 1457.29 1369.44 1390.01 4216.74
2216000 1460.18 1374.09 1392.3 4226.57
2217000 1462.79 1372.9 1395.38 4231.06
2218000 1460.18 1369.95 1392.63 4222.75
2219000 1466.31 1375.42 1399.16 4240.88
2220000 1463.26 1376.28 1397.49 4237.03
2221000 1467.09 1383.88 1403.33 4254.3
2222000 1462.15 1380.77 1398.39 4241.31
2223000 1464.39 1384.96 1401.88 4251.22
2224000 1463.01 1387.02 1401.66 4251.69
2225000 1459.61 1386.22 1395.61 4241.44
2226000 1463.15 1391.19 1398.03 4252.37
2227000 1464.59 1391.34 1398.76 4254.69
2228000 1469.77 1394.54 1402.83 4267.14
2229000 1475.77 1398.67 1408.78 4283.23
2230000 1476.43 1392.62 1404.66 4273.71
2231000 1474.53 1387.47 1397.95 4259.96
2232000 1480.96 1392.33 1401.59 4274.88
2233000 1484.45 1397.63 1407.91 4290
2234000 1486.93 1401.59 1413.97 4302.49
2235000 1485.03 1400.06 1410.98 4296.08
2236000 1482.34 1398.41 1407.9 4288.65
2237000 1489.27 1405.59 1415.38 4310.24
2238000 1492.1 1409.54 1419.34 4320.98
2239000 1494.07 1407.87 1415.67 4317.61
2240000 1493.71 1408.29 1412.8 4314.8
2241000 1498.61 1412.58 1416.34 4327.53
2242000 1496.77 1410.61 1413.8 4321.17
2243000 1499.12 1411.87 1413.04 4324.03
2244000 1496.53 1413.87 1409.02 4319.42
2245000 1500.93 1417.86 1410.49 4329.28
2246000 1499.2 1419.12 1408.58 4326.9
2247000 1495.15 1417.1 1405.95 4318.19
2248000 1498.4 1424.03 1410.05 4332.48
2249000 1498.49 1425.4 1410.23 4334.12
2250000 1497.89 1429.12 1411.49 4338.5
2251000 1503.11 1432.4 1413.77 4349.27
2252000 1502.75 1433.83 1412.52 4349.1
2253000 1500.28 1432.41 1415.05 4347.74
2254000 1495.85 1431.23 1410.28 4337.36
2255000 1496.36 1433.68 1411.04 4341.08
2256000 1500.66 1438.13 1414.84 4353.63
2257000 1501.83 1438.16 1416.57 4356.56
2258000 1506.96 1447.5 1421.87 4376.33
2259000 1504.74 1446.77 1421.05 4372.55
2260000 1504.16 1447.69 1424 4375.86
2261000 1512.81 1455.02 1430.3 4398.14
2262000 1514.13 1456.2 1431.86 4402.18
2263000 1509.07 1453.14 1428.07 4390.29
2264000 1506.67 1452.76 1427.65 4387.08
2265000 1501.9 1451.39 1426.81 4380.11
2266000 1510.15 1458.14 1430.32 4398.61
2267000 1513.8 1462.36 1433.37 4409.53
2268000 1516.3 1462.2 1431.7 4410.2
2269000 1515.58 1463.6 1432.66 4411.84
2270000 1522.63 1468.75 1438.51 4429.88
2271000 1520.27 1468.95 1436.97 4426.19
2272000 1512.67 1460.31 1432.2 4405.17
2273000 1516.3 1466.82 1439.38 4422.5
2274000 1514.74 1467.8 1440.28 4422.82
2275000 1514.69 1470.29 1441.54 4426.52
2276000 1514.77 1469.37 1440.18 4424.33
2277000 1515.96 1469.45 1440.59 4425.99
2278000 1518.57 1471.15 1442.13 4431.85
2279000 1518.78 1470.79 1444.26 4433.82
2280000 1517.93 1473.1 1448.69 4439.71
2281000 1518.53 1475.52 1451.05 4445.1
2282000 1516.48 1472.75 1451.77 4441
2283000 1517.91 1472.35 1451.68 4441.94
2284000 1514.63 1465.43 1447.98 4428.04
2285000 1518.23 1472.09 1454 4444.32
2286000 1519.33 1474.04 1454.83 4448.19
2287000 1518.06 1470.58 1452.35 4440.98
2288000 1524.09 1478.36 1457.4 4459.85
2289000 1528.18 1485.52 1462.25 4475.96
2290000 1527.69 1486.08 1461.39 4475.16
2291000 1516.37 1478.73 1452.79 4447.89
2292000 1522.04 1483.96 1460.83 4466.84
2293000 1514.07 1479.05 1456.73 4449.85
2294000 1515.86 1479.26 1455.21 4450.32
2295000 1519.45 1482.27 1458.78 4460.5
2296000 1525.46 1485.25 1463.07 4473.78
2297000 1526.01 1487.24 1465.08 4478.33
2298000 1522.85 1482.55 1462.76 4468.16
2299000 1516.22 1475.46 1460.12 4451.8
2300000 1516.92 1477.59 1465.53 4460.03
2301000 1527.21 1486.29 1475.27 4488.77
2302000 1525.64 1484.93 1476.96 4487.53
2303000 1525.42 1481.13 1478.17 4484.73
2304000 1534.05 1493.82 1487.18 4515.05
2305000 1524.56 1484.75 1478.77 4488.09
2306000 1529.26 1487.51 1482.56 4499.32
2307000 1527.79 1487.74 1481.74 4497.28
2308000 1529.97 1487.33 1482.68 4499.99
2309000 1529.5 1487.82 1480.75 4498.07
2310000 1529.96 1489.45 1482.09 4501.5
2311000 1529.18 1489.11 1483.09 4501.38
2312000 1532.96 1489.17 1486.85 4508.98
2313000 1535.49 1492.94 1490.6 4519.03
2314000 1529.81 1489.52 1486.13 4505.46
2315000 1536.51 1493.46 1491.42 4521.4
2316000 1537.23 1494.17 1493.13 4524.53
2317000 1533.76 1490.56 1491.25 4515.58
2318000 1532.2 1489.44 1490.51 4512.15
2319000 1531.51 1489.53 1490.61 4511.65
2320000 1534.29 1493.81 1492.63 4520.74
2321000 1535.93 1495.22 1490.85 4521.99
2322000 1537.48 1495.66 1488.56 4521.7
2323000 1537.12 1493.69 1489.21 4520.02
2324000 1534.99 1490.07 1486.73 4511.79
2325000 1535.96 1491.12 1493.89 4520.98
2326000 1541.17 1493.67 1498.71 4533.55
2327000 1540.23 1490.27 1496.4 4526.9
2328000 1542.79 1492.83 1500.09 4535.71
2329000 1551.42 1498.51 1507.79 4557.72
2330000 1549.24 1495.11 1504.52 4548.86
2331000 1549.57 1496.48 1503.55 4549.59
2332000 1546.76 1491.76 1503.07 4541.59
2333000 1550.04 1495.15 1505.5 4550.69
2334000 1547.99 1493.78 1502.68 4544.44
2335000 1554.75 1497.35 1506.15 4558.25
2336000 1552.54 1494.37 1507.6 4554.52
2337000 1553.71 1491.09 1505.74 4550.54
2338000 1553.6 1491.63 1508.44 4553.67
2339000 1548.45 1489.59 1507.11 4545.15
2340000 1548.08 1488.68 1508.54 4545.3
2341000 1549.27 1491.84 1514.7 4555.81
2342000 1551.18 1493.54 1517.38 4562.1
2343000 1550.44 1491.84 1517.15 4559.43
2344000 1550.35 1491.82 1518.53 4560.69
2345000 1549.69 1492.43 1517.44 4559.56
2346000 1551.5 1494.92 1523.11 4569.52
2347000 1546.61 1488.84 1515.4 4550.85
2348000 1553.44 1495.86 1522.63 4571.93
2349000 1549.69 1493.16 1518.24 4561.09
2350000 1555.58 1497.28 1523.68 4576.54
2351000 1560.02 1503.26 1528 4591.29
2352000 1555.76 1499.33 1523.99 4579.08
2353000 1562.75 1504.8 1527.92 4595.47
2354000 1556.23 1502.01 1519.78 4578.02
2355000 1556.78 1504.02 1521.27 4582.06
2356000 1560.04 1506.3 1526.08 4592.42
2357000 1555.12 1502.16 1520.33 4577.6
2358000 1559.27 1506.91 1521.27 4587.46
2359000 1556.49 1502.5 1516.59 4575.58
2360000 1561.45 1505.92 1520.98 4588.35
2361000 1567.23 1509.1 1525.73 4602.06
2362000 1560.02 1501.04 1518.18 4579.24
2363000 1564.14 1503.24 1518.28 4585.66
2364000 1567.68 1504.84 1521.15 4593.68
2365000 1577.35 1516.46 1529.68 4623.49
2366000 1578.94 1514.81 1528.76 4622.51
2367000 1576.12 1512.18 1523.74 4612.03
2368000 1580.25 1515.97 1523.77 4619.98
2369000 1580.98 1519.42 1524.26 4624.66
2370000 1582.71 1521.42 1525.97 4630.09
2371000 1580.75 1517.55 1524.19 4622.49
2372000 1573.06 1506.63 1517.85 4597.54
2373000 1580.24 1514.25 1522.57 4617.07
2374000 1587.31 1520.8 1530.36 4638.47
2375000 1588.12 1521.23 1529.81 4639.16
2376000 1588.34 1521.11 1530.1 4639.55
2377000 1588.46 1520.03 1528.16 4636.65
2378000 1590.15 1518.38 1526.72 4635.25
2379000 1583.98 1512.64 1522.53 4619.14
2380000 1586.85 1515.48 1524.44 4626.77
2381000 1590.52 1517.69 1526.95 4635.17
2382000 1595.22 1521.41 1532.13 4648.75
2383000 1590.92 1514.08 1528.98 4633.98
2384000 1584.92 1510.58 1524.7 4620.2
2385000 1591.54 1518 1532.15 4641.69
2386000 1590.45 1518.95 1531.11 4640.5
2387000 1592.92 1521.77 1534.42 4649.12
2388000 1592.44 1520.79 1532.79 4646.02
2389000 1596.67 1526.63 1537.47 4660.77
2390000 1609.97 1536.05 1548.33 4694.35
2391000 1604.44 1529.23 1543.69 4677.36
2392000 1604.83 1529.2 1546.46 4680.49
2393000 1603.05 1529.03 1543.28 4675.36
2394000 1606.87 1533.94 1544.97 4685.78
2395000 1608.7 1534.41 1549.94 4693.05
2396000 1612.11 1534.95 1553.63 4700.69
2397000 1623.5 1542.73 1559.36 4725.6
2398000 1620.06 1539.6 1553.82 4713.48
2399000 1612.48 1531.48 1546.77 4690.73
2400000 1616.06 1534.04 1550.93 4701.04
2401000 1629.3 1547.53 1565.07 4741.89
2402000 1626.68 1546.27 1558.87 4731.83
2403000 1626.95 1548.79 1560.03 4735.77
2404000 1620.66 1545.64 1557.98 4724.28
2405000 1619.8 1544.39 1556.92 4721.1
2406000 1624.41 1547.84 1557.73 4729.98
2407000 1624.89 1551.16 1556.79 4732.83
2408000 1629.32 1553.75 1559.7 4742.77
2409000 1627.04 1552.52 1559.6 4739.17
2410000 1629.43 1554.15 1561.59 4745.16
2411000 1624.49 1550.67 1557 4732.16
2412000 1621.26 1550.95 1555.49 4727.7
2413000 1620.79 1551.02 1553.7 4725.51
2414000 1622.35 1552.26 1549.66 4724.27
2415000 1618.71 1547.41 1543.68 4709.8
2416000 1620.67 1550.58 1545.59 4716.84
2417000 1630.18 1560.23 1554.4 4744.81
2418000 1625.07 1555.26 1552.57 4732.9
2419000 1613.43 1550.57 1547.86 4711.85
2420000 1620.42 1558.57 1554.92 4733.91
2421000 1624.31 1558.49 1557.4 4740.2
2422000 1621.65 1557.75 1556.58 4735.98
2423000 1622.13 1558.62 1555.7 4736.44
2424000 1624.09 1560.26 1555.42 4739.77
2425000 1620.52 1557.24 1549.8 4727.56
2426000 1619.1 1553.49 1545.22 4717.81
2427000 1617.75 1551.44 1546.96 4716.16
2428000 1622.27 1554.36 1551.44 4728.07
2429000 1622.69 1554.82 1553.22 4730.72
2430000 1632.28 1565.8 1560.24 4758.33
2431000 1629.47 1563.48 1558.7 4751.65
2432000 1630.73 1564.53 1560.64 4755.9
2433000 1622.47 1559.11 1551.88 4733.46
2434000 1626.81 1561.94 1555.02 4743.77
2435000 1627.44 1559.97 1553.32 4740.73
2436000 1629.6 1563.38 1556.2 4749.18
2437000 1630.37 1565.84 1559.62 4755.82
2438000 1631.38 1566.46 1563.28 4761.12
2439000 1630.61 1567.29 1561.92 4759.82
2440000 1632.15 1568.76 1564.38 4765.28
2441000 1629.83 1563.37 1562.02 4755.21
2442000 1635.39 1567.11 1570.53 4773.03
2443000 1634.59 1564.48 1566.7 4765.78
2444000 1638.04 1567.06 1569.41 4774.52
2445000 1645.24 1570.56 1573.54 4789.33
2446000 1646.06 1570.83 1574.62 4791.51
2447000 1651.03 1573.21 1577.46 4801.7
2448000 1638.53 1560.8 1565.33 4764.65
2449000 1640.5 1563.61 1569.44 4773.54
2450000 1644.09 1566 1570.73 4780.81
2451000 1642.34 1563.87 1569.75 4775.96
2452000 1645.01 1561.87 1569.44 4776.31
2453000 1647.83 1562.17 1570.76 4780.76
2454000 1656.7 1570.39 1580.86 4807.95
2455000 1661.28 1574.57 1585.26 4821.1
2456000 1659.98 1573.16 1583.89 4817.03
2457000 1652.67 1561.9 1573.3 4787.87
2458000 1658.8 1567.07 1575.75 4801.62
2459000 1660.38 1567.3 1574.54 4802.21
2460000 1661.64 1569.97 1576.47 4808.09
2461000 1656.5 1570 1578.53 4805.02
2462000 1656 1568.41 1578.07 4802.47
2463000 1660.7 1574.09 1583.57 4818.36
2464000 1662.82 1577.66 1586.44 4826.91
2465000 1657.66 1572.9 1582.07 4812.63
2466000 1660.05 1573.71 1586.33 4820.09
2467000 1656.16 1573.4 1584.28 4813.84
2468000 1661.08 1576.99 1584.86 4822.93
2469000 1660.54 1579.07 1586.3 4825.91
2470000 1660.54 1582.46 1587.88 4830.88
2471000 1663.33 1584.61 1591.39 4839.33
2472000 1661.53 1583.59 1589.85 4834.96
2473000 1654.95 1579.8 1585.65 4820.4
2474000 1658.13 1581.44 1590.08 4829.65
2475000 1662.92 1583.1 1593.86 4839.88
2476000 1662 1582 1594.05 4838.05
2477000 1666.92 1587.83 1600.79 4855.55
2478000 1663.82 1585.78 1601.91 4851.51
2479000 1667.94 1584.77 1601.28 4853.99
2480000 1668.36 1586.75 1602.62 4857.74
2481000 1670.8 1590.97 1609 4870.78
2482000 1665 1587.68 1605.86 4858.55
2483000 1669.36 1596.11 1611.64 4877.11
2484000 1669.27 1595.08 1609.69 4874.04
2485000 1663.33 1589.28 1602.48 4855.08
2486000 1667.14 1592.11 1604.6 4863.84
2487000 1671.26 1596.81 1608.99 4877.06
2488000 1670.29 1594.76 1609.58 4874.62
2489000 1677.42 1600.61 1613.89 4891.92
2490000 1680.22 1605.26 1614.29 4899.77
2491000 1677.3 1603.24 1612.94 4893.48
2492000 1674.04 1599.78 1609.32 4883.15
2493000 1681.62 1609.01 1616.06 4906.69
2494000 1682.56 1612.35 1616.59 4911.51
2495000 1683.1 1612.98 1615.58 4911.67
2496000 1682.78 1613.38 1617.03 4913.19
2497000 1685.79 1618.37 1622.9 4927.06
2498000 1686.49 1616.69 1621.67 4924.86
2499000 1688.21 1620.24 1624.51 4932.96
2500000 1684.27 1616.21 1620.74 4921.22
2501000 1682.03 1614.78 1622.26 4919.08
2502000 1686.83 1620.73 1628.2 4935.77
2503000 1687.02 1622.98 1632.25 4942.25
2504000 1689.69 1623.72 1633.75 4947.16
2505000 1690.99 1624.36 1633.53 4948.89
2506000 1696.45 1623.78 1637.02 4957.25
2507000 1701.92 1627.48 1641.9 4971.3
2508000 1691.49 1618.92 1631.33 4941.74
2509000 1692.62 1619.36 1630.88 4942.86
2510000 1699.78 1626.68 1640.26 4966.72
2511000 1700.12 1626.38 1640.02 4966.52
2512000 1693.53 1626.53 1635.89 4955.96
2513000 1695.36 1631.72 1638.87 4965.95
2514000 1695.53 1636.13 1638.33 4969.99
2515000 1698.76 1641.1 1642.33 4982.18
2516000 1696.26 1634.85 1637.5 4968.61
2517000 1692.42 1632.97 1635.7 4961.08
2518000 1692.15 1634.07 1637.28 4963.5
2519000 1692.04 1635.83 1640.71 4968.59
2520000 1694.61 1639.44 1645.86 4979.91
2521000 1700.17 1643.75 1649.58 4993.5
2522000 1708.03 1650.07 1656.4 5014.51
2523000 1701.89 1642.56 1653.15 4997.6
2524000 1697.4 1634.78 1648.95 4981.14
2525000 1695.88 1634.48 1650.27 4980.62
2526000 1702.43 1642.39 1661.01 5005.83
2527000 1701.79 1638.1 1659.42 4999.31
2528000 1706.21 1635.22 1656.22 4997.65
2529000 1709.32 1638.02 1656.88 5004.22
2530000 1718.39 1644.66 1665.08 5028.13
2531000 1720.48 1643.03 1664.77 5028.28
2532000 1718.49 1638.27 1662.3 5019.06
2533000 1729.6 1647.2 1669.49 5046.29
2534000 1721.89 1643.27 1665.52 5030.68
2535000 1715.84 1642.94 1662.06 5020.85
2536000 1714.29 1642.94 1660.13 5017.36
2537000 1713.85 1642.68 1657.68 5014.21
2538000 1710.73 1640.45 1655.96 5007.14
2539000 1715.37 1646.08 1661.23 5022.68
2540000 1719.79 1650.18 1661.93 5031.9
2541000 1713.62 1647.34 1657.37 5018.33
2542000 1713.95 1647.57 1657.39 5018.91
2543000 1718.64 1652.43 1662.09 5033.16
2544000 1718.82 1653.4 1660.6 5032.82
2545000 1712.23 1648.06 1654.76 5015.05
2546000 1717.69 1654.34 1658.17 5030.19
2547000 1717.13 1654.42 1656.96 5028.51
2548000 1717.5 1654.51 1656.47 5028.48
2549000 1722.3 1658.22 1659.57 5040.09
2550000 1725.74 1664.23 1660.14 5050.11
2551000 1727.58 1663.3 1661.01 5051.88
2552000 1716.57 1651.72 1652.87 5021.16
2553000 1721.39 1656.47 1659.83 5037.7
2554000 1727.92 1659.78 1664.22 5051.93
2555000 1726.98 1655.25 1660.8 5043.03
2556000 1732.51 1658.84 1666.03 5057.38
2557000 1734.92 1659.91 1669.95 5064.78
2558000 1737.42 1663.14 1672.59 5073.16
2559000 1736.86 1664.45 1676.28 5077.59
2560000 1735.71 1659.77 1676.64 5072.12
2561000 1733.44 1655.07 1672.96 5061.47
2562000 1739.03 1655.08 1675.75 5069.86
2563000 1744.32 1662.07 1682.78 5089.17
2564000 1743.64 1661.31 1679.83 5084.78
2565000 1742.71 1658.75 1677.95 5079.41
2566000 1747.6 1661.84 1682.15 5091.59
2567000 1750.29 1663.22 1681.11 5094.62
2568000 1755.46 1670.62 1690.14 5116.22
2569000 1753.74 1666.88 1686.46 5107.08
2570000 1744.77 1656.36 1677.21 5078.33
2571000 1748.21 1657.93 1679.47 5085.61
2572000 1745.65 1656.78 1676.3 5078.73
2573000 1748.21 1659.05 1680.43 5087.69
2574000 1756.35 1668.99 1688.98 5114.32
2575000 1751.87 1666.41 1684.93 5103.21
2576000 1756.59 1668.84 1687.65 5113.08
2577000 1754.84 1667.94 1684.88 5107.65
2578000 1752.06 1665.36 1682.15 5099.56
2579000 1750.89 1667.12 1681.12 5099.13
2580000 1762.05 1676.67 1689.71 5128.43
2581000 1757.85 1673.29 1685.7 5116.85
2582000 1768.8 1681.91 1693.22 5143.94
2583000 1762.84 1675.33 1688.55 5126.71
2584000 1764.1 1674.76 1690.33 5129.19
2585000 1763.23 1671.32 1687.91 5122.46
2586000 1759.2 1667.58 1686.44 5113.22
2587000 1765.38 1673.43 1694.35 5133.16
2588000 1779.65 1685.68 1705.12 5170.45
2589000 1775.08 1686.25 1705.62 5166.95
2590000 1773.51 1686.57 1704.49 5164.58
2591000 1776.14 1685.62 1704.69 5166.45
2592000 1775.09 1685.17 1703.72 5163.98
2593000 1781.32 1689.75 1703.58 5174.65
2594000 1779.51 1686.82 1702.99 5169.32
2595000 1771.71 1679.7 1697.26 5148.67
2596000 1776.48 1683.78 1701.23 5161.49
2597000 1774.88 1682.79 1697.17 5154.84
2598000 1774.83 1681.55 1693.94 5150.32
2599000 1785.01 1691.63 1705.9 5182.54
2600000 1774.02 1678.56 1695.26 5147.83
