# Time-averaged data for fix thermo_avg_npt
# TimeStep v_epsilon_co v_temp v_press v_pe v_ke v_etotal v_vol v_dens
101000 0.2 299.75 119.759 -20430.9 3353.3 -17077.6 54972.8 1.03774
102000 0.2 298.533 18.0053 -20454.5 3339.68 -17114.9 54995.2 1.03732
103000 0.2 299.568 205.463 -20510.5 3351.26 -17159.2 54775.8 1.04147
104000 0.2 299.823 -268.413 -20398.8 3354.11 -17044.7 55222 1.03307
105000 0.2 300.565 -90.1533 -20401.1 3362.41 -17038.7 55432.2 1.02915
106000 0.2 299.346 134.255 -20578 3348.78 -17229.2 54611.8 1.04461
107000 0.2 299.034 -155.947 -20479.6 3345.29 -17134.3 55133.7 1.03475
108000 0.2 302.244 -179.452 -20505.8 3381.2 -17124.6 55624 1.0256
109000 0.2 299.312 166.244 -20566.4 3348.4 -17218 55061.3 1.03608
110000 0.2 301.884 -120.856 -20491.2 3377.17 -17114 55043.8 1.0364
111000 0.2 299.658 66.5272 -20430.8 3352.27 -17078.6 54831.1 1.04043
112000 0.2 298.436 212.323 -20514.5 3338.6 -17175.9 54430.6 1.04808
113000 0.2 298.884 155.624 -20400.4 3343.61 -17056.8 54918 1.0388
114000 0.2 301.357 -366.761 -20419.5 3371.28 -17048.2 55364.5 1.0304
115000 0.2 301.847 314.349 -20491.7 3376.76 -17114.9 54930.3 1.03855
116000 0.2 299.874 117.742 -20469.4 3354.68 -17114.8 55200.4 1.03347
117000 0.2 300.452 -85.2992 -20479.5 3361.15 -17118.3 55726.8 1.0237
118000 0.2 300.806 -60.1914 -20455.1 3365.11 -17090 55585.5 1.0263
119000 0.2 300.245 -29.6614 -20471.7 3358.84 -17112.8 55484.6 1.02817
120000 0.2 299.497 -146.641 -20404.5 3350.46 -17054.1 55593.4 1.02616
121000 0.2 299.935 67.139 -20494.8 3355.37 -17139.5 55179 1.03387
122000 0.2 300.695 69.5244 -20481.9 3363.87 -17118 55329.1 1.03106
123000 0.2 300.072 -48.6597 -20445.3 3356.9 -17088.4 55330.5 1.03103
124000 0.2 299.588 34.9011 -20477.4 3351.49 -17125.9 55175.9 1.03392
125000 0.2 297.319 -114.423 -20559.9 3326.1 -17233.8 55477.9 1.02829
126000 0.2 301.586 96.7349 -20515.4 3373.84 -17141.6 55271.6 1.03215
127000 0.2 299.479 280.282 -20545.9 3350.26 -17195.6 54628 1.04429
128000 0.2 298.909 -52.4487 -20443.1 3343.89 -17099.2 55143.5 1.03455
129000 0.2 301.168 -216.411 -20435.4 3369.16 -17066.2 55208.2 1.03333
130000 0.2 298.879 71.1003 -20471 3343.55 -17127.4 54816.8 1.04069
131000 0.2 300.772 41.3352 -20498.3 3364.73 -17133.6 54997.8 1.03728
132000 0.2 299.501 38.8715 -20386.2 3350.51 -17035.7 55414.8 1.02946
133000 0.2 300.891 245.202 -20509.3 3366.06 -17143.2 54925.8 1.03864
134000 0.2 298.843 -102.408 -20461.9 3343.15 -17118.8 54642.3 1.04402
135000 0.2 300.872 31.6205 -20445.2 3365.85 -17079.3 55156 1.03432
136000 0.2 299.5 -126.542 -20390.8 3350.5 -17040.3 55654.2 1.02503
137000 0.2 296.842 237.888 -20417.3 3320.77 -17096.5 55301.9 1.03157
138000 0.2 300.72 4.02463 -20521.7 3364.14 -17157.5 55129.1 1.0348
139000 0.2 300.297 -41.8147 -20462.1 3359.42 -17102.7 55109.9 1.03516
140000 0.2 301.593 144.004 -20510.6 3373.91 -17136.6 54961.8 1.03795
141000 0.2 302.164 -91.3016 -20466.9 3380.31 -17086.6 54935.9 1.03844
142000 0.2 298.87 220.879 -20441.4 3343.46 -17098 54825 1.04054
143000 0.2 299.159 -164.98 -20486.3 3346.68 -17139.6 54794.8 1.04112
144000 0.2 298.73 -8.381 -20443.8 3341.88 -17101.9 55608 1.02592
145000 0.2 299.856 27.232 -20390.4 3354.48 -17036 55514.2 1.02766
146000 0.2 298.985 316.906 -20467.7 3344.74 -17123 54675.7 1.04338
147000 0.2 299.794 -21.3852 -20472.2 3353.79 -17118.4 54966.1 1.03788
148000 0.2 301.451 -190.812 -20390.8 3372.33 -17018.5 55327 1.0311
149000 0.2 300.115 20.9424 -20483.2 3357.38 -17125.8 55260.3 1.03234
150000 0.2 298.49 286.345 -20468 3339.2 -17128.8 54873.5 1.03962
151000 0.2 299.559 -169.537 -20451.7 3351.17 -17100.5 55282.6 1.03193
152000 0.2 298.382 75.0233 -20420.2 3337.99 -17082.2 55315.4 1.03131
153000 0.2 300.181 80.7343 -20385.6 3358.12 -17027.5 55249.6 1.03254
154000 0.2 298.602 208.149 -20489.5 3340.46 -17149 55152.3 1.03436
155000 0.2 299.988 12.1496 -20483.9 3355.96 -17128 55521.1 1.0275
156000 0.2 299.389 -185.747 -20428.5 3349.26 -17079.2 55699.4 1.02421
157000 0.2 299.702 257.757 -20468.2 3352.76 -17115.4 55136.8 1.03466
158000 0.2 298.759 -6.35401 -20524 3342.21 -17181.7 55123.1 1.03491
159000 0.2 298.786 2.19564 -20502.9 3342.51 -17160.3 55057.9 1.03614
160000 0.2 300.099 8.83207 -20496.1 3357.21 -17138.9 54912.9 1.03887
161000 0.2 300.861 -7.22417 -20559 3365.73 -17193.2 54922.3 1.03869
162000 0.2 299.544 -13.8858 -20433.1 3351 -17082.1 55035.5 1.03656
163000 0.2 299.986 85.3548 -20467.4 3355.93 -17111.4 55136.9 1.03466
164000 0.2 299.267 -249.302 -20456.2 3347.89 -17108.3 55631.8 1.02545
165000 0.2 300.648 56.3775 -20440.4 3363.34 -17077 55406.6 1.02962
166000 0.2 300.182 90.9722 -20447.2 3358.13 -17089.1 54990.3 1.03741
167000 0.2 299.573 1.03423 -20504.8 3351.32 -17153.5 54750.1 1.04196
168000 0.2 300.56 19.311 -20495.4 3362.35 -17133 54843.1 1.0402
169000 0.2 301.916 115.076 -20465.5 3377.53 -17088 55424.2 1.0293
170000 0.2 299.39 -246.429 -20395.5 3349.26 -17046.2 55757.3 1.02315
171000 0.2 301.347 162.746 -20469.5 3371.16 -17098.4 55116.9 1.03503
172000 0.2 298.7 -72.2979 -20518.7 3341.55 -17177.2 55310.7 1.03141
173000 0.2 299.089 34.8717 -20456.1 3345.9 -17110.2 55314.1 1.03135
174000 0.2 300.469 198.597 -20541.8 3361.34 -17180.5 54962.6 1.03793
175000 0.2 299.08 105.456 -20520.4 3345.8 -17174.6 55173.2 1.03397
176000 0.2 298.5 -3.5943 -20442.5 3339.32 -17103.2 55276.5 1.03204
177000 0.2 299.561 53.9039 -20470.2 3351.18 -17119 55360 1.03049
178000 0.2 300.644 -251.587 -20467.5 3363.3 -17104.2 55634.8 1.02539
179000 0.2 300.236 205.332 -20433.5 3358.73 -17074.8 55081.1 1.03572
180000 0.2 298.936 74.6741 -20488.7 3344.19 -17144.5 54642.3 1.04402
181000 0.2 299.804 -142.46 -20456.9 3353.9 -17103 55026.9 1.03673
182000 0.2 300.201 -81.5406 -20362.2 3358.35 -17003.9 55409.4 1.02956
183000 0.2 299.964 151.303 -20456.6 3355.69 -17100.9 55131.1 1.03476
184000 0.2 300.024 71.8776 -20541.1 3356.36 -17184.7 55116.8 1.03503
185000 0.2 299.288 -97.5302 -20455.3 3348.13 -17107.2 55618.8 1.0257
186000 0.2 299.616 46.8343 -20455.5 3351.8 -17103.7 55634.1 1.02541
187000 0.2 300.405 86.5792 -20427.6 3360.63 -17067 55336.7 1.03092
188000 0.2 299.065 -35.9082 -20444.1 3345.64 -17098.5 55388.6 1.02995
189000 0.2 300.533 -7.21917 -20417 3362.05 -17054.9 55123.1 1.03492
190000 0.2 299.741 44.2323 -20461.5 3353.19 -17108.3 55027.3 1.03672
191000 0.2 299.812 -213.99 -20419.7 3353.99 -17065.7 55420.4 1.02936
192000 0.2 297.401 2.95503 -20455.3 3327.02 -17128.2 55007.5 1.0371
193000 0.2 299.098 179.655 -20518 3346 -17172 54677.8 1.04334
194000 0.2 299.458 -122.899 -20410.9 3350.03 -17060.9 54783.3 1.04133
195000 0.2 300.003 337.588 -20502 3356.13 -17145.9 54900.3 1.03911
196000 0.2 301.194 -22.4924 -20453.1 3369.45 -17083.7 55118.4 1.035
197000 0.2 299.439 -67.3114 -20503.3 3349.82 -17153.5 55320.5 1.03122
198000 0.2 300.603 58.5747 -20489.9 3362.84 -17127 55049.4 1.0363
199000 0.2 297.581 34.5045 -20525.8 3329.03 -17196.8 55021.8 1.03682
200000 0.2 299.141 -26.0259 -20477.4 3346.48 -17130.9 55251.3 1.03251
201000 0.2 299.665 -1.4969 -20478.7 3352.35 -17126.4 55183.6 1.03378
202000 0.2 298.916 54.9507 -20436 3343.97 -17092 55390 1.02993
203000 0.2 298.756 59.8691 -20499.5 3342.18 -17157.3 55095.5 1.03543
204000 0.2 298.351 357.703 -20434.4 3337.65 -17096.7 55018.6 1.03688
205000 0.2 300.41 -14.1988 -20462 3360.68 -17101.3 55002.6 1.03718
206000 0.2 301.562 102.237 -20507.1 3373.56 -17133.5 55064.3 1.03602
207000 0.2 298.698 -227.497 -20578.1 3341.52 -17236.6 55336.9 1.03092
208000 0.2 297.857 -121.348 -20578.2 3332.12 -17246.1 55552.3 1.02691
209000 0.2 299.182 -38.4369 -20554.6 3346.95 -17207.7 55675.1 1.02465
210000 0.2 299.886 93.665 -20473.4 3354.82 -17118.5 55213 1.03327
211000 0.2 299.179 279.129 -20477 3346.9 -17130.1 54818.2 1.04068
212000 0.2 297.723 42.4357 -20477.7 3330.62 -17147.1 55619.3 1.02569
213000 0.2 299.867 -3.55036 -20495.4 3354.6 -17140.8 55450.5 1.02882
214000 0.2 300.718 84.2291 -20521.2 3364.12 -17157.1 54785 1.0413
215000 0.2 299.692 361.968 -20463.8 3352.65 -17111.2 54829.7 1.04046
216000 0.2 301.965 -378.225 -20411.9 3378.07 -17033.8 55301.9 1.03157
217000 0.2 301.656 110.016 -20478.1 3374.62 -17103.5 55239.5 1.03273
218000 0.2 298.383 149.683 -20538.2 3338 -17200.2 55457 1.02868
219000 0.2 301.577 227.766 -20477.8 3373.73 -17104.1 55365 1.03039
220000 0.2 300.333 -106.34 -20498.5 3359.82 -17138.7 55528 1.02738
221000 0.2 301.593 -308.3 -20505.2 3373.91 -17131.3 55696.2 1.02427
222000 0.2 301.507 298.714 -20461.4 3372.95 -17088.5 54867.4 1.03975
223000 0.2 300.255 201.147 -20384 3358.95 -17025.1 54820.7 1.04063
224000 0.2 299.675 -255.829 -20443.9 3352.46 -17091.5 55261.3 1.03232
225000 0.2 298.892 235.404 -20525.3 3343.7 -17181.6 54780.6 1.04139
226000 0.2 298.99 -16.0628 -20479.8 3344.8 -17135 55006.7 1.03714
227000 0.2 299.632 15.5256 -20467 3351.98 -17115 55506.9 1.02776
228000 0.2 298.078 -28.1444 -20532.7 3334.59 -17198.1 54956.1 1.03806
229000 0.2 300.802 -41.1516 -20467 3365.06 -17101.9 55111.1 1.03514
230000 0.2 299.794 -9.57833 -20475.5 3353.79 -17121.8 54975.5 1.03769
231000 0.2 298.407 68.5361 -20467.8 3338.28 -17129.5 54722.8 1.04248
232000 0.2 300.665 -283.898 -20487.8 3363.53 -17124.3 55270.8 1.03217
233000 0.2 298.781 -93.1812 -20544.4 3342.45 -17202 55566.8 1.02665
234000 0.2 300.925 59.9068 -20485 3366.45 -17118.5 55620 1.02568
235000 0.2 300.099 -72.8407 -20464.6 3357.21 -17107.3 56148.1 1.01602
236000 0.2 300.314 -167.282 -20525.5 3359.61 -17165.9 55638.5 1.02534
237000 0.2 299.993 77.7656 -20506.2 3356.02 -17150.2 55106.2 1.03523
238000 0.2 300.489 -221.77 -20434.9 3361.56 -17073.3 55093 1.03548
239000 0.2 299.557 241.685 -20485.1 3351.14 -17133.9 54793.5 1.04114
240000 0.2 299.063 3.46645 -20552 3345.61 -17206.4 55344 1.03079
241000 0.2 298.855 -13.4676 -20498.2 3343.29 -17154.9 55514.5 1.02762
242000 0.2 300.816 94.1613 -20570.5 3365.22 -17205.2 55182.2 1.0338
243000 0.2 299.451 -271.002 -20523.3 3349.95 -17173.4 55325.8 1.03112
244000 0.2 298.23 53.043 -20530.5 3336.29 -17194.2 55017.4 1.0369
245000 0.2 300.315 -232.01 -20522 3359.62 -17162.4 55297.3 1.03165
246000 0.2 299.345 -268.334 -20459.9 3348.76 -17111.1 55436.9 1.02905
247000 0.2 300.98 6.16127 -20532.2 3367.05 -17165.1 54955.7 1.03808
248000 0.2 302.07 175.726 -20516.4 3379.25 -17137.2 54556.9 1.04565
249000 0.2 300.138 -111.703 -20490.5 3357.64 -17132.9 55259 1.03238
250000 0.2 299.269 -140.022 -20444.7 3347.92 -17096.8 55181.8 1.03383
251000 0.2 299.058 22.9976 -20484 3345.56 -17138.4 54795.2 1.0411
252000 0.2 300.078 -175.635 -20446.3 3356.97 -17089.3 54928.9 1.03857
253000 0.2 299.137 135.365 -20503.7 3346.44 -17157.3 54846 1.04014
254000 0.2 300.898 99.0643 -20504.5 3366.14 -17138.4 55050.6 1.03628
255000 0.2 298.64 21.647 -20519 3340.88 -17178.1 55349.1 1.03068
256000 0.2 299.06 -105.51 -20563.9 3345.58 -17218.3 55233.4 1.03284
257000 0.2 299.181 -10.9191 -20524.1 3346.94 -17177.2 55175.7 1.03393
258000 0.2 299.713 -46.679 -20551.3 3352.89 -17198.4 54758.5 1.04181
259000 0.2 300.506 125.463 -20539.1 3361.75 -17177.3 54396.8 1.04873
260000 0.2 299.509 -11.182 -20442.1 3350.6 -17091.5 54799 1.04104
261000 0.2 300.185 -58.9664 -20446.6 3358.17 -17088.4 55172 1.03399
262000 0.2 300.829 -218.978 -20488.5 3365.37 -17123.2 55230.9 1.03289
263000 0.2 298.854 264.942 -20541.7 3343.28 -17198.4 54931.7 1.03852
264000 0.2 300.246 -118.697 -20546.6 3358.85 -17187.8 55331.5 1.03103
265000 0.2 300.763 -152.394 -20482.6 3364.63 -17117.9 55915.1 1.02026
266000 0.2 299.92 170.303 -20482.9 3355.2 -17127.7 55247.6 1.03259
267000 0.2 299.86 -59.5305 -20504.2 3354.52 -17149.7 55015.8 1.03693
268000 0.2 299.722 -182.861 -20474.8 3352.98 -17121.8 55251.5 1.03251
269000 0.2 299.007 -277.593 -20446.1 3344.99 -17101.1 55110.7 1.03514
270000 0.2 299.947 36.6849 -20522.8 3355.51 -17167.3 55028.9 1.03668
271000 0.2 299.507 -109.806 -20559.5 3350.58 -17208.9 55278.2 1.03201
272000 0.2 302.629 -12.5571 -20556.7 3385.5 -17171.2 55307.5 1.03146
273000 0.2 300.053 -106.751 -20526.9 3356.69 -17170.2 55460.3 1.02862
274000 0.2 300.613 158.039 -20580.6 3362.95 -17217.6 55307.9 1.03146
275000 0.2 301.045 -261.151 -20543.3 3367.78 -17175.5 55252.1 1.03249
276000 0.2 298.624 37.6164 -20467.5 3340.7 -17126.8 55361.2 1.03046
277000 0.2 299.891 -111.172 -20480.4 3354.88 -17125.5 55122.8 1.03493
278000 0.2 299.732 171.839 -20537.8 3353.09 -17184.7 54785.8 1.04129
279000 0.2 298.407 -122.761 -20492.2 3338.27 -17153.9 55856 1.02136
280000 0.2 299.734 -224.456 -20515.9 3353.12 -17162.8 55520.4 1.02755
281000 0.2 299.139 306.068 -20532.4 3346.46 -17185.9 55013.7 1.03697
282000 0.2 298.06 87.383 -20528.5 3334.39 -17194.1 55439.4 1.02901
283000 0.2 299.352 -45.0969 -20491.6 3348.84 -17142.8 55254 1.03247
284000 0.2 301.427 -52.0681 -20513 3372.06 -17141 54893.2 1.03925
285000 0.2 299.954 -314.515 -20537.2 3355.58 -17181.6 55168 1.03407
286000 0.2 301.589 -37.2396 -20508.7 3373.87 -17134.9 55463.1 1.02857
287000 0.2 297.941 -118.554 -20479.4 3333.06 -17146.3 55303 1.03157
288000 0.2 301.224 269.166 -20519 3369.78 -17149.2 54833.9 1.04037
289000 0.2 299.384 -178.229 -20511.2 3349.21 -17162 55333 1.03099
290000 0.2 300.769 -117.941 -20471.4 3364.69 -17106.7 55496.9 1.02794
291000 0.2 301.657 -64.2128 -20433.3 3374.63 -17058.6 55422.6 1.02932
292000 0.2 300.285 75.6577 -20473.4 3359.28 -17114.1 55210.3 1.03328
293000 0.2 298.62 -211.789 -20441.6 3340.66 -17101 55333.4 1.03098
294000 0.2 299.983 -49.9626 -20483.2 3355.91 -17127.3 55289.4 1.0318
295000 0.2 302.267 -236.657 -20513.3 3381.46 -17131.8 54949.7 1.03818
296000 0.2 297.682 118.327 -20492.8 3330.16 -17162.6 54859.7 1.03988
297000 0.2 297.927 -283.636 -20473.9 3332.9 -17141 55462.9 1.02858
298000 0.2 300.45 -54.0099 -20434.6 3361.13 -17073.4 55432.7 1.02916
299000 0.2 299.848 376.833 -20500.9 3354.39 -17146.5 54446.8 1.04777
300000 0.2 301.369 -9.2579 -20441.2 3371.4 -17069.8 54985.3 1.03755
301000 0.2 299.916 -144.529 -20442.3 3355.15 -17087.1 55085.8 1.03564
302000 0.2 301.253 -54.824 -20442.1 3370.11 -17072 55262.2 1.03232
303000 0.2 298.503 150.998 -20441.2 3339.34 -17101.8 55214.4 1.03321
304000 0.2 302.754 25.2073 -20438.3 3386.9 -17051.4 54828.5 1.04048
305000 0.2 299.194 -90.8713 -20445.4 3347.08 -17098.3 55040.1 1.03649
306000 0.2 298.721 243.296 -20517 3341.78 -17175.2 55216.9 1.03319
307000 0.2 298.883 126.592 -20435.4 3343.59 -17091.8 55312.1 1.03145
308000 0.2 299.814 -138.73 -20475.2 3354.01 -17121.2 55229.6 1.03292
309000 0.2 299.483 51.0117 -20498.6 3350.31 -17148.3 55632 1.02546
310000 0.2 299.868 49.183 -20517.9 3354.62 -17163.2 55104.3 1.03528
311000 0.2 298.853 -146.994 -20457.5 3343.26 -17114.2 55617.3 1.02577
312000 0.2 297.532 84.9547 -20467.1 3328.48 -17138.6 55083.5 1.03566
313000 0.2 298.457 -12.0194 -20458.8 3338.83 -17119.9 55187.1 1.03373
314000 0.2 301.053 27.7246 -20488.4 3367.87 -17120.5 55054.9 1.0362
315000 0.2 299.356 -215.675 -20435.1 3348.89 -17086.2 54937.9 1.03841
316000 0.2 299.137 16.772 -20451.7 3346.44 -17105.2 54807.6 1.04095
317000 0.2 301.513 17.4745 -20519.7 3373.02 -17146.7 55192.4 1.03361
318000 0.2 301.006 -342.128 -20531.2 3367.35 -17163.8 55348.2 1.03071
319000 0.2 299.421 71.4353 -20528.5 3349.62 -17178.9 54939.4 1.03838
320000 0.2 298.927 71.3643 -20438.7 3344.09 -17094.6 54953.7 1.03811
321000 0.2 299.098 195.43 -20456.1 3346.01 -17110.1 54810.4 1.04083
322000 0.2 299.199 -122.795 -20432.4 3347.14 -17085.2 55399.8 1.02974
323000 0.2 300.26 -64.4002 -20430 3359.01 -17071 55226.1 1.03298
324000 0.2 300.236 -51.7123 -20485.7 3358.74 -17126.9 55221.6 1.03309
325000 0.2 298.342 89.5093 -20533.4 3337.55 -17195.9 55185.5 1.03377
326000 0.2 300.079 176.413 -20472.9 3356.98 -17115.9 54992.2 1.03738
327000 0.2 300.751 -102.863 -20497.1 3364.49 -17132.6 55478.7 1.02831
328000 0.2 300.758 -43.1731 -20550.4 3364.58 -17185.9 55547.7 1.02701
329000 0.2 299.876 -74.3859 -20464.9 3354.71 -17110.2 55526.5 1.02743
330000 0.2 298.964 21.1838 -20435.1 3344.5 -17090.6 55133.3 1.03473
331000 0.2 298.416 138.524 -20500.4 3338.37 -17162 54958.4 1.03808
332000 0.2 301.471 -102.162 -20465 3372.55 -17092.5 55097.6 1.0354
333000 0.2 298.409 50.0902 -20522.6 3338.29 -17184.3 55157.8 1.03427
334000 0.2 300.697 58.0863 -20523.3 3363.89 -17159.4 55057.2 1.03616
335000 0.2 299.832 -71.9963 -20487.4 3354.22 -17133.1 55248.2 1.0326
336000 0.2 302.639 -38.9403 -20490.3 3385.62 -17104.7 55231.2 1.0329
337000 0.2 299.639 -53.4229 -20514.6 3352.05 -17162.6 55316.1 1.0313
338000 0.2 300.493 -144.335 -20461.2 3361.61 -17099.6 55167.4 1.03408
339000 0.2 300.444 13.3865 -20494.9 3361.06 -17133.9 55053 1.03627
340000 0.2 300.664 130.038 -20501.7 3363.53 -17138.2 55269.3 1.0322
341000 0.2 300.449 -95.2139 -20485.8 3361.12 -17124.7 55212.7 1.03325
342000 0.2 301.472 101.673 -20466.4 3372.56 -17093.9 55303.6 1.03154
343000 0.2 300.292 -149.291 -20417.3 3359.36 -17057.9 55363 1.03043
344000 0.2 299.499 70.5603 -20389.9 3350.49 -17039.4 55228.6 1.03294
345000 0.2 301.57 -52.6928 -20374.9 3373.66 -17001.2 55251 1.03253
346000 0.2 298.218 75.9448 -20460.2 3336.16 -17124.1 55418.4 1.02941
347000 0.2 300.578 52.8246 -20443.3 3362.56 -17080.7 55154.3 1.03433
348000 0.2 296.864 -62.5351 -20518.6 3321.02 -17197.5 55543.1 1.02709
349000 0.2 299.619 137.576 -20497.2 3351.83 -17145.3 55627.1 1.02555
350000 0.2 300.185 -14.0144 -20494.5 3358.17 -17136.4 55112.8 1.03514
351000 0.2 299.859 174.938 -20452.2 3354.51 -17097.7 54814.1 1.0408
352000 0.2 297.721 -48.1214 -20486.6 3330.6 -17156 55221.6 1.03309
353000 0.2 300.809 162.619 -20544.7 3365.15 -17179.5 55120.7 1.03497
354000 0.2 300.702 136.632 -20510 3363.95 -17146 54846.1 1.04016
355000 0.2 298.88 19.6434 -20476.3 3343.57 -17132.7 54975.7 1.0377
356000 0.2 298.186 -90.4528 -20492.1 3335.8 -17156.3 55089.5 1.03555
357000 0.2 299.734 -38.1266 -20512 3353.11 -17158.9 55000.6 1.03722
358000 0.2 299.316 -138.945 -20501.6 3348.45 -17153.2 55424 1.0293
359000 0.2 301.719 -23.6726 -20546.2 3375.33 -17170.8 55008.6 1.03708
360000 0.2 301.092 16.1706 -20450 3368.31 -17081.7 55117.4 1.03503
361000 0.2 300.007 19.9836 -20419.7 3356.17 -17063.6 55055.6 1.03619
362000 0.2 298.682 -105.406 -20419.7 3341.35 -17078.3 55454 1.02875
363000 0.2 300 -8.63306 -20390.9 3356.09 -17034.8 54815.7 1.04072
364000 0.2 302.175 -97.4608 -20449.4 3380.42 -17068.9 54942.6 1.03832
365000 0.2 299.49 -28.6015 -20443.4 3350.39 -17093 55086.7 1.03564
366000 0.2 300.17 172.371 -20506.8 3358 -17148.8 55075.6 1.03583
367000 0.2 300.59 -152.346 -20430.4 3362.69 -17067.7 55023.1 1.03684
368000 0.2 299.685 34.7965 -20434.6 3352.57 -17082 55220.6 1.03311
369000 0.2 298.823 -264.011 -20491.3 3342.93 -17148.4 55342.3 1.03082
370000 0.2 300.648 -52.6382 -20452.9 3363.34 -17089.5 55292.5 1.03176
371000 0.2 299.872 55.5061 -20428.4 3354.66 -17073.7 55205.9 1.0334
372000 0.2 299.109 26.085 -20465.3 3346.13 -17119.1 55175.8 1.03393
373000 0.2 298.672 -69.8475 -20481.1 3341.24 -17139.8 55282.5 1.03193
374000 0.2 298.433 -121.582 -20440.3 3338.56 -17101.7 55457.9 1.02871
375000 0.2 299.288 227.034 -20494.8 3348.13 -17146.7 55469.2 1.02847
376000 0.2 300.21 127.142 -20496.5 3358.44 -17138.1 55438.3 1.02908
377000 0.2 300.089 85.7993 -20487.6 3357.08 -17130.5 54943.5 1.03831
378000 0.2 299.996 -25.2514 -20424.3 3356.05 -17068.3 55265.4 1.03226
379000 0.2 301.857 88.1047 -20479.7 3376.87 -17102.8 55076.2 1.0358
380000 0.2 300.16 136.545 -20384 3357.88 -17026.1 54907.9 1.03897
381000 0.2 298.775 194.69 -20488.5 3342.39 -17146.2 55142.9 1.03458
382000 0.2 300.027 86.3321 -20477.1 3356.4 -17120.7 55335.4 1.03095
383000 0.2 300.59 120.522 -20536.2 3362.69 -17173.6 55206.2 1.03337
384000 0.2 298.745 150.353 -20456.5 3342.06 -17114.4 54420.5 1.04829
385000 0.2 300.786 11.0618 -20503 3364.89 -17138.1 54900.4 1.0392
386000 0.2 299.177 175.914 -20446.9 3346.88 -17100 55304.3 1.03153
387000 0.2 300.104 -117.445 -20443.1 3357.26 -17085.8 55035.3 1.03658
388000 0.2 298.71 10.5715 -20475.2 3341.66 -17133.6 55132 1.03475
389000 0.2 301.015 91.1296 -20508.7 3367.45 -17141.2 55357 1.03055
390000 0.2 299.636 15.86 -20505.2 3352.02 -17153.2 55022.9 1.0368
391000 0.2 301.354 342.425 -20457.1 3371.25 -17085.8 55129.8 1.03479
392000 0.2 300.657 8.68273 -20514.3 3363.45 -17150.8 55034.7 1.03658
393000 0.2 301.367 -48.7582 -20481.3 3371.39 -17110 54973.2 1.03774
394000 0.2 298.517 -50.2135 -20560.2 3339.51 -17220.7 55075.2 1.03583
395000 0.2 300.454 -17.6074 -20518.7 3361.17 -17157.5 55399.4 1.02984
396000 0.2 299.88 18.5687 -20542.2 3354.75 -17187.5 55248.3 1.03257
397000 0.2 299.16 -109.257 -20580.3 3346.69 -17233.7 55065.9 1.03599
398000 0.2 300.203 -42.4316 -20535.9 3358.37 -17177.6 55306.7 1.03151
399000 0.2 298.98 137.687 -20549.1 3344.69 -17204.4 54961.8 1.03796
400000 0.2 298.802 90.4435 -20562.6 3342.69 -17219.9 55238.8 1.03276
401000 0.2 301.294 -25.7946 -20525.9 3370.57 -17155.3 55298.8 1.03162
402000 0.2 298.724 46.4063 -20521.7 3341.81 -17179.8 55258.1 1.03241
403000 0.2 300.159 43.4178 -20486.4 3357.87 -17128.5 55282.7 1.03194
404000 0.2 299.644 -164.677 -20506.7 3352.11 -17154.6 55287.9 1.03184
405000 0.2 299.6 28.6958 -20529.2 3351.62 -17177.5 55293.8 1.03172
406000 0.2 298.654 123.38 -20523.3 3341.04 -17182.3 54862.7 1.03984
407000 0.2 300.66 -23.9072 -20469.2 3363.48 -17105.7 55184 1.03378
408000 0.2 299.757 114.088 -20498.9 3353.37 -17145.5 54828.2 1.0405
409000 0.2 299.142 -155.075 -20523.1 3346.49 -17176.6 54807.3 1.0409
410000 0.2 301.746 37.2361 -20494.4 3375.63 -17118.8 55094.1 1.03546
411000 0.2 301.249 68.9547 -20443.7 3370.06 -17073.7 54985.8 1.03752
412000 0.2 299.204 80.8856 -20471.6 3347.19 -17124.4 55241.8 1.03273
413000 0.2 299.257 -103.869 -20456.5 3347.78 -17108.7 55431.6 1.02916
414000 0.2 299.97 85.2183 -20501.1 3355.76 -17145.3 55367.5 1.03036
415000 0.2 299.45 -166.294 -20531.7 3349.94 -17181.7 55397.6 1.02981
416000 0.2 301.722 -91.5356 -20486.9 3375.35 -17111.6 55331.6 1.03103
417000 0.2 299.932 -86.0656 -20498.1 3355.33 -17142.7 55494.6 1.02798
418000 0.2 300.248 -14.0951 -20482.4 3358.87 -17123.6 55377.8 1.03015
419000 0.2 300.164 55.4461 -20497.6 3357.92 -17139.6 55069.1 1.03593
420000 0.2 300.585 -53.3646 -20508.1 3362.63 -17145.5 55052.5 1.03627
421000 0.2 300.451 -19.539 -20459.6 3361.13 -17098.5 54806.8 1.04089
422000 0.2 300.106 -60.0084 -20449.3 3357.28 -17092.1 54659.9 1.0437
423000 0.2 300.068 85.8032 -20462 3356.85 -17105.2 54729 1.04238
424000 0.2 300.242 68.9866 -20436.1 3358.81 -17077.2 55178.6 1.03387
425000 0.2 301.335 -61.5339 -20441.6 3371.03 -17070.6 55337.2 1.03092
426000 0.2 299.397 -51.6552 -20471.3 3349.35 -17122 55508.8 1.02772
427000 0.2 296.544 92.7151 -20503.9 3317.43 -17186.4 55163.8 1.03415
428000 0.2 301.274 -38.9772 -20506.7 3370.34 -17136.4 55159.7 1.03424
429000 0.2 299.784 51.9487 -20522.4 3353.68 -17168.7 55544.1 1.02709
430000 0.2 300.6 -191.497 -20467.4 3362.81 -17104.6 54805.1 1.04093
431000 0.2 300.796 41.8708 -20447.7 3365 -17082.7 54919.3 1.03878
432000 0.2 298.76 -77.7355 -20469 3342.22 -17126.8 55122.4 1.03493
433000 0.2 299.36 -126.599 -20477.6 3348.93 -17128.7 55130.7 1.03477
434000 0.2 300.667 163.029 -20534 3363.55 -17170.4 55138.4 1.03466
435000 0.2 300.125 -2.75887 -20512.9 3357.49 -17155.5 55068 1.03598
436000 0.2 300.735 -11.3019 -20484 3364.32 -17119.7 55034.9 1.03659
437000 0.2 300.144 -58.5129 -20479.4 3357.7 -17121.7 55670.7 1.02482
438000 0.2 300.748 -166.222 -20477 3364.46 -17112.5 55174.2 1.03397
439000 0.2 301.025 70.0256 -20437.7 3367.56 -17070.2 55205.2 1.03338
440000 0.2 299.054 -14.4455 -20418.9 3345.51 -17073.3 55047.9 1.03633
441000 0.2 300.13 -139.861 -20431.3 3357.55 -17073.8 55382.3 1.03007
442000 0.2 299.388 -29.2143 -20459 3349.25 -17109.7 54809.1 1.04085
443000 0.2 300.337 -87.2919 -20460.6 3359.86 -17100.7 54970.6 1.0378
444000 0.2 300.179 31.6237 -20448.1 3358.09 -17090 55201.3 1.0335
445000 0.2 300.124 8.77512 -20509.5 3357.48 -17152 55273.6 1.03213
446000 0.2 301.397 -21.9879 -20540.4 3371.72 -17168.7 55180.1 1.03384
447000 0.2 299.287 -158.881 -20495.3 3348.12 -17147.1 55218.6 1.03313
448000 0.2 301.117 -298.506 -20437.5 3368.59 -17068.9 55344.4 1.03078
449000 0.2 299.186 17.8693 -20487 3346.98 -17140 55269.9 1.03218
450000 0.2 300.622 68.6318 -20478.5 3363.05 -17115.4 54793.6 1.04114
451000 0.2 299.741 -87.9975 -20512 3353.2 -17158.8 55233 1.03288
452000 0.2 299.244 227.007 -20523.9 3347.64 -17176.2 54991.2 1.0374
453000 0.2 300.215 88.1369 -20437.4 3358.5 -17078.9 55255 1.03246
454000 0.2 301.107 -21.2813 -20416.9 3368.48 -17048.4 55167.9 1.03409
455000 0.2 300.051 138.383 -20458.4 3356.67 -17101.7 54984.7 1.03754
456000 0.2 298.752 66.6346 -20499.4 3342.13 -17157.2 55117.5 1.03502
457000 0.2 300.751 -117.928 -20555.3 3364.49 -17190.8 55453.5 1.02877
458000 0.2 301.221 274.451 -20484 3369.75 -17114.3 55344.4 1.0308
459000 0.2 300.433 85.7232 -20468.2 3360.94 -17107.2 55574.5 1.02657
460000 0.2 299.653 107.694 -20513.4 3352.21 -17161.2 55112.9 1.03513
461000 0.2 302.155 12.338 -20489.7 3380.2 -17109.5 55001.2 1.03722
462000 0.2 300.389 13.0416 -20488.1 3360.45 -17127.7 55056.8 1.0362
463000 0.2 299.462 90.1024 -20514.3 3350.08 -17164.2 55054.2 1.03621
464000 0.2 301.447 -36.1514 -20554.3 3372.28 -17182 55370.1 1.0303
465000 0.2 298.55 182.988 -20506.1 3339.88 -17166.2 55280.6 1.03198
466000 0.2 300.45 43.9215 -20459.3 3361.13 -17098.2 55414.8 1.02949
467000 0.2 299.293 203.013 -20518.3 3348.19 -17170.1 55341.6 1.03083
468000 0.2 300.357 -87.3763 -20563.9 3360.08 -17203.8 55511.9 1.02768
469000 0.2 298.798 -246.345 -20504.1 3342.65 -17161.4 55636.2 1.02538
470000 0.2 298.712 -109.253 -20494.6 3341.68 -17153 55395.8 1.02983
471000 0.2 300.575 112.448 -20450.2 3362.52 -17087.7 55035 1.03659
472000 0.2 300.264 63.7276 -20433.5 3359.05 -17074.4 54906.4 1.03901
473000 0.2 298.334 253.781 -20458.9 3337.46 -17121.5 54953.3 1.03814
474000 0.2 301.172 130.539 -20475.6 3369.2 -17106.4 55180.9 1.03384
475000 0.2 299.871 70.6654 -20459.6 3354.65 -17104.9 55213.3 1.03323
476000 0.2 298.303 115.222 -20452.4 3337.11 -17115.3 54942.4 1.03834
477000 0.2 298.681 67.4854 -20497.8 3341.33 -17156.4 55171.8 1.03401
478000 0.2 299.476 -30.4969 -20528.3 3350.23 -17178.1 55205.7 1.03337
479000 0.2 300.221 132.952 -20458.8 3358.56 -17100.2 55123.5 1.03493
480000 0.2 297.917 155.182 -20445.1 3332.79 -17112.3 55330.2 1.03104
481000 0.2 300.543 -95.4546 -20449.3 3362.17 -17087.1 55644.8 1.02522
482000 0.2 299.869 165.572 -20487.2 3354.63 -17132.6 55346.1 1.03074
483000 0.2 299.369 137.294 -20456.3 3349.04 -17107.3 55257.5 1.03242
484000 0.2 301.414 257.579 -20481.5 3371.91 -17109.6 54869.7 1.03972
485000 0.2 299.662 -137.646 -20478.7 3352.32 -17126.4 55050.7 1.0363
486000 0.2 299.748 207.258 -20541.1 3353.28 -17187.9 54742.4 1.04212
487000 0.2 298.64 -107.829 -20477.6 3340.88 -17136.7 55005.6 1.03714
488000 0.2 301.87 -54.0545 -20433.9 3377.01 -17056.9 55137.4 1.03465
489000 0.2 299.174 -47.1314 -20419.5 3346.85 -17072.6 55342 1.03086
490000 0.2 299.805 91.0842 -20478.9 3353.92 -17125 54996 1.03733
491000 0.2 299.13 40.9717 -20430.9 3346.36 -17084.5 55022.8 1.03681
492000 0.2 301.812 -82.057 -20489.3 3376.36 -17112.9 54964.7 1.03789
493000 0.2 301.822 27.2614 -20450.7 3376.48 -17074.2 54867.1 1.03975
494000 0.2 299.227 -16.1166 -20489.4 3347.45 -17142 54949.7 1.03818
495000 0.2 300.394 -68.1742 -20468.4 3360.5 -17107.9 55294.2 1.03174
496000 0.2 299.42 163.209 -20450.1 3349.61 -17100.5 54862.5 1.03988
497000 0.2 301.687 24.7945 -20466.7 3374.96 -17091.7 55689.7 1.0244
498000 0.2 301.096 165.875 -20483.2 3368.35 -17114.8 55450.6 1.02883
499000 0.2 299.501 17.0864 -20446 3350.51 -17095.5 55308.7 1.03146
500000 0.2 300.333 -13.9567 -20495.5 3359.82 -17135.6 55226.9 1.03297
501000 0.2 300.304 74.0271 -20465.3 3359.49 -17105.8 55285.5 1.03188
502000 0.2 299.935 -32.4345 -20508 3355.37 -17152.7 55055.3 1.03619
503000 0.2 299.726 154.232 -20482.7 3353.03 -17129.7 55357.9 1.03053
504000 0.2 298.449 187.864 -20540.4 3338.75 -17201.6 55213.4 1.03325
505000 0.2 302.196 37.6627 -20496.6 3380.66 -17115.9 55262.2 1.03234
506000 0.2 297.946 200.95 -20464.6 3333.12 -17131.5 54870.3 1.03971
507000 0.2 299.967 -120.255 -20438.4 3355.73 -17082.7 55268.7 1.0322
508000 0.2 298.608 -55.5602 -20464.3 3340.53 -17123.8 55119.3 1.035
509000 0.2 299.9 38.2198 -20523.2 3354.98 -17168.2 54838.1 1.0403
510000 0.2 299.319 100.346 -20370.4 3348.47 -17021.9 55079 1.03574
511000 0.2 301.167 4.3852 -20540.8 3369.15 -17171.6 55313.1 1.03136
512000 0.2 300.097 63.7391 -20526.1 3357.18 -17168.9 55716.8 1.02389
513000 0.2 299.589 4.31031 -20486 3351.5 -17134.5 55231.2 1.03289
514000 0.2 303.507 -153.377 -20480.3 3395.33 -17085 55698.7 1.02425
515000 0.2 297.605 60.8603 -20490.2 3329.3 -17160.9 55267.5 1.03223
516000 0.2 300.609 79.5029 -20544.1 3362.91 -17181.2 55321.4 1.03126
517000 0.2 299.203 26.8973 -20558.2 3347.17 -17211 55314 1.03136
518000 0.2 299.881 23.784 -20482.6 3354.77 -17127.8 55212.2 1.03325
519000 0.2 298.793 59.2828 -20447.1 3342.59 -17104.5 55438.9 1.02902
520000 0.2 299.311 111.236 -20467.5 3348.39 -17119.1 55201.6 1.03345
521000 0.2 301.584 207.581 -20463.7 3373.82 -17089.9 55305.2 1.03153
522000 0.2 300.489 278.718 -20420.9 3361.56 -17059.4 55009.5 1.03705
523000 0.2 300.754 -68.1366 -20384.4 3364.53 -17019.9 55663.5 1.02488
524000 0.2 298.479 209.05 -20487.1 3339.08 -17148 55339.8 1.03087
525000 0.2 300.512 267.318 -20471.2 3361.82 -17109.4 54928.7 1.03866
526000 0.2 299.913 -126.027 -20466.3 3355.12 -17111.2 54821.6 1.04062
527000 0.2 300.911 12.5198 -20505.1 3366.29 -17138.8 54845.6 1.04016
528000 0.2 301.479 -154.307 -20418.9 3372.64 -17046.3 54940.4 1.03839
529000 0.2 299.621 -13.9346 -20430.3 3351.85 -17078.5 54847.9 1.04011
530000 0.2 300.321 -141.213 -20429.3 3359.69 -17069.7 55436.3 1.02907
531000 0.2 300.421 7.93366 -20548.1 3360.8 -17187.3 55233.4 1.03285
532000 0.2 299.692 159.001 -20518.9 3352.65 -17166.2 55283.8 1.03191
533000 0.2 301.027 73.368 -20551.1 3367.59 -17183.5 55055.8 1.03618
534000 0.2 298.901 18.9486 -20568.3 3343.79 -17224.5 55207.5 1.03334
535000 0.2 299.4 -10.394 -20531.1 3349.38 -17181.7 54954.6 1.03811
536000 0.2 300.897 -90.0056 -20537.8 3366.13 -17171.7 55422.1 1.02936
537000 0.2 300.249 -92.4011 -20516.5 3358.87 -17157.7 55021.7 1.03682
538000 0.2 300.371 38.1594 -20510.1 3360.24 -17149.8 54678.7 1.04334
539000 0.2 298.981 46.2173 -20504.4 3344.7 -17159.7 55018.5 1.03689
540000 0.2 299.61 121.117 -20461.1 3351.73 -17109.3 55073.8 1.03586
541000 0.2 300.281 -129.636 -20463.1 3359.24 -17103.8 55086.2 1.03562
542000 0.2 301.822 -172.648 -20467.7 3376.48 -17091.2 55392.9 1.02992
543000 0.2 300.168 -122.408 -20545.5 3357.98 -17187.5 55555.8 1.02689
544000 0.2 301.544 -112.942 -20562.8 3373.37 -17189.5 55200.4 1.03347
545000 0.2 298.192 -239.117 -20505.4 3335.87 -17169.5 54967.9 1.03785
546000 0.2 300.483 -266.921 -20498.4 3361.5 -17136.9 54946.9 1.03824
547000 0.2 300.16 -102.654 -20463.8 3357.88 -17105.9 54973 1.03774
548000 0.2 298.818 0.741497 -20534.4 3342.87 -17191.5 55240.6 1.03275
549000 0.2 299.533 159.955 -20509.2 3350.88 -17158.3 54869.9 1.03969
550000 0.2 300.071 208.305 -20451.6 3356.89 -17094.7 54661.6 1.04365
551000 0.2 300.007 -9.60245 -20489.7 3356.17 -17133.5 54638 1.04413
552000 0.2 299.608 -9.7232 -20476.1 3351.71 -17124.4 54909 1.03896
553000 0.2 303.577 -176.857 -20448.3 3396.11 -17052.2 55074.9 1.03583
554000 0.2 299.475 51.0562 -20539 3350.22 -17188.7 54950.2 1.03819
555000 0.2 298.325 -59.7908 -20508.3 3337.35 -17171 55604.1 1.02597
556000 0.2 299.736 63.5429 -20566 3353.14 -17212.9 55145.8 1.03451
557000 0.2 300.75 -112.652 -20531.9 3364.48 -17167.4 55457.6 1.02868
558000 0.2 300.06 -52.9807 -20559.3 3356.76 -17202.5 54916.8 1.0388
559000 0.2 298.827 158.615 -20536.3 3342.97 -17193.3 54860.2 1.03987
560000 0.2 301.037 -248.932 -20508.1 3367.7 -17140.4 55315.7 1.03132
561000 0.2 300.032 -33.6276 -20494.2 3356.45 -17137.8 54755.7 1.04186
562000 0.2 298.83 -96.7853 -20525.4 3343 -17182.4 55001 1.03721
563000 0.2 299.315 -45.1424 -20509.6 3348.43 -17161.1 54921.6 1.03876
564000 0.2 299.705 203.635 -20510.1 3352.79 -17157.3 55107.7 1.03523
565000 0.2 300.852 57.5005 -20555.1 3365.63 -17189.4 55237.9 1.03277
566000 0.2 299.489 -45.1941 -20458.4 3350.38 -17108 54836.3 1.04033
567000 0.2 300.143 76.0923 -20464 3357.7 -17106.3 54827.6 1.0405
568000 0.2 301.966 -229.702 -20437.9 3378.09 -17059.8 55230.2 1.03292
569000 0.2 297.944 -30.5595 -20478.2 3333.1 -17145.1 55319.1 1.03127
570000 0.2 298.958 76.2937 -20502.2 3344.44 -17157.8 54993.9 1.03738
571000 0.2 298.965 160.297 -20481.1 3344.52 -17136.6 54903 1.03907
572000 0.2 299.865 21.167 -20501.4 3354.58 -17146.9 55026.2 1.03676
573000 0.2 299.879 -94.7256 -20458.9 3354.75 -17104.2 55469.6 1.02848
574000 0.2 300.197 67.119 -20471.8 3358.3 -17113.5 55304.2 1.03154
575000 0.2 300.754 -386.037 -20385.1 3364.53 -17020.5 55774.4 1.02289
576000 0.2 300.219 129.542 -20425.9 3358.54 -17067.3 55011.2 1.03703
577000 0.2 300.375 -162.426 -20441.7 3360.29 -17081.4 54835.1 1.04035
578000 0.2 300.116 35.7263 -20491.6 3357.4 -17134.2 55332.1 1.03102
579000 0.2 300.847 -36.8993 -20477.1 3365.57 -17111.5 55434.1 1.02914
580000 0.2 301.179 -146.577 -20527.3 3369.29 -17158 55294.1 1.03172
581000 0.2 300.716 183.191 -20515.5 3364.1 -17151.4 54939.8 1.03837
582000 0.2 301.272 32.5672 -20431.5 3370.32 -17061.2 55169.6 1.03407
583000 0.2 299.309 299.593 -20469.5 3348.36 -17121.1 55443.8 1.02894
584000 0.2 299.728 -24.5121 -20483 3353.05 -17129.9 55118.8 1.035
585000 0.2 300.377 -207.85 -20483.3 3360.32 -17123 55266 1.03223
586000 0.2 298.836 171.981 -20424.4 3343.07 -17081.3 54984 1.03753
587000 0.2 300.726 -4.58005 -20464.1 3364.21 -17099.9 54627.4 1.04431
588000 0.2 301.076 -210.417 -20484.8 3368.14 -17116.7 55194.9 1.03357
589000 0.2 299.08 -177.28 -20446 3345.8 -17100.2 55098.5 1.03539
590000 0.2 302.345 -17.8221 -20451.8 3382.32 -17069.4 55124.1 1.03497
591000 0.2 299.247 16.4554 -20542.7 3347.67 -17195 54951.4 1.03817
592000 0.2 298.442 -90.2844 -20538.1 3338.67 -17199.5 54792.7 1.04116
593000 0.2 299.534 59.9936 -20456.1 3350.88 -17105.2 55186.6 1.03377
594000 0.2 301.049 -98.8793 -20492.7 3367.83 -17124.9 55059.9 1.03611
595000 0.2 299.93 15.3186 -20524.2 3355.31 -17168.9 55258.8 1.03238
596000 0.2 301.549 42.3347 -20499.6 3373.42 -17126.2 55297.9 1.03165
597000 0.2 299.669 254.666 -20484 3352.4 -17131.7 55067.3 1.03596
598000 0.2 300.836 -29.4122 -20497.6 3365.45 -17132.1 55756.8 1.02316
599000 0.2 298.855 36.9104 -20512.3 3343.29 -17169 55112.6 1.03512
600000 0.2 300.779 -88.6408 -20427.5 3364.81 -17062.7 55236.9 1.0328
