# Time-averaged data for fix thermo_avg
# TimeStep v_epsilon_co v_temp v_press v_pe v_ke v_etotal v_vol v_dens
601000 0.6 301.796 -99.5012 -21214.7 3376.19 -17838.5 54448.2 1.04775
602000 0.6 296.256 162.093 -21237.8 3314.21 -17923.6 54233.2 1.05191
603000 0.6 299.198 -191.669 -21309.1 3347.12 -17962 54081.6 1.05485
604000 0.6 300.814 27.4029 -21271.8 3365.21 -17906.6 54323.7 1.05017
605000 0.6 299.723 -110.752 -21336.6 3352.99 -17983.6 53976.2 1.05693
606000 0.6 299.44 20.6643 -21330.3 3349.83 -17980.4 54074.6 1.05502
607000 0.6 298.736 65.1879 -21299.6 3341.95 -17957.7 54257.4 1.05147
608000 0.6 300.547 -326.239 -21314.1 3362.22 -17951.9 54487.8 1.04698
609000 0.6 298.344 -45.9145 -21325.7 3337.57 -17988.1 54326.3 1.05011
610000 0.6 297.932 349.339 -21274 3332.96 -17941 54674.5 1.04343
611000 0.6 298.881 -24.9578 -21324.2 3343.58 -17980.6 54593.9 1.045
612000 0.6 298.541 125.144 -21256.4 3339.78 -17916.6 54607.7 1.0447
613000 0.6 299.945 71.0381 -21274.7 3355.48 -17919.3 54601.5 1.04483
614000 0.6 300.507 56.4552 -21300.8 3361.77 -17939.1 54217.2 1.05221
615000 0.6 300.826 6.82723 -21311.5 3365.34 -17946.1 54136.3 1.05381
616000 0.6 299.132 -9.28563 -21280.5 3346.38 -17934.1 53932.2 1.05777
617000 0.6 298.038 -93.1173 -21208.5 3334.15 -17874.3 54205.8 1.05243
618000 0.6 299.905 -189.339 -21198.1 3355.03 -17843.1 54216.7 1.05222
619000 0.6 299.469 4.20529 -21192.4 3350.15 -17842.2 54281.3 1.05099
620000 0.6 300.522 -63.4072 -21247.1 3361.93 -17885.2 54311.1 1.0504
621000 0.6 300.975 -94.8159 -21159.2 3367 -17792.2 54541.7 1.04596
622000 0.6 301.241 11.1494 -21215.9 3369.97 -17846 54204.5 1.05246
623000 0.6 298.886 -204.374 -21247.6 3343.63 -17904 54043.1 1.05562
624000 0.6 299.972 -8.39975 -21246.6 3355.78 -17890.8 54141.3 1.0537
625000 0.6 299.532 133.255 -21219.2 3350.86 -17868.3 54301.9 1.05057
626000 0.6 298.53 207.846 -21259.4 3339.65 -17919.7 54219.9 1.05216
627000 0.6 300.325 8.37003 -21246 3359.73 -17886.3 54195.9 1.05264
628000 0.6 299.899 168.398 -21258.5 3354.96 -17903.5 54233.4 1.05191
629000 0.6 299.699 -268.53 -21331.5 3352.73 -17978.7 54195.5 1.05263
630000 0.6 299.982 -85.8945 -21303.8 3355.89 -17947.9 54046.2 1.05554
631000 0.6 300.466 131.17 -21256.6 3361.31 -17895.3 54238.3 1.05181
632000 0.6 300.211 -173.471 -21317.7 3358.45 -17959.2 54350.3 1.04964
633000 0.6 299.671 -189.872 -21244.5 3352.42 -17892.1 54378.9 1.0491
634000 0.6 300.302 -23.4129 -21305.3 3359.48 -17945.8 54231.6 1.05193
635000 0.6 300.396 53.0608 -21268.4 3360.53 -17907.8 54046.2 1.05555
636000 0.6 300.021 -15.7741 -21293.5 3356.33 -17937.1 54159.7 1.05335
637000 0.6 300.173 8.77569 -21341.5 3358.03 -17983.5 54233.8 1.05188
638000 0.6 299.128 55.1964 -21308.6 3346.34 -17962.3 54285.2 1.05089
639000 0.6 298.551 181.21 -21304.1 3339.89 -17964.2 54249.5 1.05159
640000 0.6 300.964 5.284 -21288.2 3366.87 -17921.4 54069.8 1.05508
641000 0.6 300.518 -215.614 -21253.7 3361.89 -17891.8 54400.6 1.04867
642000 0.6 300.415 0.579885 -21333.2 3360.73 -17972.5 54175.7 1.05302
643000 0.6 299.196 111.56 -21229.8 3347.1 -17882.7 54449.4 1.04774
644000 0.6 300.946 115.384 -21227.3 3366.67 -17860.6 54151.9 1.05349
645000 0.6 297.992 -14.9361 -21236 3333.63 -17902.3 53987.3 1.0567
646000 0.6 300.192 146.558 -21227.4 3358.24 -17869.2 53735.2 1.06166
647000 0.6 300.453 -87.9135 -21261 3361.16 -17899.8 53876.7 1.05888
648000 0.6 302.421 93.3786 -21233.4 3383.18 -17850.2 53875.2 1.05889
649000 0.6 300.658 -29.7845 -21260.8 3363.45 -17897.3 54385.8 1.04895
650000 0.6 300.515 -181.164 -21256.9 3361.85 -17895.1 54263.5 1.05131
651000 0.6 300.944 119.411 -21196.8 3366.65 -17830.2 54234.2 1.05195
652000 0.6 299.441 -169.089 -21220.2 3349.85 -17870.4 54208 1.05239
653000 0.6 300.977 94.254 -21303.1 3367.02 -17936.1 54295.3 1.0507
654000 0.6 299.339 -188.618 -21286.7 3348.7 -17938 54543.2 1.04593
655000 0.6 299.306 10.6527 -21303.1 3348.33 -17954.8 53963.6 1.0572
656000 0.6 298.891 51.4018 -21296.1 3343.69 -17952.4 54106.5 1.05438
657000 0.6 299.434 145.457 -21308.9 3349.76 -17959.1 53986.2 1.05672
658000 0.6 299.701 -28.0955 -21282.5 3352.75 -17929.8 54036.6 1.05572
659000 0.6 299.784 138.017 -21302.4 3353.68 -17948.7 54043.5 1.05559
660000 0.6 300.076 18.7604 -21238 3356.95 -17881 54161.8 1.0533
661000 0.6 299.979 -24.8702 -21250.3 3355.86 -17894.4 54465.7 1.04742
662000 0.6 301.002 149.471 -21277.8 3367.31 -17910.5 54115.1 1.05422
663000 0.6 299.682 -94.2729 -21289.7 3352.54 -17937.2 54256.7 1.05146
664000 0.6 301.448 91.3299 -21286.8 3372.3 -17914.5 54180.6 1.05293
665000 0.6 299.718 25.02 -21281.2 3352.94 -17928.2 54413.8 1.04842
666000 0.6 300.308 -115.409 -21226.3 3359.54 -17866.7 54240.8 1.05177
667000 0.6 299.761 -90.7944 -21234.5 3353.42 -17881.1 54124.6 1.05401
668000 0.6 300.114 -151.253 -21229.4 3357.37 -17872 54022.3 1.05603
669000 0.6 299.557 183.116 -21240.2 3351.14 -17889 54048.5 1.05551
670000 0.6 300.549 -5.07117 -21250.7 3362.24 -17888.4 54277 1.05105
671000 0.6 299.155 30.3567 -21266.6 3346.65 -17920 54669.8 1.04353
672000 0.6 299.702 -9.74062 -21256.4 3352.76 -17903.6 54748.7 1.042
673000 0.6 299.802 -36.4919 -21263.1 3353.88 -17909.2 54416.2 1.04839
674000 0.6 300.477 -127.648 -21291.6 3361.43 -17930.2 54431.2 1.04807
675000 0.6 301.195 -155.873 -21327.8 3369.46 -17958.4 54238.3 1.0518
676000 0.6 297.056 96.1234 -21212.4 3323.15 -17889.3 54255.5 1.05148
677000 0.6 300.664 184.336 -21290 3363.52 -17926.5 54256.8 1.05144
678000 0.6 300.075 -55.2549 -21305.7 3356.93 -17948.7 54460.3 1.04752
679000 0.6 300.173 -83.6695 -21241.4 3358.03 -17883.4 54568.1 1.04546
680000 0.6 301.04 116.507 -21252.5 3367.73 -17884.8 54143.4 1.05364
681000 0.6 300.766 -36.3934 -21258 3364.67 -17893.3 54221.2 1.05215
682000 0.6 299.521 30.3054 -21195.3 3350.73 -17844.5 54310.1 1.05042
683000 0.6 300.046 129.31 -21282.7 3356.61 -17926.1 54329.6 1.05003
684000 0.6 299.327 -52.6275 -21234.7 3348.56 -17886.2 54339.8 1.04984
685000 0.6 301.611 245.191 -21198.3 3374.12 -17824.2 54080.1 1.05489
686000 0.6 299.808 -5.47689 -21249.5 3353.94 -17895.5 53951.5 1.05741
687000 0.6 299.719 108.985 -21251.7 3352.95 -17898.7 53997.5 1.0565
688000 0.6 302.798 -49.0339 -21322.3 3387.4 -17934.9 54064.9 1.05517
689000 0.6 298.156 -101.749 -21251.5 3335.47 -17916.1 54276.1 1.05107
690000 0.6 301.145 63.6334 -21240.3 3368.9 -17871.4 54263.7 1.05132
691000 0.6 300.121 82.2453 -21189.8 3357.45 -17832.4 54469.5 1.04734
692000 0.6 298.774 3.21185 -21198.9 3342.38 -17856.5 54215.7 1.05225
693000 0.6 301.153 -80.1931 -21224 3369 -17855 54028.4 1.05591
694000 0.6 299.532 -264.959 -21256.3 3350.85 -17905.5 53959.6 1.05724
695000 0.6 300.926 -199.793 -21183.6 3366.45 -17817.1 53959.5 1.05725
696000 0.6 300.362 8.90835 -21274.4 3360.14 -17914.3 53972.1 1.05699
697000 0.6 300.905 -280.927 -21271.4 3366.22 -17905.2 54453.5 1.04767
698000 0.6 299.473 148.235 -21298.1 3350.19 -17947.9 54181.4 1.05291
699000 0.6 299.363 -12.4866 -21277.7 3348.96 -17928.7 54633.8 1.0442
700000 0.6 300.95 -207.634 -21285.9 3366.72 -17919.2 54329.1 1.05005
701000 0.6 300.521 -91.5203 -21268.7 3361.93 -17906.8 53981.3 1.05681
702000 0.6 301.215 -182.372 -21222.5 3369.69 -17852.8 53970.5 1.05704
703000 0.6 300.241 -3.27031 -21226.9 3358.79 -17868.1 54299.2 1.05062
704000 0.6 300.496 174.653 -21249.4 3361.64 -17887.7 54208.2 1.05239
705000 0.6 299.967 184.549 -21310.6 3355.72 -17954.9 54091.1 1.05466
706000 0.6 298.597 -5.60115 -21321.4 3340.4 -17981 54275.4 1.0511
707000 0.6 299.269 -126.023 -21273.1 3347.91 -17925.1 54194.7 1.05265
708000 0.6 300.61 -99.0214 -21233.7 3362.92 -17870.7 54195.7 1.05264
709000 0.6 299.053 -58.2203 -21271.6 3345.5 -17926.1 54464.3 1.04745
710000 0.6 301.624 381.89 -21283.9 3374.27 -17909.6 54332 1.04999
711000 0.6 300.945 -62.5201 -21234.7 3366.67 -17868.1 54173.6 1.05309
712000 0.6 298.204 121.107 -21277.8 3336 -17941.8 54298.5 1.05063
713000 0.6 300.86 -21.0242 -21330.9 3365.72 -17965.2 54495.5 1.04685
714000 0.6 299.935 63.255 -21234.4 3355.37 -17879.1 54248.8 1.05161
715000 0.6 299.949 94.5225 -21250.3 3355.53 -17894.7 54268.8 1.05121
716000 0.6 297.602 -31.2835 -21248.6 3329.27 -17919.3 54586.9 1.0451
717000 0.6 299.261 -139.389 -21233.2 3347.83 -17885.4 54050.7 1.05547
718000 0.6 301.49 136.087 -21189.1 3372.77 -17816.3 54020.5 1.05604
719000 0.6 300.165 -3.64246 -21198.6 3357.94 -17840.6 54175.6 1.05304
720000 0.6 302.198 28.8024 -21202.6 3380.68 -17821.9 54271.5 1.05117
721000 0.6 299.209 -125.637 -21258.3 3347.25 -17911.1 54493.2 1.0469
722000 0.6 300.104 -94.0017 -21227.4 3357.26 -17870.1 54300.3 1.05061
723000 0.6 299.9 129.893 -21289.7 3354.97 -17934.8 53978.1 1.05687
724000 0.6 299.629 31.1155 -21200.6 3351.94 -17848.6 54439.4 1.04792
725000 0.6 297.995 126.31 -21257.2 3333.66 -17923.5 54255.9 1.05147
726000 0.6 299.532 -44.3016 -21253 3350.86 -17902.2 53830.2 1.05978
727000 0.6 299.421 15.9836 -21264.1 3349.61 -17914.4 53907.6 1.05829
728000 0.6 299.391 -71.4526 -21217.5 3349.28 -17868.2 54207.3 1.0524
729000 0.6 301.527 -47.5595 -21226.4 3373.17 -17853.2 54188.5 1.05278
730000 0.6 298.299 138.061 -21234.9 3337.06 -17897.9 54195.9 1.05265
731000 0.6 300.302 -97.1678 -21267.9 3359.47 -17908.4 54292.5 1.05075
732000 0.6 299.835 146.221 -21254.6 3354.25 -17900.4 54263.5 1.05132
733000 0.6 298.005 -204.872 -21213.7 3333.78 -17879.9 54214.7 1.05226
734000 0.6 300.994 -86.6651 -21228.1 3367.21 -17860.9 54327.7 1.0501
735000 0.6 301.428 -52.4682 -21240.6 3372.07 -17868.5 54716.9 1.0426
736000 0.6 299.081 -90.5809 -21269.3 3345.81 -17923.5 54361.4 1.04943
737000 0.6 299.113 -38.0733 -21250.6 3346.17 -17904.5 54689.1 1.04313
738000 0.6 302.141 -4.70609 -21295.8 3380.04 -17915.8 54270.7 1.05119
739000 0.6 300.074 30.569 -21251.2 3356.92 -17894.3 54433 1.04806
740000 0.6 299.336 136.189 -21199.1 3348.67 -17850.4 54378.4 1.04912
741000 0.6 299.328 84.3416 -21239.6 3348.58 -17891 54359.2 1.04946
742000 0.6 298.359 -156.354 -21257.4 3337.74 -17919.6 54068.8 1.05511
743000 0.6 299.314 215.716 -21347.9 3348.42 -17999.5 54099.2 1.05452
744000 0.6 301.485 56.8561 -21254.4 3372.7 -17881.7 54266.1 1.05127
745000 0.6 298.625 275.304 -21276.2 3340.71 -17935.5 53991.5 1.0566
746000 0.6 298.414 -166.622 -21263.8 3338.35 -17925.4 53810.1 1.06017
747000 0.6 299.598 -40.1085 -21265.5 3351.6 -17913.9 54208.2 1.0524
748000 0.6 299.871 287.14 -21286.5 3354.65 -17931.9 53883.8 1.05874
749000 0.6 297.582 64.5556 -21304.1 3329.04 -17975 54425.7 1.04819
750000 0.6 299.035 -210.375 -21332 3345.29 -17986.7 54377.1 1.04913
751000 0.6 299.823 75.4081 -21287.7 3354.12 -17933.6 54208.6 1.05238
752000 0.6 301.805 -36.94 -21256.8 3376.29 -17880.6 54048 1.05555
753000 0.6 300.465 -90.131 -21231 3361.3 -17869.7 53951.3 1.05739
754000 0.6 299.709 162.669 -21267.6 3352.84 -17914.8 53809.3 1.06021
755000 0.6 299.868 112.094 -21298.6 3354.62 -17944 54167.2 1.05318
756000 0.6 301.408 101.761 -21204.3 3371.85 -17832.4 54126.9 1.05397
757000 0.6 301.907 52.0831 -21218.9 3377.43 -17841.5 54232.3 1.05193
758000 0.6 299.555 127.074 -21284.9 3351.12 -17933.8 54375.9 1.04914
759000 0.6 300.249 245.062 -21228.1 3358.88 -17869.2 54188.9 1.05276
760000 0.6 298.117 90.944 -21195.8 3335.03 -17860.8 54236 1.05186
761000 0.6 300.698 -65.7216 -21207.3 3363.9 -17843.4 54362.9 1.04939
762000 0.6 299.77 183.312 -21199.1 3353.52 -17845.6 54230.7 1.05195
763000 0.6 301.778 -207.284 -21278.1 3375.99 -17902.1 54225.5 1.05206
764000 0.6 299.343 -210.552 -21233.7 3348.75 -17884.9 54504.4 1.04667
765000 0.6 297.69 59.6056 -21214.2 3330.26 -17883.9 54298.6 1.05065
766000 0.6 300.996 -271.882 -21273 3367.23 -17905.8 54360.1 1.04946
767000 0.6 299.778 -25.0244 -21261.6 3353.61 -17908 54116.2 1.05418
768000 0.6 300.319 80.6602 -21236.4 3359.67 -17876.7 54129.2 1.05393
769000 0.6 297.77 141.447 -21204 3331.14 -17872.8 54373.9 1.04919
770000 0.6 300.65 32.8891 -21316.2 3363.37 -17952.8 54047.2 1.05555
771000 0.6 299.447 132.086 -21273.7 3349.9 -17923.8 54075.3 1.05498
772000 0.6 300.331 -56.9669 -21266.4 3359.8 -17906.6 54025.9 1.05596
773000 0.6 300.169 94.3823 -21323.6 3357.99 -17965.6 54184.8 1.05285
774000 0.6 299.615 178.997 -21316.5 3351.79 -17964.7 54114 1.05422
775000 0.6 300.382 165.274 -21263.9 3360.37 -17903.5 53864.2 1.05912
776000 0.6 301.458 -113.085 -21305.1 3372.41 -17932.7 54119.3 1.05412
777000 0.6 302.044 146.303 -21288.1 3378.96 -17909.2 54229.9 1.05197
778000 0.6 301.693 0.46618 -21300.2 3375.03 -17925.2 53942.5 1.05758
779000 0.6 302.104 141.343 -21300.7 3379.64 -17921 53653 1.06331
780000 0.6 299.266 -263.323 -21257.1 3347.88 -17909.2 54222.4 1.05212
781000 0.6 299.93 -16.8476 -21280.2 3355.31 -17924.9 54315.5 1.05031
782000 0.6 300.593 5.64364 -21326.2 3362.73 -17963.5 53941.9 1.05759
783000 0.6 298.686 145.234 -21321.7 3341.39 -17980.3 54105 1.0544
784000 0.6 297.007 141.639 -21246.2 3322.62 -17923.6 54106.9 1.05437
785000 0.6 300.436 -43.1755 -21182.1 3360.97 -17821.1 54448.4 1.04775
786000 0.6 299.739 98.3794 -21217.6 3353.17 -17864.4 54256.8 1.05145
787000 0.6 301.055 31.3057 -21238.1 3367.89 -17870.2 53939 1.05766
788000 0.6 299.897 28.9496 -21282.8 3354.94 -17927.8 54301.3 1.05058
789000 0.6 300.507 87.0036 -21145.5 3361.76 -17783.8 54106.6 1.05437
790000 0.6 298.784 -50.8237 -21176.6 3342.49 -17834.1 54353.3 1.04962
791000 0.6 299.622 -67.643 -21286.9 3351.86 -17935 54566.8 1.04548
792000 0.6 299.847 -75.2435 -21339.9 3354.39 -17985.5 54318.4 1.05028
793000 0.6 301.135 -117.66 -21311.7 3368.79 -17942.9 54168.8 1.05317
794000 0.6 296.945 47.0793 -21304.4 3321.92 -17982.5 54334.8 1.04994
795000 0.6 300.832 -110.308 -21305.6 3365.41 -17940.2 54545.3 1.04589
796000 0.6 300.203 -46.1139 -21307 3358.37 -17948.6 54365.7 1.04933
797000 0.6 300.815 47.4481 -21309 3365.22 -17943.7 54301.1 1.05059
798000 0.6 300.1 -56.0315 -21277.2 3357.21 -17920 54124.6 1.05401
799000 0.6 301.254 53.4022 -21267.9 3370.12 -17897.7 54000.4 1.05646
800000 0.6 300.335 -266.517 -21321.5 3359.84 -17961.7 54084 1.05482
801000 0.6 300.9 134.78 -21350.3 3366.16 -17984.1 54402.3 1.04864
802000 0.6 299.609 29.9556 -21292.7 3351.72 -17941 54173.1 1.05308
803000 0.6 300.822 -232.877 -21229.1 3365.29 -17863.8 54483.2 1.04708
804000 0.6 298.125 247.061 -21207.6 3335.11 -17872.5 54454.2 1.04763
805000 0.6 301.3 224.718 -21198.6 3370.64 -17828 54020.3 1.05607
806000 0.6 299.731 -51.6022 -21249.1 3353.08 -17896 54285.5 1.0509
807000 0.6 300.33 -124.739 -21168.8 3359.78 -17809 54218.1 1.05221
808000 0.6 302.258 196.371 -21199.2 3381.36 -17817.9 54266.2 1.05127
809000 0.6 299.598 -19.3656 -21215.3 3351.6 -17863.7 54416.6 1.04837
810000 0.6 299.901 25.3702 -21310.1 3354.98 -17955.1 54547 1.04585
811000 0.6 298.882 -150.104 -21285.1 3343.59 -17941.5 54415 1.0484
812000 0.6 299.452 -32.5822 -21205.5 3349.96 -17855.5 54278.5 1.05104
813000 0.6 299.602 195.322 -21255.2 3351.64 -17903.5 54311.1 1.05042
814000 0.6 298.995 264.816 -21152.5 3344.85 -17807.7 53827.8 1.05983
815000 0.6 299.393 -118.795 -21209.2 3349.3 -17859.9 54204.2 1.05247
816000 0.6 299.773 112.107 -21235.4 3353.56 -17881.9 54148.9 1.05354
817000 0.6 301.035 -86.1595 -21271.2 3367.68 -17903.5 54333.4 1.04997
818000 0.6 299.554 75.8923 -21270.5 3351.11 -17919.4 54292.9 1.05075
819000 0.6 301.109 156.321 -21248.8 3368.5 -17880.3 54450.4 1.04771
820000 0.6 300.289 -23.5366 -21292.4 3359.33 -17933.1 53844.6 1.05951
821000 0.6 299.342 1.49509 -21293 3348.73 -17944.3 53868.2 1.05904
822000 0.6 301.202 -198.596 -21236.3 3369.55 -17866.8 54271.8 1.05116
823000 0.6 299.543 -16.3587 -21247.7 3350.99 -17896.7 54296.7 1.05067
824000 0.6 299.575 -69.7833 -21245.5 3351.34 -17894.2 54053.7 1.0554
825000 0.6 299.005 -56.1582 -21220.9 3344.96 -17875.9 54088.5 1.05473
826000 0.6 300.674 -96.9456 -21206.7 3363.63 -17843 54113.2 1.05424
827000 0.6 300.584 144.241 -21225.1 3362.63 -17862.5 54459.9 1.04752
828000 0.6 298.007 42.187 -21244.6 3333.8 -17910.8 54314.3 1.05034
829000 0.6 300.389 324.924 -21279.9 3360.44 -17919.5 54211 1.05233
830000 0.6 299.744 -54.0143 -21283.2 3353.23 -17930 54417.4 1.04834
831000 0.6 300.79 -126 -21278.4 3364.93 -17913.5 54228.7 1.05199
832000 0.6 300.277 -94.5447 -21178.5 3359.19 -17819.3 54086.8 1.05476
833000 0.6 302.009 183.177 -21287.7 3378.57 -17909.1 54394.4 1.0488
834000 0.6 301.172 -268.182 -21319.9 3369.2 -17950.7 54332.2 1.05
835000 0.6 298.539 -173.858 -21256.4 3339.74 -17916.6 54379.5 1.04911
836000 0.6 299.497 -15.0155 -21209 3350.47 -17858.5 54136.1 1.0538
837000 0.6 300.779 -196.895 -21218.9 3364.81 -17854 53928.6 1.05785
838000 0.6 298.852 -136.738 -21293.5 3343.25 -17950.2 54001.3 1.05644
839000 0.6 300.047 -121.533 -21287.1 3356.62 -17930.5 54185.5 1.05282
840000 0.6 297.837 -133.708 -21232.4 3331.9 -17900.5 54498 1.04679
841000 0.6 300.487 -110.37 -21253.6 3361.55 -17892.1 54229.4 1.05198
842000 0.6 300.175 148.393 -21280.4 3358.05 -17922.3 54515.4 1.04646
843000 0.6 300.563 3.11852 -21214.1 3362.39 -17851.7 54408.8 1.04852
844000 0.6 299.47 -209.117 -21227.1 3350.16 -17877 54250.1 1.05157
845000 0.6 297.55 51.7446 -21246.1 3328.69 -17917.5 54115.8 1.05419
846000 0.6 299.323 19.229 -21249.7 3348.52 -17901.2 54036.4 1.05575
847000 0.6 298.635 -41.7219 -21295.8 3340.82 -17955 53930.6 1.05782
848000 0.6 299.418 23.2514 -21222.7 3349.58 -17873.1 54235.4 1.05186
849000 0.6 298.967 -136.401 -21266.6 3344.54 -17922 54014.4 1.05616
850000 0.6 299.432 17.2681 -21229.3 3349.75 -17879.5 54215.9 1.05223
851000 0.6 300.29 31.6671 -21231.9 3359.33 -17872.5 54151.8 1.05349
852000 0.6 300.264 77.824 -21247.9 3359.04 -17888.8 53832.3 1.05976
853000 0.6 302.749 -64.4395 -21271.6 3386.85 -17884.7 53958.5 1.05729
854000 0.6 301.88 41.6205 -21305.6 3377.13 -17928.4 54150.2 1.05352
855000 0.6 298.576 -48.3358 -21304.2 3340.17 -17964 54068.2 1.05511
856000 0.6 299.319 29.9514 -21190 3348.48 -17841.5 54411.6 1.04848
857000 0.6 298.134 45.3424 -21242.6 3335.22 -17907.4 54613.3 1.04459
858000 0.6 298.88 6.94745 -21227.1 3343.56 -17883.6 54394.9 1.0488
859000 0.6 299.428 -58.0168 -21222.9 3349.69 -17873.2 54267.1 1.05124
860000 0.6 298.425 25.7593 -21224 3338.47 -17885.5 54064.6 1.05521
861000 0.6 299.336 20.8866 -21184.3 3348.66 -17835.6 54132.7 1.05386
862000 0.6 298.436 -178.264 -21183.3 3338.6 -17844.7 54431.8 1.04809
863000 0.6 298.667 181.646 -21142.5 3341.18 -17801.3 54059.5 1.05528
864000 0.6 301.011 15.0833 -21203.3 3367.41 -17835.9 53788.1 1.06061
865000 0.6 298.517 -97.4005 -21215.8 3339.51 -17876.3 53636.2 1.06361
866000 0.6 301.307 30.0526 -21204.8 3370.72 -17834.1 53809 1.06019
867000 0.6 301.313 -184.23 -21224.6 3370.78 -17853.8 53850.5 1.0594
868000 0.6 299.212 32.6176 -21244.2 3347.28 -17896.9 53926.3 1.05789
869000 0.6 298.517 75.9613 -21227.5 3339.51 -17887.9 54399 1.0487
870000 0.6 299.648 -100.386 -21233.2 3352.16 -17881.1 54274 1.05113
871000 0.6 301.379 -56.3755 -21300.2 3371.52 -17928.6 54477.5 1.04718
872000 0.6 300.768 -53.3006 -21208.1 3364.69 -17843.4 54417.2 1.04838
873000 0.6 299.733 -143.611 -21280 3353.11 -17926.9 54360.7 1.04945
874000 0.6 300.556 -165.099 -21259.9 3362.31 -17897.6 54090.8 1.05469
875000 0.6 300.577 -59.7827 -21314.4 3362.55 -17951.9 54183.6 1.05287
876000 0.6 299.289 144.242 -21222.1 3348.14 -17874 54466.9 1.04741
877000 0.6 299.527 -117.139 -21329.5 3350.8 -17978.7 54676.5 1.04338
878000 0.6 300.11 156.07 -21347.3 3357.32 -17990 54470.8 1.04731
879000 0.6 300.302 -110.404 -21337.1 3359.47 -17977.6 54145.4 1.05363
880000 0.6 299.506 32.44 -21346.5 3350.57 -17995.9 53846 1.05948
881000 0.6 300.45 -2.16065 -21289.7 3361.13 -17928.6 54009 1.05627
882000 0.6 300.004 -96.4061 -21217.9 3356.14 -17861.7 53830 1.05979
883000 0.6 300.663 83.6513 -21238 3363.51 -17874.5 54128.5 1.05395
884000 0.6 298.761 -11.9227 -21348.2 3342.24 -18005.9 53948.9 1.05749
885000 0.6 300.704 201.264 -21315.9 3363.97 -17952 54122.3 1.05406
886000 0.6 301.462 -31.3356 -21332.9 3372.45 -17960.5 54210.7 1.05235
887000 0.6 302.417 -89.7149 -21345.3 3383.13 -17962.1 54159.6 1.05333
888000 0.6 298.822 -95.3279 -21275.5 3342.91 -17932.6 54031.9 1.05582
889000 0.6 299.729 -3.42219 -21305.9 3353.07 -17952.8 53669.9 1.06296
890000 0.6 301.326 -404.648 -21254.6 3370.93 -17883.6 54039.4 1.05567
891000 0.6 299.614 372.498 -21212.1 3351.78 -17860.3 54123.4 1.05407
892000 0.6 299.667 -152.985 -21287.8 3352.37 -17935.4 54049.9 1.05547
893000 0.6 299.587 5.97627 -21296.3 3351.47 -17944.9 54357.7 1.04949
894000 0.6 298.94 -250.384 -21247.8 3344.24 -17903.5 54068.7 1.0551
895000 0.6 298.273 -159.119 -21288.8 3336.78 -17952.1 54038.1 1.05575
896000 0.6 298.422 -53.2415 -21225.6 3338.44 -17887.1 54126.4 1.05397
897000 0.6 300.63 -166.758 -21279.1 3363.14 -17916 54324.8 1.05013
898000 0.6 299.568 -53.3217 -21261.1 3351.26 -17909.8 54596.1 1.04492
899000 0.6 299.43 127.157 -21207.7 3349.72 -17858 54092.2 1.05465
900000 0.6 300.561 -182.41 -21218.5 3362.37 -17856.2 54095.3 1.05459
901000 0.6 299.321 10.9505 -21316.3 3348.5 -17967.8 53821.5 1.05997
902000 0.6 301.317 42.8116 -21336.7 3370.83 -17965.9 54221.7 1.05215
903000 0.6 300.849 46.5121 -21288.5 3365.59 -17922.9 54326.5 1.0501
904000 0.6 301.225 259.86 -21292.6 3369.8 -17922.8 54373.4 1.04919
905000 0.6 300.459 220.415 -21262 3361.22 -17900.7 54107.3 1.05436
906000 0.6 301.141 138.334 -21173.4 3368.86 -17804.5 54500.1 1.04674
907000 0.6 299.373 -69.1683 -21254.2 3349.08 -17905.1 54574.9 1.04533
908000 0.6 298.435 48.7219 -21308.4 3338.58 -17969.8 54162.1 1.05331
909000 0.6 301.106 27.6949 -21306.6 3368.47 -17938.1 53980 1.05683
910000 0.6 298.708 57.8274 -21304.2 3341.64 -17962.6 54193.7 1.05268
911000 0.6 299.387 -32.8423 -21341.1 3349.23 -17991.8 54077.7 1.05492
912000 0.6 299.17 95.3673 -21284.7 3346.81 -17937.8 53896.3 1.05851
913000 0.6 298.603 -143.408 -21283 3340.47 -17942.6 54519 1.0464
914000 0.6 300.832 -73.5311 -21254.5 3365.4 -17889.1 54186 1.05281
915000 0.6 300.911 1.55961 -21239.6 3366.28 -17873.4 54198.8 1.05257
916000 0.6 299.898 -93.7959 -21248.2 3354.95 -17893.2 54376.1 1.04913
917000 0.6 299.091 25.5195 -21218.7 3345.93 -17872.8 54563.2 1.04554
918000 0.6 298.62 -34.4924 -21184.2 3340.66 -17843.5 54466.3 1.04742
919000 0.6 300.459 9.81697 -21207.9 3361.23 -17846.6 54331.1 1.05005
920000 0.6 299.366 -95.6636 -21280.5 3349 -17931.5 54306.1 1.0505
921000 0.6 299.804 -8.09549 -21289.3 3353.9 -17935.4 53943.9 1.05755
922000 0.6 301.111 -47.3467 -21299.1 3368.52 -17930.6 53740.6 1.06156
923000 0.6 300.985 41.4328 -21275.4 3367.11 -17908.3 54202.4 1.0525
924000 0.6 300.994 -61.5744 -21290.2 3367.22 -17923 54041.3 1.05563
925000 0.6 299.642 -217.461 -21247.1 3352.09 -17895 54153.1 1.05346
926000 0.6 300.223 -118.351 -21241.7 3358.59 -17883.1 54136.4 1.0538
927000 0.6 300.036 -198.991 -21310 3356.5 -17953.5 54248.1 1.05162
928000 0.6 299.155 70.4532 -21290.4 3346.64 -17943.7 53956.4 1.0573
929000 0.6 300.159 4.69057 -21322.4 3357.88 -17964.5 53858.3 1.05922
930000 0.6 299.938 111.625 -21281.2 3355.4 -17925.8 54316.6 1.05029
931000 0.6 299.247 20.9791 -21373.8 3347.67 -18026.1 53917.6 1.05807
932000 0.6 300.858 -154.724 -21273.8 3365.69 -17908.1 54326.4 1.05012
933000 0.6 299.795 108.058 -21278.7 3353.8 -17924.9 54074.6 1.055
934000 0.6 299.789 55.4598 -21290.5 3353.73 -17936.8 54133.8 1.05384
935000 0.6 298.339 31.0821 -21286.5 3337.51 -17948.9 54248.9 1.05161
936000 0.6 299.792 126.523 -21261.3 3353.77 -17907.6 53768.8 1.061
937000 0.6 299.504 -60.6854 -21286.4 3350.54 -17935.8 54251.8 1.05154
938000 0.6 300.502 -120.804 -21394.7 3361.72 -18032.9 54356.8 1.04952
939000 0.6 301.609 14.5271 -21352.2 3374.1 -17978.1 54426.2 1.04819
940000 0.6 300.947 -223.537 -21247.7 3366.69 -17881.1 54667.4 1.04354
941000 0.6 300.989 -62.4575 -21255.2 3367.16 -17888.1 54507 1.04662
942000 0.6 300.591 -19.2472 -21247 3362.71 -17884.3 54310.3 1.05041
943000 0.6 297.434 180.353 -21295.6 3327.38 -17968.2 54328.2 1.05007
944000 0.6 298.748 13.666 -21224.1 3342.09 -17882 54025.6 1.05595
945000 0.6 299.93 35.6744 -21276.6 3355.31 -17921.3 54024.5 1.05596
946000 0.6 300.117 175.032 -21233.5 3357.4 -17876.1 54059.5 1.05528
947000 0.6 300.709 104.275 -21243.1 3364.03 -17879.1 54285.9 1.05089
948000 0.6 301.322 -35.5406 -21254.6 3370.89 -17883.8 54407 1.04857
949000 0.6 299.372 120.16 -21292 3349.07 -17943 54404.7 1.04859
950000 0.6 297.435 211.605 -21321.4 3327.4 -17994 54282 1.05096
951000 0.6 300.243 13.5265 -21288.3 3358.82 -17929.5 54114.1 1.05424
952000 0.6 298.718 149.211 -21327.4 3341.75 -17985.6 54044.2 1.05559
953000 0.6 299.334 -43.6811 -21224.8 3348.64 -17876.1 54583.6 1.04516
954000 0.6 299.778 170.977 -21274.2 3353.61 -17920.5 54349.9 1.04965
955000 0.6 300.947 -95.8478 -21339.7 3366.69 -17973 54187.3 1.05279
956000 0.6 301.434 -58.0227 -21352.4 3372.14 -17980.2 54231.5 1.05196
957000 0.6 301.398 22.5898 -21237.2 3371.74 -17865.5 54056.1 1.05536
958000 0.6 302.12 178.698 -21240.3 3379.81 -17860.5 54138.4 1.05376
959000 0.6 300.609 47.2671 -21236.3 3362.9 -17873.4 53913.5 1.05814
960000 0.6 301.001 102.889 -21275.1 3367.29 -17907.9 54176.9 1.053
961000 0.6 301.055 66.8746 -21286.5 3367.89 -17918.6 54029 1.05588
962000 0.6 298.091 -21.6335 -21245.7 3334.74 -17911 54426.4 1.04817
963000 0.6 300.146 -154.122 -21268 3357.73 -17910.3 53945.6 1.05752
964000 0.6 299.865 18.9061 -21224.9 3354.58 -17870.3 53941.6 1.05761
965000 0.6 298.919 86.0184 -21246.9 3344 -17902.9 54509.9 1.04658
966000 0.6 302.073 -35.3303 -21220 3379.28 -17840.7 54412.3 1.04844
967000 0.6 300.819 291.734 -21256.1 3365.26 -17890.8 54049 1.0555
968000 0.6 299.548 -195.95 -21261.3 3351.04 -17910.3 54385.9 1.04896
969000 0.6 299.294 -9.21677 -21295.5 3348.2 -17947.3 54225.6 1.05207
970000 0.6 300.459 -37.8309 -21233.1 3361.23 -17871.9 54431.3 1.04808
971000 0.6 301.19 -102.645 -21254.1 3369.4 -17884.7 54278.1 1.05104
972000 0.6 300.764 161.801 -21328.1 3364.64 -17963.5 54435.8 1.04805
973000 0.6 298.805 51.5913 -21386 3342.72 -18043.3 54312.4 1.05038
974000 0.6 300.041 25.8744 -21228.1 3356.55 -17871.6 54161.2 1.0533
975000 0.6 299.363 52.9672 -21216.1 3348.97 -17867.1 54205 1.05249
976000 0.6 301.514 -76.1821 -21268.5 3373.03 -17895.5 54091.7 1.05465
977000 0.6 299.35 155.421 -21270.6 3348.82 -17921.8 53932.4 1.05777
978000 0.6 299.036 75.031 -21298.4 3345.31 -17953.1 54172.8 1.05308
979000 0.6 300.736 -180.339 -21275.6 3364.33 -17911.3 54385.9 1.04895
980000 0.6 300.976 18.5939 -21309.9 3367.01 -17942.9 54216.9 1.05225
981000 0.6 300.5 271.394 -21284.5 3361.69 -17922.8 53780.4 1.06078
982000 0.6 300.469 38.6439 -21224 3361.35 -17862.7 53800.9 1.06036
983000 0.6 300.691 -171.418 -21225.4 3363.82 -17861.6 54115.8 1.0542
984000 0.6 301.939 -184.333 -21286.6 3377.79 -17908.8 54354.4 1.04958
985000 0.6 299.076 -95.696 -21309 3345.76 -17963.2 54515.4 1.04646
986000 0.6 298.75 110.024 -21291.7 3342.11 -17949.6 54219.3 1.05217
987000 0.6 301.626 -51.988 -21323.2 3374.29 -17948.9 54210.2 1.05236
988000 0.6 298.956 -214.299 -21294.7 3344.42 -17950.3 54349.6 1.04968
989000 0.6 298.868 -183.324 -21321.4 3343.43 -17978 54427.6 1.04816
990000 0.6 301.104 18.9597 -21315.5 3368.44 -17947.1 54547.7 1.04585
991000 0.6 300.788 -71.2981 -21352.9 3364.91 -17988 54673.4 1.04343
992000 0.6 300.162 86.2872 -21292.3 3357.9 -17934.4 54617.3 1.04452
993000 0.6 301.924 -308.978 -21358.9 3377.61 -17981.3 54557.6 1.04565
994000 0.6 298.912 111.669 -21213 3343.92 -17869.1 54209.6 1.05239
995000 0.6 300.728 -232.657 -21302.9 3364.23 -17938.7 54312.4 1.05037
996000 0.6 299.457 -75.5689 -21309 3350.03 -17959 54498.9 1.04678
997000 0.6 301.972 -265.207 -21299.8 3378.15 -17921.6 54570 1.04541
998000 0.6 300.564 60.3278 -21260.1 3362.41 -17897.7 54337.2 1.04989
999000 0.6 299.881 59.5961 -21297.7 3354.76 -17942.9 54129.6 1.05392
1000000 0.6 300 121.164 -21340 3356.1 -17983.9 54190.9 1.05277
1001000 0.6 299.076 -38.2908 -21226.1 3345.76 -17880.3 54279.6 1.05102
1002000 0.6 298.587 30.0535 -21304.9 3340.29 -17964.6 54366.9 1.04931
1003000 0.6 300.042 -10.7426 -21244.2 3356.57 -17887.7 54166.1 1.0532
1004000 0.6 300.777 35.718 -21231.3 3364.79 -17866.5 54139.6 1.05375
1005000 0.6 298.838 86.1484 -21312.5 3343.09 -17969.4 54216.4 1.05224
1006000 0.6 299.86 173.736 -21242.7 3354.53 -17888.2 54220.2 1.05219
1007000 0.6 299.909 56.7709 -21279.6 3355.08 -17924.5 53898.8 1.05843
1008000 0.6 299.388 -26.2488 -21245.4 3349.25 -17896.1 54296.5 1.05069
1009000 0.6 300.538 -91.7215 -21242.8 3362.12 -17880.7 54296.3 1.0507
1010000 0.6 300.457 86.0585 -21269.2 3361.2 -17908 54304.9 1.05051
1011000 0.6 300.57 11.7767 -21277.5 3362.47 -17915 54452.3 1.04766
1012000 0.6 298.526 156.442 -21283.9 3339.6 -17944.3 54143.8 1.05364
1013000 0.6 299.873 20.0906 -21275.8 3354.68 -17921.1 54515.1 1.04648
1014000 0.6 299.805 106.56 -21284.9 3353.91 -17931 54327.6 1.05007
1015000 0.6 301.077 23.4254 -21304.9 3368.15 -17936.7 54408.9 1.04854
1016000 0.6 299.001 84.6815 -21271.8 3344.92 -17926.9 54604.6 1.04475
1017000 0.6 299.061 206.521 -21276.2 3345.59 -17930.6 54768.9 1.04162
1018000 0.6 299.205 29.2711 -21287.6 3347.2 -17940.4 54012.3 1.0562
1019000 0.6 300.376 -8.36239 -21217 3360.3 -17856.7 53886.8 1.05866
1020000 0.6 300.042 -14.1925 -21228.7 3356.56 -17872.2 54011.4 1.05623
1021000 0.6 299.719 41.7971 -21243.3 3352.95 -17890.3 54239.4 1.05178
1022000 0.6 299.733 -308.764 -21325.4 3353.1 -17972.3 54426.7 1.04818
1023000 0.6 299.885 191.122 -21297.5 3354.8 -17942.7 54753.8 1.04193
1024000 0.6 299.634 58.7582 -21297.2 3352 -17945.2 54188.5 1.05279
1025000 0.6 301.018 54.0508 -21283.9 3367.49 -17916.4 54463.2 1.04745
1026000 0.6 299.914 67.0644 -21323.4 3355.14 -17968.3 54142.6 1.05367
1027000 0.6 298.965 83.5945 -21341.9 3344.52 -17997.4 54145.3 1.0536
1028000 0.6 298.276 -44.3779 -21320.3 3336.81 -17983.5 54234.4 1.05189
1029000 0.6 297.511 20.35 -21328.8 3328.25 -18000.5 54579.9 1.04522
1030000 0.6 301.364 -118.182 -21329.4 3371.36 -17958.1 54684 1.04326
1031000 0.6 299.458 -30.6026 -21247.1 3350.03 -17897.1 54433.6 1.04807
1032000 0.6 298.715 -93.7874 -21238.3 3341.72 -17896.6 54306.7 1.0505
1033000 0.6 299.466 -97.0385 -21281.1 3350.12 -17931 54454 1.04764
1034000 0.6 300.704 53.8634 -21273.7 3363.97 -17909.8 54352.8 1.04961
1035000 0.6 296.864 112.775 -21235.6 3321.01 -17914.6 54131.6 1.05388
1036000 0.6 300.194 8.891 -21269.9 3358.27 -17911.7 54207.8 1.05241
1037000 0.6 301.482 -111.541 -21308.8 3372.68 -17936.1 54420.6 1.04829
1038000 0.6 300.932 76.1512 -21296.2 3366.52 -17929.7 54429.9 1.04811
1039000 0.6 299.83 -86.6151 -21221.8 3354.19 -17867.6 53961.7 1.05719
1040000 0.6 299.323 71.622 -21259.5 3348.52 -17911 54192.8 1.05274
1041000 0.6 300.433 -378.8 -21282.1 3360.93 -17921.2 54096 1.05458
1042000 0.6 301.243 -53.1887 -21253 3370 -17883 54015.3 1.05616
1043000 0.6 301.681 -214.755 -21246.4 3374.9 -17871.5 54011.7 1.05622
1044000 0.6 300.25 58.827 -21229.8 3358.89 -17870.9 54116.4 1.05418
1045000 0.6 299.237 -31.153 -21294.8 3347.56 -17947.3 54085.4 1.05477
1046000 0.6 301.386 88.2073 -21286.9 3371.59 -17915.3 54501.2 1.04673
1047000 0.6 299.583 -124.26 -21278.3 3351.43 -17926.9 54302.9 1.05057
1048000 0.6 300.926 117.39 -21263.5 3366.46 -17897.1 54252.3 1.05153
1049000 0.6 301.448 -30.8358 -21209.5 3372.29 -17837.2 53980.9 1.05681
1050000 0.6 298.119 200.283 -21234.6 3335.05 -17899.5 53929.7 1.05784
1051000 0.6 301.913 -13.2341 -21244.1 3377.49 -17866.6 54009.2 1.05626
1052000 0.6 299.75 113.543 -21250 3353.3 -17896.7 53792.7 1.06052
1053000 0.6 298.999 56.8304 -21308.2 3344.9 -17963.3 54056.4 1.05536
1054000 0.6 299.665 80.0094 -21315.6 3352.35 -17963.3 54030.7 1.05586
1055000 0.6 300.461 -238.466 -21276.2 3361.25 -17914.9 54156.6 1.0534
1056000 0.6 300.282 -182.971 -21236.9 3359.25 -17877.6 53985.9 1.05672
1057000 0.6 300.184 74.477 -21283.5 3358.16 -17925.4 54268.1 1.05125
1058000 0.6 301.951 47.4031 -21280.8 3377.92 -17902.9 54306.9 1.05048
1059000 0.6 300.515 45.8618 -21271.5 3361.85 -17909.7 54275.1 1.05109
1060000 0.6 298.443 56.674 -21284.5 3338.68 -17945.9 53755.3 1.06125
1061000 0.6 301.424 -102.133 -21258.2 3372.03 -17886.2 54067.3 1.05516
1062000 0.6 299.818 -209.069 -21261.5 3354.06 -17907.4 54233.9 1.05192
1063000 0.6 299.684 -14.2426 -21281.9 3352.56 -17929.3 54083.7 1.05482
1064000 0.6 299.082 152.391 -21235.5 3345.83 -17889.7 54295.7 1.05069
1065000 0.6 300.402 -10.6821 -21233.2 3360.6 -17872.6 53903.5 1.05835
1066000 0.6 299.869 -2.74424 -21238.6 3354.63 -17884 53992.9 1.05659
1067000 0.6 299.69 -185.112 -21260.2 3352.62 -17907.6 54258.9 1.05141
1068000 0.6 299.011 143.878 -21277.2 3345.03 -17932.2 54279 1.05102
1069000 0.6 298.94 56.9977 -21269.9 3344.24 -17925.7 54421.5 1.04827
1070000 0.6 301.158 117.267 -21275.5 3369.05 -17906.4 54302.2 1.05056
1071000 0.6 300.045 8.19967 -21233.3 3356.6 -17876.6 54125.9 1.05401
1072000 0.6 299.408 -234.671 -21271 3349.47 -17921.5 54126.7 1.05397
1073000 0.6 300.465 71.676 -21255 3361.3 -17893.7 54016.6 1.05612
1074000 0.6 299.617 90.1804 -21251.6 3351.8 -17899.8 54249 1.0516
1075000 0.6 301.39 -42.9046 -21251.1 3371.65 -17879.5 54581.4 1.04519
1076000 0.6 299.09 77.9339 -21282.4 3345.91 -17936.5 54519.9 1.04637
1077000 0.6 299.764 -155.218 -21252.3 3353.45 -17898.9 54089 1.0547
1078000 0.6 299.603 10.7527 -21220.3 3351.65 -17868.7 54159.3 1.05334
1079000 0.6 298.962 -138.077 -21241.2 3344.48 -17896.7 53923.2 1.05798
1080000 0.6 300.511 32.956 -21300.6 3361.81 -17938.8 54011.9 1.05622
1081000 0.6 299.491 33.3034 -21302.7 3350.4 -17952.3 54122.5 1.05406
1082000 0.6 299.644 -58.5809 -21204.1 3352.11 -17852 54170.7 1.05313
1083000 0.6 299.372 -179.775 -21247.6 3349.07 -17898.6 54043.8 1.05559
1084000 0.6 298.463 -160.114 -21219.5 3338.9 -17880.6 54334.5 1.04998
1085000 0.6 300.835 250.53 -21252.4 3365.43 -17886.9 54569.4 1.04544
1086000 0.6 302.082 -76.1949 -21281 3379.38 -17901.6 54379.9 1.04908
1087000 0.6 298.823 -63.1254 -21287.5 3342.92 -17944.5 54575.9 1.0453
1088000 0.6 300.687 -259.317 -21286.2 3363.78 -17922.4 54431 1.04809
1089000 0.6 298.947 -81.8423 -21358.3 3344.31 -18013.9 54298.8 1.05063
1090000 0.6 299.489 -109.568 -21283.6 3350.38 -17933.2 54431.4 1.04808
1091000 0.6 298.308 209.635 -21286.6 3337.17 -17949.4 53913.2 1.05815
1092000 0.6 299.08 -133.642 -21290.1 3345.8 -17944.3 54300.2 1.05063
1093000 0.6 299.825 37.2959 -21283 3354.14 -17928.8 54245 1.05167
1094000 0.6 299.7 -156.054 -21205 3352.74 -17852.3 54293.1 1.05075
1095000 0.6 303.235 -0.579713 -21242.4 3392.28 -17850.1 53913.7 1.05813
1096000 0.6 300.37 221.149 -21196.9 3360.23 -17836.7 54097.2 1.05457
1097000 0.6 299.782 -302.963 -21241.6 3353.66 -17887.9 54427.8 1.04816
1098000 0.6 300.788 -58.6967 -21271.6 3364.91 -17906.7 54412.3 1.04844
1099000 0.6 300.328 113.072 -21305.9 3359.76 -17946.1 54319.8 1.05023
1100000 0.6 299.339 -23.1098 -21219 3348.69 -17870.3 54168.1 1.05317
1101000 0.6 298.787 354.737 -21250.6 3342.52 -17908.1 54080 1.05489
1102000 0.6 298.146 -23.4049 -21219.6 3335.35 -17884.3 53906.7 1.05829
1103000 0.6 299.333 77.7523 -21296.8 3348.63 -17948.1 54216.2 1.05224
1104000 0.6 300.71 -37.6705 -21287.9 3364.04 -17923.9 54413.1 1.04842
1105000 0.6 300.27 49.89 -21285.4 3359.11 -17926.3 54138.3 1.05375
1106000 0.6 299.819 -63.5282 -21280.8 3354.07 -17926.7 54444.4 1.04785
1107000 0.6 300.07 36.4737 -21307.6 3356.88 -17950.7 54427.4 1.04818
1108000 0.6 300.508 82.9678 -21280.2 3361.78 -17918.4 54071.5 1.05505
1109000 0.6 299.226 -159.136 -21242 3347.43 -17894.5 54198.2 1.05259
1110000 0.6 299.726 54.6328 -21164.2 3353.03 -17811.2 54322.4 1.05018
1111000 0.6 298.445 -53.3136 -21201.1 3338.7 -17862.4 54268.8 1.05123
1112000 0.6 299.562 40.3073 -21263 3351.2 -17911.8 54351.6 1.04961
1113000 0.6 300.344 181.022 -21317.2 3359.94 -17957.2 54269.3 1.0512
1114000 0.6 301.984 -95.4135 -21212.4 3378.29 -17834.1 54254.6 1.05153
1115000 0.6 299.148 -49.2912 -21233.9 3346.56 -17887.3 54177.3 1.053
1116000 0.6 300.704 29.4443 -21207 3363.96 -17843 53898 1.05845
1117000 0.6 299.185 159.251 -21233.4 3346.98 -17886.5 54270.9 1.0512
1118000 0.6 299.768 -34.1191 -21286.2 3353.5 -17932.7 54261.7 1.05135
1119000 0.6 299.053 -45.7853 -21301.7 3345.5 -17956.2 54383.9 1.04899
1120000 0.6 298.311 -315.702 -21231 3337.2 -17893.8 54370.8 1.04926
1121000 0.6 300.346 -58.5865 -21272.6 3359.97 -17912.7 54396 1.04875
1122000 0.6 299.525 -152.684 -21341.2 3350.78 -17990.4 54071.3 1.05506
1123000 0.6 300.637 43.7135 -21293 3363.22 -17929.8 54410.1 1.0485
1124000 0.6 299.325 258.547 -21236.8 3348.54 -17888.3 54243.2 1.05172
1125000 0.6 302.117 -315.77 -21256.4 3379.77 -17876.6 54411.3 1.04846
1126000 0.6 299.866 -36.2442 -21250.1 3354.59 -17895.5 54578.5 1.04525
1127000 0.6 299.297 -178.517 -21250.9 3348.23 -17902.7 54549.1 1.04581
1128000 0.6 300.039 -94.1637 -21214.9 3356.53 -17858.3 54483.1 1.0471
1129000 0.6 300.222 281.354 -21218.6 3358.57 -17860 54253.5 1.05151
1130000 0.6 300.221 60.5613 -21167.7 3358.57 -17809.1 54195 1.05267
1131000 0.6 298.584 -108.423 -21146.8 3340.25 -17806.5 54048.6 1.0555
1132000 0.6 301.303 -69.1496 -21256.6 3370.67 -17885.9 54019.5 1.05607
1133000 0.6 299.622 122.442 -21178 3351.87 -17826.1 54036.7 1.05573
1134000 0.6 300.496 42.8955 -21298.3 3361.65 -17936.7 53920.5 1.058
1135000 0.6 299.386 -131.032 -21265.5 3349.23 -17916.3 54430.8 1.04809
1136000 0.6 301.823 -129.042 -21254.8 3376.49 -17878.3 54620.3 1.04444
1137000 0.6 299.869 307.507 -21324.7 3354.62 -17970.1 54261.8 1.05135
1138000 0.6 299.925 42.2691 -21305.2 3355.25 -17950 53989.7 1.05665
1139000 0.6 298.304 1.26726 -21243.6 3337.12 -17906.5 54098 1.05453
1140000 0.6 298.888 235.056 -21235.9 3343.65 -17892.3 54032.1 1.05582
1141000 0.6 298.733 65.8082 -21276.7 3341.92 -17934.8 53951.7 1.05739
1142000 0.6 298.876 3.09387 -21279.9 3343.52 -17936.4 53883.7 1.05873
1143000 0.6 299.394 66.5617 -21231.9 3349.32 -17882.6 54055.4 1.05537
1144000 0.6 301.224 146.534 -21215.2 3369.78 -17845.5 54286.9 1.05086
1145000 0.6 297.897 177.434 -21229.4 3332.56 -17896.9 54088.2 1.05473
1146000 0.6 300.767 131.557 -21245.1 3364.67 -17880.4 54186.8 1.05281
1147000 0.6 300.504 113.521 -21255.9 3361.74 -17894.1 54110.6 1.05428
1148000 0.6 299.77 -57.7118 -21235.9 3353.52 -17882.3 54081 1.05488
1149000 0.6 300.226 141.923 -21222.6 3358.62 -17864 54035.1 1.05576
1150000 0.6 299.261 232.278 -21208.4 3347.83 -17860.6 54080.8 1.05487
1151000 0.6 300.026 -66.9202 -21228.5 3356.39 -17872.1 54164.7 1.05325
1152000 0.6 297.948 259.919 -21227.5 3333.14 -17894.4 53631 1.06373
1153000 0.6 298.646 -77.656 -21309.7 3340.95 -17968.8 54240.1 1.05177
1154000 0.6 299.878 -50.9245 -21249.6 3354.73 -17894.9 54491 1.04694
1155000 0.6 299.016 -89.2416 -21323.5 3345.09 -17978.4 54536.6 1.04608
1156000 0.6 299.945 237.47 -21357.8 3355.47 -18002.3 54300.1 1.05063
1157000 0.6 300.082 -24.9309 -21301.8 3357.01 -17944.8 54142.6 1.05367
1158000 0.6 301.707 -52.8469 -21291.5 3375.19 -17916.3 54287.2 1.05086
1159000 0.6 300.592 -23.6121 -21306.1 3362.72 -17943.4 53998.7 1.05647
1160000 0.6 299.257 156.435 -21290.3 3347.78 -17942.5 54012.5 1.0562
1161000 0.6 301.225 -60.5336 -21263.5 3369.8 -17893.7 53997.1 1.05653
1162000 0.6 300.332 -204.021 -21290.1 3359.81 -17930.3 53682.2 1.0627
1163000 0.6 302.074 98.846 -21244 3379.29 -17864.7 53867.2 1.05907
1164000 0.6 300.412 247.947 -21239.1 3360.71 -17878.4 53919.8 1.05802
1165000 0.6 299.137 60.8999 -21216.3 3346.44 -17869.9 54262.5 1.05133
1166000 0.6 300.446 -39.0047 -21306.6 3361.08 -17945.5 54045 1.05559
1167000 0.6 299.324 45.7577 -21273.6 3348.53 -17925 53776.4 1.06084
1168000 0.6 299.741 -56.5542 -21318 3353.2 -17964.8 53906 1.05829
1169000 0.6 301.109 -202.969 -21308.9 3368.5 -17940.4 53947.5 1.05747
1170000 0.6 301.278 43.4863 -21294.8 3370.39 -17924.4 54266.1 1.05128
1171000 0.6 298.774 -32.3185 -21223.4 3342.38 -17881.1 54341.7 1.0498
1172000 0.6 301.625 -119.516 -21238.7 3374.27 -17864.4 54298.4 1.05064
1173000 0.6 301.061 51.5469 -21252.3 3367.97 -17884.3 54352.3 1.04961
1174000 0.6 299.668 -51.4247 -21237.8 3352.38 -17885.4 54516.1 1.04644
1175000 0.6 300.406 307.4 -21250 3360.64 -17889.3 54280.1 1.05099
1176000 0.6 301.257 -112.844 -21262.1 3370.16 -17892 54499.5 1.04676
1177000 0.6 300.52 -197.952 -21260.2 3361.91 -17898.3 54382.6 1.04902
1178000 0.6 300.254 47.9272 -21285 3358.93 -17926.1 54044 1.05559
1179000 0.6 298.756 57.3646 -21291.9 3342.18 -17949.7 54079.5 1.0549
1180000 0.6 300.193 -60.9516 -21235.6 3358.25 -17877.4 53759.1 1.06121
1181000 0.6 299.402 -143.194 -21228.9 3349.4 -17879.5 54157.5 1.0534
1182000 0.6 302.328 11.671 -21203.8 3382.14 -17821.7 54032.2 1.05583
1183000 0.6 302.934 127.194 -21236.7 3388.91 -17847.8 54361.5 1.04942
1184000 0.6 300.533 -22.2293 -21191.5 3362.05 -17829.5 54646.7 1.04395
1185000 0.6 300.005 52.8999 -21283.9 3356.16 -17927.8 54548.4 1.04584
1186000 0.6 299.417 -73.9634 -21299.8 3349.57 -17950.2 54406.4 1.04856
1187000 0.6 298.085 -93.1596 -21201.3 3334.67 -17866.7 54292.7 1.05076
1188000 0.6 300.192 183.165 -21172.8 3358.24 -17814.5 54186.4 1.05282
1189000 0.6 298.893 163.636 -21257.8 3343.71 -17914 53985.3 1.05674
1190000 0.6 299.577 -9.95103 -21247.1 3351.36 -17895.7 53840.6 1.05958
1191000 0.6 298.714 -68.9339 -21248.7 3341.7 -17907 54172.4 1.05309
1192000 0.6 301.339 11.9208 -21250.5 3371.08 -17879.4 54604.5 1.04476
1193000 0.6 299.782 -10.0392 -21216.5 3353.65 -17862.9 54185.5 1.05286
1194000 0.6 299.922 -271.947 -21210.3 3355.22 -17855.1 54305.3 1.0505
1195000 0.6 300.707 -42.0252 -21243.1 3364 -17879.1 54253.9 1.0515
1196000 0.6 300.325 58.2953 -21175.7 3359.73 -17815.9 54179.5 1.05295
1197000 0.6 302.189 -115.406 -21218.4 3380.59 -17837.8 54259.1 1.05141
1198000 0.6 298.673 10.4275 -21225 3341.25 -17883.7 54039.9 1.05566
1199000 0.6 303.356 -174.323 -21240.2 3393.64 -17846.6 54312.2 1.05038
1200000 0.6 297.709 -6.02425 -21267.9 3330.46 -17937.4 54572.9 1.04536
1201000 0.6 299.879 -34.9924 -21247.3 3354.74 -17892.6 54390.1 1.0489
1202000 0.6 298.856 -340.17 -21267.3 3343.3 -17924 54232 1.05193
1203000 0.6 299.41 56.623 -21272.8 3349.49 -17923.3 53800.3 1.06037
1204000 0.6 300.368 -112.339 -21275.9 3360.21 -17915.7 54274.1 1.05111
1205000 0.6 299.056 68.6453 -21238.1 3345.53 -17892.6 54347.7 1.04968
1206000 0.6 302.139 34.9685 -21264.9 3380.03 -17884.8 54455.4 1.0476
1207000 0.6 299.116 141.31 -21283.6 3346.21 -17937.4 54371.8 1.04922
1208000 0.6 299.435 -206.825 -21280.5 3349.78 -17930.7 54462.6 1.0475
1209000 0.6 301.241 9.26198 -21256.9 3369.98 -17886.9 54172.2 1.05311
1210000 0.6 299.63 82.1668 -21252.8 3351.95 -17900.9 54124.1 1.05404
1211000 0.6 300.321 -56.8679 -21279.8 3359.68 -17920.1 54113.3 1.05423
1212000 0.6 300.223 134.032 -21283.3 3358.59 -17924.7 54146.2 1.05359
1213000 0.6 300.397 91.8939 -21280.5 3360.54 -17920 54183 1.05287
1214000 0.6 299.531 189.095 -21272.7 3350.85 -17921.8 54210.6 1.05235
1215000 0.6 300.044 -113.508 -21259.4 3356.58 -17902.8 54154.9 1.05342
1216000 0.6 297.847 76.3166 -21265.3 3332.01 -17933.3 54064.4 1.05519
1217000 0.6 300.094 -62.1064 -21231.6 3357.14 -17874.5 54310.2 1.0504
1218000 0.6 301.291 25.6609 -21277.4 3370.53 -17906.9 54008.8 1.05627
1219000 0.6 300.601 -97.7716 -21233.4 3362.82 -17870.6 54297.1 1.05066
1220000 0.6 299.988 77.5741 -21300.4 3355.96 -17944.4 54290.5 1.0508
1221000 0.6 299.303 190 -21273 3348.3 -17924.7 53981.9 1.05679
1222000 0.6 301.527 17.389 -21210.6 3373.18 -17837.4 54411.3 1.04847
1223000 0.6 300.346 -25.6917 -21287.2 3359.97 -17927.2 54377.4 1.04911
1224000 0.6 299.247 -91.7088 -21279.5 3347.68 -17931.8 54431.6 1.04807
1225000 0.6 301.49 18.7458 -21247.5 3372.76 -17874.8 54183 1.05288
1226000 0.6 300.663 -204.875 -21227.8 3363.52 -17864.3 54487.3 1.04701
1227000 0.6 300.923 -41.4203 -21312.2 3366.42 -17945.8 54603.6 1.0448
1228000 0.6 299.338 48.4059 -21284.6 3348.69 -17935.9 54351 1.04963
1229000 0.6 301.048 80.2087 -21317.9 3367.82 -17950 54215.7 1.05226
1230000 0.6 299.642 -160.006 -21260.1 3352.09 -17908 54352.4 1.04959
1231000 0.6 299.364 -67.734 -21202.1 3348.98 -17853.2 54040.1 1.0557
1232000 0.6 300.471 37.8016 -21196.4 3361.36 -17835 54019.8 1.05607
1233000 0.6 300.979 12.1531 -21221.5 3367.05 -17854.5 54422.8 1.04826
1234000 0.6 298.776 34.2471 -21250.1 3342.4 -17907.7 54253.3 1.05152
1235000 0.6 298.258 72.7928 -21274.3 3336.61 -17937.7 54127.2 1.05397
1236000 0.6 299.311 113.173 -21243.3 3348.38 -17894.9 53888.8 1.05862
1237000 0.6 298.249 61.725 -21260.4 3336.5 -17923.9 53943.5 1.05758
1238000 0.6 300.144 -125.734 -21264.3 3357.71 -17906.6 54263.6 1.05131
1239000 0.6 301.153 -14.4097 -21224.6 3368.99 -17855.7 54193.2 1.05269
1240000 0.6 300.224 7.61841 -21223.3 3358.6 -17864.7 54054.5 1.05538
1241000 0.6 300.631 -7.37278 -21276.3 3363.15 -17913.2 53712.3 1.06213
1242000 0.6 300.376 28.6831 -21228.3 3360.3 -17868 54109.2 1.05431
1243000 0.6 300.553 -152.646 -21221.8 3362.29 -17859.6 54366.4 1.04937
1244000 0.6 299.028 -204.477 -21253.5 3345.22 -17908.3 54174.7 1.05304
1245000 0.6 300.763 167.206 -21233.3 3364.63 -17868.6 53917.9 1.05806
1246000 0.6 300.302 -71.3847 -21249.6 3359.48 -17890.1 54103 1.05445
1247000 0.6 300.131 -94.1635 -21240.1 3357.56 -17882.6 54490.8 1.04694
1248000 0.6 299.724 -81.9553 -21203.7 3353.01 -17850.7 54411.3 1.04849
1249000 0.6 300.979 21.8975 -21294.6 3367.05 -17927.5 54052.5 1.05543
1250000 0.6 301.84 89.0827 -21251.4 3376.68 -17874.8 53898.3 1.05845
1251000 0.6 301.497 123.596 -21263 3372.84 -17890.2 53932.7 1.05776
1252000 0.6 298.545 -88.4903 -21261.2 3339.81 -17921.4 54393.3 1.04884
1253000 0.6 298.97 274.18 -21227.2 3344.58 -17882.6 54482.6 1.04709
1254000 0.6 298.501 -76.4239 -21251.2 3339.32 -17911.9 54028.6 1.05589
1255000 0.6 299.084 95.2689 -21190 3345.85 -17844.1 54237 1.05183
1256000 0.6 299.03 -65.1573 -21250.2 3345.25 -17905 54398.8 1.0487
1257000 0.6 300.765 169.842 -21222.2 3364.65 -17857.6 54487.5 1.047
1258000 0.6 299.071 32.3508 -21196.5 3345.71 -17850.8 54250.1 1.05159
1259000 0.6 299.362 -174.02 -21224.3 3348.95 -17875.4 53941.4 1.05759
1260000 0.6 299.142 -139.174 -21305.8 3346.49 -17959.4 54218.7 1.05219
1261000 0.6 299.787 -49.5425 -21258.6 3353.71 -17904.8 54434 1.04804
1262000 0.6 298.65 86.9331 -21245.1 3340.99 -17904.1 54375.7 1.04915
1263000 0.6 299.579 -142.273 -21272.3 3351.39 -17920.9 54493.7 1.04687
1264000 0.6 299.673 -6.2405 -21230.7 3352.44 -17878.2 54298.3 1.05068
1265000 0.6 299.98 23.9685 -21267.7 3355.87 -17911.8 53796 1.06045
1266000 0.6 299.779 -29.6697 -21262.1 3353.62 -17908.4 54403.9 1.04861
1267000 0.6 300.053 54.774 -21320.8 3356.69 -17964.2 54054.2 1.0554
1268000 0.6 300.189 56.3158 -21271.1 3358.2 -17912.9 54063.2 1.05521
1269000 0.6 300.557 -5.25707 -21239.7 3362.32 -17877.4 54651.6 1.04388
1270000 0.6 300.188 -160.097 -21293.2 3358.19 -17935 54311.5 1.05039
1271000 0.6 303.232 -1.58667 -21271.6 3392.25 -17879.3 54050.5 1.05547
1272000 0.6 298.006 120.502 -21254 3333.79 -17920.2 54290.9 1.05079
1273000 0.6 299.957 -187.665 -21290.4 3355.61 -17934.8 54467.4 1.04737
1274000 0.6 300.753 72.4376 -21267.7 3364.51 -17903.2 54373.7 1.04918
1275000 0.6 300.937 88.2186 -21249.5 3366.57 -17882.9 54849.4 1.04011
1276000 0.6 301.176 -208.317 -21248.3 3369.25 -17879.1 54376.9 1.04913
1277000 0.6 298.957 89.8539 -21236.8 3344.43 -17892.4 54341.1 1.04982
1278000 0.6 301.079 13.2621 -21288.9 3368.16 -17920.7 54036.6 1.05573
1279000 0.6 299.192 -31.7967 -21326 3347.05 -17978.9 54343 1.04978
1280000 0.6 298.474 37.7293 -21259.6 3339.02 -17920.6 54555.3 1.04572
1281000 0.6 297.652 6.2159 -21296.2 3329.83 -17966.4 54588 1.04507
1282000 0.6 299.23 66.553 -21307.5 3347.48 -17960 54421.4 1.04827
1283000 0.6 302.122 -90.3979 -21284.8 3379.83 -17905 54587.9 1.04508
1284000 0.6 299.964 83.4809 -21264.7 3355.7 -17909 54293.5 1.05073
1285000 0.6 299.845 44.206 -21211.3 3354.37 -17856.9 54386.5 1.04896
1286000 0.6 300.541 130.882 -21261.7 3362.14 -17899.6 54388.2 1.04891
1287000 0.6 300.269 109.808 -21313.6 3359.1 -17954.5 54193.7 1.05266
1288000 0.6 299.678 62.6351 -21225.4 3352.5 -17872.9 54218 1.0522
1289000 0.6 300.011 93.1589 -21256.4 3356.21 -17900.2 53884.8 1.05872
1290000 0.6 298.669 80.0751 -21237 3341.2 -17895.8 54129.4 1.05395
1291000 0.6 300.683 -91.3896 -21269.1 3363.73 -17905.4 54467.1 1.04739
1292000 0.6 302.528 55.115 -21245 3384.37 -17860.6 54060.5 1.05528
1293000 0.6 300.335 -160.087 -21255.1 3359.85 -17895.2 54243.2 1.05172
1294000 0.6 300.214 -120.356 -21287 3358.49 -17928.5 54327.5 1.05008
1295000 0.6 301.627 8.46391 -21225 3374.29 -17850.7 54094.8 1.05461
1296000 0.6 299.197 111.094 -21184.7 3347.11 -17837.6 54069.8 1.05509
1297000 0.6 301.399 120.017 -21220.1 3371.74 -17848.3 54247.4 1.05162
1298000 0.6 300.053 79.821 -21252.8 3356.69 -17896.1 54231.8 1.05194
1299000 0.6 300.817 -144.566 -21293.1 3365.24 -17927.8 53899.3 1.05842
1300000 0.6 301.981 98.5023 -21269 3378.26 -17890.8 53900.2 1.05844
1301000 0.6 300.399 -3.99734 -21270.7 3360.56 -17910.2 54269.6 1.0512
1302000 0.6 298.608 43.5748 -21229.3 3340.52 -17888.8 54301.7 1.0506
1303000 0.6 299.681 142.27 -21256.2 3352.52 -17903.6 54055.8 1.05537
1304000 0.6 301.214 -158.121 -21276.8 3369.68 -17907.1 53890.5 1.05861
1305000 0.6 298.514 204.764 -21189.5 3339.47 -17850 54296 1.05069
1306000 0.6 301.039 -168.127 -21237.5 3367.72 -17869.8 54370.1 1.04929
1307000 0.6 301.286 -71.2523 -21268.1 3370.48 -17897.7 54004.2 1.05637
1308000 0.6 298.75 32.2866 -21255.9 3342.11 -17913.8 54282.1 1.05096
1309000 0.6 297.627 -36.7309 -21277.7 3329.55 -17948.2 53966.6 1.05712
1310000 0.6 301.079 39.0272 -21250.9 3368.17 -17882.7 54065.6 1.05517
1311000 0.6 298.161 22.3096 -21266.5 3335.52 -17931 54358.2 1.04948
1312000 0.6 301.107 -241.868 -21249.2 3368.48 -17880.7 54132.4 1.05388
1313000 0.6 302.412 -26.78 -21245.7 3383.08 -17862.6 54203.5 1.05249
1314000 0.6 298.166 -16.5414 -21233.2 3335.58 -17897.6 54334.8 1.04993
1315000 0.6 297.66 -77.8645 -21197.4 3329.92 -17867.5 54094 1.05462
1316000 0.6 300.358 14.3005 -21212.6 3360.1 -17852.5 54306 1.05049
1317000 0.6 298.257 -138.087 -21227.8 3336.6 -17891.2 54337.2 1.04989
1318000 0.6 298.98 41.3591 -21251.6 3344.68 -17907 54284.4 1.05092
1319000 0.6 300.278 -30.415 -21230.6 3359.21 -17871.4 54640 1.04407
1320000 0.6 299.535 -160.935 -21273.8 3350.89 -17922.9 54798.2 1.04108
1321000 0.6 301.441 -210.275 -21241.2 3372.21 -17869 54341.7 1.04985
1322000 0.6 300.135 88.3438 -21266.3 3357.6 -17908.7 54036.2 1.05575
1323000 0.6 302.564 115.908 -21249.5 3384.78 -17864.7 53808.2 1.06021
1324000 0.6 298.926 157.694 -21256.5 3344.08 -17912.4 53687.7 1.06261
1325000 0.6 301.041 -27.1224 -21182.5 3367.74 -17814.7 53694.6 1.06245
1326000 0.6 301.473 117.669 -21161 3372.58 -17788.4 53902.9 1.05835
1327000 0.6 299.478 -92.6788 -21201.1 3350.25 -17850.9 53782.5 1.06074
1328000 0.6 299.353 185.86 -21209.7 3348.86 -17860.8 54367.9 1.0493
1329000 0.6 300.727 -125.747 -21232.1 3364.23 -17867.8 54269.2 1.05121
1330000 0.6 299.641 -21.8776 -21205.2 3352.08 -17853.1 54287.3 1.05086
1331000 0.6 298.82 -102.214 -21230.9 3342.89 -17888 54185.7 1.05287
1332000 0.6 299.123 -72.3633 -21176 3346.28 -17829.7 54305.1 1.05051
1333000 0.6 301.124 -63.8704 -21226.2 3368.67 -17857.6 54306.7 1.05048
1334000 0.6 299.212 170.565 -21209.3 3347.28 -17862 54279 1.05103
1335000 0.6 297.914 108.762 -21227.1 3332.76 -17894.4 54330.8 1.05004
1336000 0.6 299.553 -91.725 -21252.7 3351.09 -17901.7 54315.1 1.05032
1337000 0.6 299.262 -76.8398 -21274.8 3347.84 -17927 54229.1 1.05198
1338000 0.6 299.22 -77.8277 -21238.5 3347.36 -17891.2 53971.2 1.05701
1339000 0.6 299.302 41.0027 -21218.7 3348.28 -17870.4 54172.3 1.05308
1340000 0.6 299.618 -167.223 -21154.3 3351.83 -17802.4 54325.9 1.0501
1341000 0.6 299.938 -55.1832 -21149.2 3355.4 -17793.8 54291.6 1.05077
1342000 0.6 300.678 103.687 -21221.8 3363.68 -17858.1 54483.2 1.04709
1343000 0.6 299.911 56.6108 -21242.1 3355.1 -17887 53958 1.05728
1344000 0.6 300.998 84.7519 -21236.6 3367.26 -17869.3 54345.9 1.04974
1345000 0.6 300.063 -121.988 -21271 3356.8 -17914.2 54565.4 1.04551
1346000 0.6 301.077 207.613 -21256.6 3368.14 -17888.5 54273.8 1.05111
1347000 0.6 302.687 -166.265 -21237.4 3386.15 -17851.3 54280.7 1.05099
1348000 0.6 300.294 -3.18189 -21269.2 3359.39 -17909.8 54012.8 1.05619
1349000 0.6 298.257 -59.3757 -21301 3336.6 -17964.4 54118.5 1.05416
1350000 0.6 299.924 -92.9899 -21233.7 3355.24 -17878.4 53889.6 1.0586
1351000 0.6 300.302 197.66 -21183.1 3359.47 -17823.6 53990.9 1.05662
1352000 0.6 300.162 -30.2743 -21233 3357.91 -17875.1 54023 1.05599
1353000 0.6 301.328 25.7736 -21182.7 3370.95 -17811.7 54205.5 1.05247
1354000 0.6 299.704 341.695 -21230.4 3352.79 -17877.6 54199.8 1.05255
1355000 0.6 299.311 -25.5513 -21226 3348.39 -17877.6 54446.2 1.0478
1356000 0.6 300.152 116.732 -21259.7 3357.79 -17901.9 54056.9 1.05534
1357000 0.6 299.47 8.31682 -21260.2 3350.16 -17910 54074.5 1.05501
1358000 0.6 300.796 -153.382 -21271 3365 -17906 54064.4 1.05521
1359000 0.6 301.135 119.738 -21304.6 3368.79 -17935.8 54416.8 1.04834
1360000 0.6 300.851 -10.1822 -21300.4 3365.61 -17934.7 54358.1 1.04951
1361000 0.6 299.799 -172.523 -21237.1 3353.84 -17883.3 54275.9 1.0511
1362000 0.6 300.852 -66.2094 -21245.4 3365.63 -17879.8 53975.6 1.05693
1363000 0.6 300.102 146.25 -21153.5 3357.24 -17796.2 54117.6 1.05415
1364000 0.6 300.507 25.8596 -21258.8 3361.76 -17897.1 54044.7 1.05557
1365000 0.6 301.107 66.676 -21258.5 3368.48 -17890 54125.2 1.05401
1366000 0.6 298.182 -22.4735 -21220.2 3335.75 -17884.5 54318.2 1.05025
1367000 0.6 302.011 -18.3818 -21260.9 3378.59 -17882.3 53990.9 1.05663
1368000 0.6 299.759 176.677 -21191.7 3353.4 -17838.3 54134.7 1.05382
1369000 0.6 300.928 157.831 -21189.2 3366.47 -17822.7 54062.1 1.05524
1370000 0.6 299.395 33.2008 -21207.1 3349.33 -17857.7 54182.6 1.05288
1371000 0.6 298.65 22.5537 -21218.7 3340.99 -17877.7 53901.2 1.05837
1372000 0.6 298.129 -63.5943 -21249.4 3335.17 -17914.2 54066.2 1.05516
1373000 0.6 300.204 64.8195 -21199.7 3358.38 -17841.3 54119.9 1.05415
1374000 0.6 300.207 -48.2346 -21286 3358.41 -17927.6 54095.4 1.05459
1375000 0.6 299.932 54.483 -21277.3 3355.33 -17921.9 54203.2 1.05249
1376000 0.6 302.371 -254.011 -21292.6 3382.62 -17910 54057.2 1.05533
1377000 0.6 301.349 -27.2528 -21271.4 3371.19 -17900.2 54145.9 1.05364
1378000 0.6 299.464 126.258 -21278.7 3350.1 -17928.6 54235.7 1.05185
1379000 0.6 299.076 -54.5918 -21242.9 3345.75 -17897.1 54212.7 1.0523
1380000 0.6 301.498 -123.951 -21246.6 3372.85 -17873.7 54072.3 1.05504
1381000 0.6 299.185 170.645 -21317.3 3346.98 -17970.3 54055.3 1.05537
1382000 0.6 299.59 -159.485 -21273.9 3351.5 -17922.4 53895.4 1.0585
1383000 0.6 299.109 24.3805 -21190.7 3346.13 -17844.6 53675.1 1.06284
1384000 0.6 300.061 -159.299 -21241.9 3356.77 -17885.1 53998.9 1.05646
1385000 0.6 300.57 -131.845 -21289.6 3362.48 -17927.2 53929.3 1.05784
1386000 0.6 300.021 92.3956 -21238.7 3356.33 -17882.4 53965.1 1.05713
1387000 0.6 299.396 44.7768 -21194.5 3349.33 -17845.2 54332.4 1.04999
1388000 0.6 297.019 131.69 -21270.8 3322.74 -17948.1 54102.2 1.05444
1389000 0.6 301.223 -142.449 -21297.1 3369.78 -17927.3 54226.4 1.05203
1390000 0.6 299.304 -50.8232 -21236.3 3348.31 -17888 54362.2 1.04943
1391000 0.6 299.838 -209.401 -21282.7 3354.28 -17928.4 54251.1 1.05158
1392000 0.6 299.604 -159.441 -21310 3351.66 -17958.4 54493.7 1.04687
1393000 0.6 300.127 49.349 -21259.1 3357.51 -17901.6 54165.5 1.05322
1394000 0.6 301.93 19.3163 -21235.3 3377.68 -17857.6 54282.6 1.05094
1395000 0.6 299.38 -54.1915 -21302.6 3349.15 -17953.4 54231 1.05195
1396000 0.6 300.176 12.3875 -21203.6 3358.06 -17845.5 54154.1 1.05343
1397000 0.6 301.491 26.5923 -21280.6 3372.78 -17907.9 54114.4 1.05421
1398000 0.6 299.453 -3.61465 -21284.1 3349.98 -17934.1 54238.7 1.0518
1399000 0.6 299.557 -35.0775 -21190.3 3351.14 -17839.1 54057.6 1.05533
1400000 0.6 301.24 -171.405 -21183.7 3369.97 -17813.8 54287.8 1.05086
1401000 0.6 299.631 -4.26875 -21241.5 3351.97 -17889.5 53823.5 1.05991
1402000 0.6 300.283 88.8441 -21255.8 3359.26 -17896.6 54196.6 1.05262
1403000 0.6 300.257 -2.87914 -21270.7 3358.97 -17911.7 54368.2 1.04929
1404000 0.6 299.23 117.072 -21166.7 3347.48 -17819.2 54106.7 1.05435
1405000 0.6 301.762 -61.9149 -21252.4 3375.8 -17876.6 54234.8 1.05187
1406000 0.6 300.22 -140.996 -21229.7 3358.56 -17871.1 54567.9 1.04546
1407000 0.6 300.451 200.057 -21226.3 3361.14 -17865.2 54319.1 1.05023
1408000 0.6 299.527 58.3745 -21269.4 3350.81 -17918.6 54516 1.04645
1409000 0.6 298.888 55.1284 -21297.8 3343.66 -17954.1 54383.7 1.04901
1410000 0.6 300.141 -73.0085 -21242.7 3357.67 -17885 54525.8 1.04626
1411000 0.6 298.177 -8.68615 -21287.3 3335.7 -17951.6 54698.1 1.04297
1412000 0.6 299.662 -147.465 -21294.5 3352.31 -17942.2 54234.9 1.05187
1413000 0.6 299.176 -92.7698 -21214.6 3346.87 -17867.7 54038.1 1.0557
1414000 0.6 298.001 -117.447 -21275 3333.73 -17941.3 54084.3 1.05482
1415000 0.6 298.907 298.649 -21197.2 3343.86 -17853.4 53960.9 1.05721
1416000 0.6 298.398 -84.2867 -21273.9 3338.17 -17935.7 54003.9 1.05637
1417000 0.6 300.157 -146.619 -21232.7 3357.85 -17874.8 54486.4 1.04701
1418000 0.6 300.511 48.2206 -21209.3 3361.81 -17847.5 53935 1.05776
1419000 0.6 300.44 -16.8469 -21223.9 3361.02 -17862.8 53931.8 1.05778
1420000 0.6 300.096 -70.9974 -21267.9 3357.17 -17910.8 54612.6 1.0446
1421000 0.6 301.661 207.776 -21261.8 3374.68 -17887.1 54337.3 1.04989
1422000 0.6 300.562 102.685 -21280.9 3362.38 -17918.5 54291 1.05078
1423000 0.6 299.307 240.213 -21290.3 3348.35 -17941.9 54097.3 1.05456
1424000 0.6 300.501 -23.892 -21247.8 3361.7 -17886.1 54296.4 1.05067
1425000 0.6 300.858 76.0723 -21243.7 3365.7 -17878 53968.1 1.05706
1426000 0.6 298.802 215.855 -21278.3 3342.69 -17935.6 54194.3 1.05267
1427000 0.6 300.187 90.2937 -21222.8 3358.19 -17864.6 54063.8 1.05522
1428000 0.6 299.702 41.972 -21234.2 3352.76 -17881.5 53958.3 1.05726
1429000 0.6 300.011 77.8962 -21305.8 3356.21 -17949.6 53830.8 1.0598
1430000 0.6 301.47 -107.107 -21267.9 3372.54 -17895.4 53845.8 1.05947
1431000 0.6 300.81 109.496 -21296.9 3365.16 -17931.7 54169.4 1.05314
1432000 0.6 298.624 -4.85029 -21249.9 3340.7 -17909.2 54021.5 1.05602
1433000 0.6 300.358 -83.7419 -21162.5 3360.1 -17802.4 53994.8 1.05654
1434000 0.6 299.419 57.4007 -21193.4 3349.59 -17843.8 54065 1.0552
1435000 0.6 300.698 -65.8124 -21212.5 3363.91 -17848.6 54547.8 1.04587
1436000 0.6 300.245 -141.62 -21244.5 3358.83 -17885.7 54144.6 1.05364
1437000 0.6 299.353 -19.8111 -21257.3 3348.86 -17908.5 54350.6 1.04963
1438000 0.6 300.027 -178.451 -21278.3 3356.4 -17921.9 54018.8 1.05608
1439000 0.6 299.134 12.0583 -21246.2 3346.4 -17899.8 54268.1 1.05123
1440000 0.6 299.324 78.6705 -21264.2 3348.53 -17915.7 54456 1.0476
1441000 0.6 299.897 121.193 -21263.3 3354.94 -17908.4 54299.5 1.05061
1442000 0.6 298.967 -175.921 -21248 3344.54 -17903.4 54233 1.05191
1443000 0.6 299.845 86.8061 -21275.2 3354.36 -17920.8 54169.3 1.0532
1444000 0.6 300.37 63.5041 -21289.5 3360.23 -17929.3 54293.4 1.05076
1445000 0.6 301.436 9.37989 -21309.8 3372.16 -17937.7 54651.7 1.04385
1446000 0.6 300.269 -29.6573 -21216.9 3359.1 -17857.8 54121.4 1.05408
1447000 0.6 300.309 -192.192 -21233.1 3359.55 -17873.5 53846.1 1.05947
1448000 0.6 299.374 -116.984 -21218.9 3349.09 -17869.8 54027.8 1.0559
1449000 0.6 298.863 5.71438 -21245.6 3343.37 -17902.2 54118.3 1.05414
1450000 0.6 300.019 64.5789 -21238.7 3356.3 -17882.4 54306 1.05051
1451000 0.6 300.743 -240.535 -21234.8 3364.4 -17870.4 54203.4 1.05249
1452000 0.6 300.518 37.093 -21209.9 3361.89 -17848 54666.6 1.04357
1453000 0.6 299.787 3.15249 -21258.7 3353.72 -17905 54315.3 1.05032
1454000 0.6 300.788 -105.57 -21274.6 3364.91 -17909.7 53900.9 1.0584
1455000 0.6 300.401 -52.6412 -21298.2 3360.58 -17937.6 53858.2 1.05922
1456000 0.6 299.76 -47.1097 -21281.8 3353.41 -17928.4 53744.3 1.06147
1457000 0.6 298.266 87.8708 -21222.4 3336.69 -17885.7 53815.9 1.06007
1458000 0.6 299.771 -88.4664 -21232 3353.53 -17878.5 54355.1 1.04955
1459000 0.6 299.319 77.4859 -21194.4 3348.48 -17845.9 54406.4 1.04855
1460000 0.6 300.744 40.372 -21181.3 3364.41 -17816.9 54390.8 1.04885
1461000 0.6 300.118 -72.8233 -21252.8 3357.41 -17895.4 54648.4 1.0439
1462000 0.6 301.035 175.284 -21248 3367.68 -17880.3 54365.9 1.04933
1463000 0.6 300.223 -12.5576 -21267.1 3358.59 -17908.5 54244.5 1.05168
1464000 0.6 298.888 2.98552 -21308.1 3343.65 -17964.5 54334.5 1.04995
1465000 0.6 301.556 -131.549 -21281.4 3373.5 -17907.9 54451.5 1.04768
1466000 0.6 299.685 101.473 -21284.4 3352.57 -17931.8 54315.8 1.05031
1467000 0.6 299.717 -8.62223 -21194.8 3352.93 -17841.8 54378.7 1.04909
1468000 0.6 299.107 120.548 -21238.2 3346.11 -17892.1 53885.5 1.05872
1469000 0.6 298.112 -134.397 -21278.4 3334.97 -17943.4 54231.2 1.05194
1470000 0.6 298.478 55.0798 -21227.5 3339.07 -17888.4 54372.6 1.04922
1471000 0.6 298.22 8.17178 -21275.4 3336.18 -17939.2 54403.5 1.04861
1472000 0.6 300.261 -16.3195 -21262.5 3359.02 -17903.5 54165.7 1.05325
1473000 0.6 299.187 37.6596 -21225 3346.99 -17878 54316 1.05032
1474000 0.6 299.23 -25.3269 -21222.4 3347.48 -17874.9 54263.7 1.05131
1475000 0.6 298.457 53.976 -21245.7 3338.83 -17906.8 54202.8 1.05249
1476000 0.6 300.25 129.894 -21173 3358.89 -17814.1 54112.8 1.05425
1477000 0.6 300.642 -74.0452 -21230.4 3363.27 -17867.2 54027.6 1.05596
1478000 0.6 299.698 -19.8554 -21214.4 3352.72 -17861.7 53918.4 1.05805
1479000 0.6 298.469 74.3467 -21170.9 3338.96 -17831.9 53922.7 1.05795
1480000 0.6 301.215 211.523 -21262.7 3369.68 -17893 54216 1.05225
1481000 0.6 298.892 51.4052 -21301.9 3343.7 -17958.2 53986.9 1.0567
1482000 0.6 298.835 60.863 -21241.6 3343.06 -17898.5 53796 1.06046
1483000 0.6 298.89 -108.608 -21207.5 3343.67 -17863.8 54229.9 1.052
1484000 0.6 299.559 27.2313 -21266.3 3351.17 -17915.1 54197.2 1.0526
1485000 0.6 299.203 90.5659 -21316.5 3347.18 -17969.4 54463 1.04746
1486000 0.6 300.956 -45.4904 -21349.9 3366.79 -17983.1 54446 1.04781
1487000 0.6 300.928 -208.902 -21302.2 3366.48 -17935.7 54174.4 1.05305
1488000 0.6 298.546 46.4905 -21256.9 3339.83 -17917 54395 1.04877
1489000 0.6 298.946 96.6956 -21263 3344.3 -17918.7 54097.8 1.05455
1490000 0.6 300.076 -58.1842 -21209.3 3356.94 -17852.4 54149.7 1.05353
1491000 0.6 298.751 -157.645 -21174.2 3342.12 -17832.1 54275.5 1.05108
1492000 0.6 299.283 76.8292 -21193.7 3348.07 -17845.6 54310.5 1.0504
1493000 0.6 300.695 47.4546 -21278.3 3363.87 -17914.4 54130.9 1.05389
1494000 0.6 298.509 19.2758 -21276.8 3339.41 -17937.4 54088.3 1.05472
1495000 0.6 299.718 -122.545 -21239.2 3352.94 -17886.2 54171.5 1.05312
1496000 0.6 298.977 -143.087 -21239.6 3344.65 -17894.9 54417.5 1.04834
1497000 0.6 302.717 -144.557 -21223.2 3386.49 -17836.7 54386.1 1.04894
1498000 0.6 298.693 8.12782 -21258.8 3341.47 -17917.3 54080.3 1.05489
1499000 0.6 299.255 -112.089 -21237.1 3347.76 -17889.3 54263.1 1.05133
1500000 0.6 298.45 45.7131 -21297.9 3338.75 -17959.2 54416.1 1.04836
1501000 0.6 299.976 149.379 -21347 3355.83 -17991.2 54303.6 1.05054
1502000 0.6 299.441 -214.492 -21324 3349.84 -17974.1 54209.1 1.05239
1503000 0.6 299.056 -24.5306 -21251.3 3345.53 -17905.7 54097.3 1.05458
1504000 0.6 301.475 -174.796 -21265.8 3372.59 -17893.2 54394.6 1.04882
1505000 0.6 299.863 -39.0827 -21246.6 3354.56 -17892.1 54541 1.04597
1506000 0.6 299.959 110.059 -21254.4 3355.64 -17898.7 54284.8 1.0509
1507000 0.6 300.694 87.7207 -21248.1 3363.86 -17884.2 54466.5 1.04739
1508000 0.6 300.191 -21.0643 -21236.9 3358.23 -17878.6 54296.8 1.0507
1509000 0.6 300.877 75.6481 -21234.8 3365.9 -17868.9 54042.6 1.05561
1510000 0.6 300.538 2.41268 -21211.5 3362.12 -17849.4 54113.4 1.05423
1511000 0.6 299.168 58.6683 -21268 3346.79 -17921.2 54193.3 1.05269
1512000 0.6 300.393 -143.79 -21259 3360.49 -17898.5 54180.6 1.05293
1513000 0.6 298.315 -85.1133 -21197.5 3337.24 -17860.2 54215.1 1.05226
1514000 0.6 300.511 123.638 -21181.4 3361.81 -17819.5 53965.3 1.05714
1515000 0.6 298.65 30.3664 -21260.6 3340.99 -17919.6 54273.4 1.05113
1516000 0.6 299.983 -27.081 -21233.3 3355.9 -17877.4 54242.1 1.05173
1517000 0.6 300.421 243.079 -21198.4 3360.8 -17837.6 54150.5 1.05351
1518000 0.6 298.264 -79.9807 -21238.6 3336.67 -17901.9 54092.4 1.05466
1519000 0.6 301.129 -62.3313 -21211.6 3368.73 -17842.9 53988.3 1.05668
1520000 0.6 302.371 52.9196 -21283.3 3382.62 -17900.7 54336.1 1.04992
1521000 0.6 300.3 -139.074 -21288.9 3359.44 -17929.5 54140.9 1.0537
1522000 0.6 299.722 165.687 -21276.3 3352.99 -17923.4 53997 1.05652
1523000 0.6 300.448 8.36753 -21216.3 3361.1 -17855.2 54353.9 1.04957
1524000 0.6 301.232 12.9395 -21238 3369.88 -17868.2 54535.7 1.04608
1525000 0.6 298.151 -136.703 -21220 3335.41 -17884.6 54158.8 1.05337
1526000 0.6 299.518 39.8771 -21193.6 3350.71 -17842.9 54308.4 1.05044
1527000 0.6 301.362 125.031 -21225.3 3371.33 -17854 54136.7 1.05378
1528000 0.6 299.289 -32.5399 -21250.6 3348.14 -17902.4 54128.2 1.05395
1529000 0.6 300.09 -188.305 -21309.7 3357.1 -17952.6 54197 1.0526
1530000 0.6 299.44 -27.2814 -21250.9 3349.83 -17901 54125.2 1.05402
1531000 0.6 299.998 225.481 -21330.6 3356.07 -17974.5 53767.3 1.06101
1532000 0.6 300.377 -314.253 -21246.6 3360.32 -17886.3 54047.3 1.05552
1533000 0.6 299.298 -124.224 -21296.6 3348.25 -17948.4 54117.4 1.05416
1534000 0.6 298.203 135.202 -21225.8 3336 -17889.8 54005.6 1.05633
1535000 0.6 300.422 -143.523 -21260.9 3360.82 -17900.1 54372.6 1.04925
1536000 0.6 300.073 160.223 -21264 3356.91 -17907.1 54358.8 1.04948
1537000 0.6 301.099 -378.468 -21238.5 3368.38 -17870.1 54232.3 1.05192
1538000 0.6 300.466 68.1462 -21231.6 3361.31 -17870.3 54423.9 1.04822
1539000 0.6 298.649 255.196 -21309.7 3340.98 -17968.8 54305.9 1.05051
1540000 0.6 298.357 -2.76733 -21316.1 3337.71 -17978.4 54135.7 1.05379
1541000 0.6 299.31 10.8278 -21302.5 3348.37 -17954.1 54041 1.05565
1542000 0.6 300.588 117.452 -21344.8 3362.67 -17982.2 54193.3 1.05268
1543000 0.6 299.497 -1.07829 -21324.9 3350.47 -17974.4 54256.8 1.05145
1544000 0.6 300.131 30.7077 -21285.7 3357.55 -17928.1 53883.9 1.05875
1545000 0.6 300.09 46.5507 -21339.5 3357.1 -17982.4 54160.9 1.05331
1546000 0.6 300.268 2.49693 -21248.2 3359.09 -17889.1 54053.5 1.05541
1547000 0.6 300.575 -154.635 -21216.7 3362.52 -17854.1 54315.1 1.05034
1548000 0.6 300.867 -162.396 -21283 3365.8 -17917.2 54051.8 1.05544
1549000 0.6 301.684 -188.529 -21279.8 3374.94 -17904.9 54594.3 1.04494
1550000 0.6 299.915 81.7912 -21242.5 3355.15 -17887.4 54367.1 1.04934
1551000 0.6 299.64 77.4758 -21241 3352.06 -17888.9 54329.5 1.05004
1552000 0.6 299.965 -104.633 -21314.5 3355.71 -17958.8 54324.4 1.05014
1553000 0.6 298.644 -55.0132 -21306.5 3340.93 -17965.6 54271.3 1.05118
1554000 0.6 299.817 -120.44 -21255 3354.05 -17901 54419.8 1.04829
1555000 0.6 300.3 77.4315 -21280.9 3359.45 -17921.4 54297.1 1.05067
1556000 0.6 301.378 -21.6873 -21183.4 3371.51 -17811.9 54189.3 1.05277
1557000 0.6 300.5 -249.949 -21220.1 3361.68 -17858.4 53944.6 1.05754
1558000 0.6 300.342 239.319 -21281.3 3359.92 -17921.3 53920.2 1.058
1559000 0.6 300.858 246.084 -21323.2 3365.69 -17957.5 54401.7 1.04867
1560000 0.6 299.99 62.2194 -21305.7 3355.98 -17949.7 54429.9 1.04811
1561000 0.6 298.9 46.2769 -21290.7 3343.79 -17947 54148 1.05357
1562000 0.6 299.604 132.905 -21248.5 3351.66 -17896.8 54245.1 1.05169
1563000 0.6 299.728 -83.8435 -21249.4 3353.05 -17896.3 54205.4 1.05246
1564000 0.6 300.797 -25.7694 -21321.9 3365.01 -17956.9 54047.7 1.05553
1565000 0.6 300.284 -158.223 -21296 3359.27 -17936.8 54161.3 1.0533
1566000 0.6 300.319 146.83 -21193.5 3359.66 -17833.9 53981.1 1.05681
1567000 0.6 302.463 -152.032 -21233.5 3383.65 -17849.8 53993.7 1.05657
1568000 0.6 299.859 -149.529 -21220.3 3354.52 -17865.7 53781.4 1.06074
1569000 0.6 300.705 17.8691 -21261.8 3363.99 -17897.8 53997.2 1.05651
1570000 0.6 300.777 -68.5003 -21282.7 3364.79 -17917.9 54026.6 1.05596
1571000 0.6 300.436 -84.741 -21169.6 3360.97 -17808.7 53718 1.06199
1572000 0.6 300.645 -45.3501 -21166.2 3363.31 -17802.9 53948.3 1.05745
1573000 0.6 301.175 -119.086 -21228.6 3369.24 -17859.4 53933.3 1.05776
1574000 0.6 298.572 190.67 -21267.5 3340.12 -17927.3 53963.9 1.05718
1575000 0.6 300.439 -79.4096 -21241.6 3361 -17880.6 53841.2 1.05957
1576000 0.6 298.102 96.7769 -21296.9 3334.86 -17962 53773.4 1.06093
1577000 0.6 301.48 130.456 -21249.7 3372.65 -17877.1 54305.4 1.05051
1578000 0.6 300.694 97.3505 -21241.8 3363.86 -17877.9 54113.3 1.05424
1579000 0.6 300.739 89.7807 -21188.6 3364.36 -17824.3 54351.1 1.04963
1580000 0.6 299.64 -35.9169 -21174.8 3352.07 -17822.8 54828.8 1.04048
1581000 0.6 301.322 174.095 -21252.2 3370.89 -17881.3 54810.7 1.04081
1582000 0.6 300.838 -23.7525 -21243.8 3365.47 -17878.3 54509.9 1.04657
1583000 0.6 301.101 52.5706 -21214.5 3368.41 -17846.1 54225.6 1.05205
1584000 0.6 298.863 -62.8243 -21267.5 3343.37 -17924.1 54005.7 1.05633
1585000 0.6 299.386 16.058 -21279.5 3349.23 -17930.2 54374.7 1.04917
1586000 0.6 299.175 -66.7261 -21286.6 3346.87 -17939.7 54122 1.05406
1587000 0.6 301.423 -82.2917 -21288.4 3372.01 -17916.4 54270 1.05118
1588000 0.6 299.111 278.901 -21285.1 3346.15 -17938.9 54222.7 1.05213
1589000 0.6 300.175 53.6076 -21327.8 3358.05 -17969.7 54331.8 1.04999
1590000 0.6 300.341 -183.198 -21262.4 3359.91 -17902.5 54404.8 1.0486
1591000 0.6 300.619 -55.7431 -21251.7 3363.02 -17888.7 54178 1.053
1592000 0.6 300.056 117.154 -21269 3356.72 -17912.3 54182.7 1.05289
1593000 0.6 301.101 -38.5664 -21267.9 3368.41 -17899.5 54379.6 1.04907
1594000 0.6 301.738 40.8653 -21267.2 3375.54 -17891.7 54377.5 1.04912
1595000 0.6 298.969 -138.037 -21253.4 3344.56 -17908.8 54054.1 1.05541
1596000 0.6 301.326 154.566 -21270.7 3370.93 -17899.8 54084.3 1.0548
1597000 0.6 300.086 21.8183 -21276.9 3357.05 -17919.8 54161 1.05332
1598000 0.6 299.941 -166.513 -21215.6 3355.43 -17860.1 54505 1.04668
1599000 0.6 300.374 257.808 -21222.8 3360.27 -17862.6 54287.6 1.05085
1600000 0.6 298.969 184.985 -21260.1 3344.57 -17915.5 54274.8 1.05111
